2 0.76904 0.205075 0.27832 0.12891
2 0.71533 0.253905 0.43262 0.29686999999999997
2 0.69092 0.176755 0.48144000000000003 0.08789
2 0.825685 0.12744 0.18846999999999992 0.10254
2 0.9272450000000001 0.491215 0.06347000000000003 0.88867
2 0.875975 0.191405 0.09961000000000009 0.23436999999999997
1 0.45947000000000005 0.54687 0.62402 0.6875
2 0.7255849999999999 0.3125 0.33007 0.30467999999999995
5 0.706545 0.311035 0.52051 0.5244099999999999
4 0.7397499999999999 0.378415 0.10253999999999996 0.2919900000000001
7 0.888675 0.32959 0.019530000000000047 0.35839999999999994
7 0.8237300000000001 0.22802499999999998 0.15332 0.21777
2 0.59131 0.07031 0.74316 0.0
