2 0.39794999999999997 0.45215 0.35644 0.03320000000000001
2 0.47753999999999996 0.22655999999999998 0.81836 0.08593999999999999
2 0.58301 0.155275 0.69336 0.06054999999999999
2 0.6606449999999999 0.299315 0.29981 0.15722999999999998
2 0.90723 0.480955 0.056640000000000024 0.64551
2 0.836425 0.521485 0.04981000000000002 0.82421
2 0.73779 0.422365 0.3798800000000001 0.72363
2 0.802735 0.40869 0.14453000000000005 0.68848
2 0.813965 0.432615 0.19628999999999996 0.74023
2 0.7094750000000001 0.396485 0.38964999999999994 0.66797
2 0.704105 0.51709 0.18945 0.3291
2 0.614745 0.36768 0.6884700000000001 0.6533199999999999
2 0.5717800000000001 0.382325 0.7666000000000001 0.66699
2 0.490235 0.40282999999999997 0.91797 0.71582
