1 0.26075 0.56928 0.4533 0.5769199999999999
5 0.4722 0.37975000000000003 0.8154199999999999 0.44254
5 0.51223 0.41403999999999996 0.8421 0.69648
5 0.75334 0.448795 0.36138000000000003 0.7474500000000001
5 0.755745 0.452735 0.40845 0.8202100000000001
5 0.65178 0.46477999999999997 0.57636 0.82576
5 0.53095 0.10704 0.87732 0.14736
5 0.508155 0.5108900000000001 0.36991 0.43790000000000007
5 0.533175 0.5157550000000001 0.80171 0.8832300000000001
0 0.74685 0.166125 0.45589999999999997 0.25997
0 0.779655 0.16103 0.39176999999999995 0.24236000000000002
0 0.70756 0.14759 0.52854 0.22660000000000002
0 0.702925 0.07252 0.5422499999999999 0.07275999999999999
0 0.76779 0.096155 0.4155 0.10889000000000001
0 0.8632299999999999 0.028265 0.22905999999999993 0.0009300000000000003
0 0.7457400000000001 0.120485 0.46997999999999995 0.17053
0 0.7833600000000001 0.095225 0.37546 0.13299
0 0.93699 0.158945 0.07857999999999998 0.25487000000000004
5 0.36045000000000005 0.6431899999999999 0.14492 0.12234
5 0.478315 0.302595 0.72165 0.12510999999999997
5 0.807265 0.37905500000000003 0.07413000000000003 0.10564999999999997
4 0.27371999999999996 0.39458000000000004 0.47331999999999996 0.2507
