2 0.6333 0.31396500000000005 0.667 0.48339000000000004
2 0.538575 0.327635 0.7314499999999999 0.40137
2 0.598145 0.394045 0.65137 0.54199
2 0.598635 0.49121499999999996 0.49023 0.72461
2 0.65332 0.52344 0.35742000000000007 0.82812
1 0.46338 0.516605 0.69434 0.77539
4 0.783695 0.36426000000000003 0.07128999999999996 0.03319999999999995
0 0.890135 0.503905 0.1376900000000001 0.96875
0 0.6762699999999999 0.517575 0.47168 0.8710899999999999
0 0.64551 0.47021500000000005 0.5918 0.79589
0 0.639645 0.29883 0.6738299999999999 0.5117200000000001
0 0.609865 0.373535 0.7060500000000001 0.6572300000000001
