7 0.773435 0.22754000000000002 0.21875 0.18946
7 0.86084 0.181155 0.1259800000000001 0.16308999999999998
7 0.58154 0.605955 0.22168 0.34863
7 0.401855 0.56055 0.37207 0.61328
0 0.84131 0.146485 0.27442 0.25391
0 0.83301 0.15429500000000002 0.30274 0.27735
0 0.80371 0.16552999999999998 0.31445999999999996 0.2334
0 0.9082 0.134275 0.16016000000000008 0.21777
0 0.87012 0.18358999999999998 0.22852000000000006 0.3125
2 0.884765 0.14404 0.18359000000000003 0.24512
2 0.84131 0.18115499999999998 0.27442 0.28809
5 0.751465 0.083985 0.4541099999999999 0.10547000000000001
4 0.77637 0.330565 0.03320000000000001 0.31347
