0 0.878055 0.16682 0.17569 0.09267999999999998
0 0.8649 0.159175 0.22127999999999992 0.25347
0 0.89122 0.16937 0.17754000000000003 0.28128000000000003
0 0.866015 0.17979499999999998 0.19533 0.30399
0 0.839885 0.140175 0.23425000000000007 0.14133
0 0.78966 0.09059500000000001 0.15234000000000003 0.028270000000000003
0 0.8295 0.187905 0.25204000000000004 0.22197
0 0.825055 0.183965 0.30540999999999996 0.28637
0 0.8202400000000001 0.22404999999999997 0.30911999999999995 0.33504
0 0.82228 0.250925 0.31542000000000003 0.44069
0 0.812265 0.2924 0.32357 0.46246000000000004
0 0.79448 0.28545 0.33840000000000003 0.26692000000000005
0 0.885845 0.25788 0.17791 0.43976000000000004
0 0.8806499999999999 0.361675 0.10526000000000002 0.47683000000000003
0 0.9384699999999999 0.38346 0.07857999999999998 0.70204
0 0.9521850000000001 0.396895 0.039289999999999936 0.7363299999999999
0 0.95608 0.42632000000000003 0.047819999999999974 0.7785
0 0.98036 0.39736000000000005 0.0007399999999999629 0.7076
0 0.916235 0.38809 0.12009000000000003 0.7001799999999999
0 0.911415 0.43026000000000003 0.09414999999999996 0.75486
0 0.8851 0.44277 0.12602000000000002 0.69462
0 0.861005 0.516685 0.09711000000000003 0.79611
0 0.849145 0.47752500000000003 0.21275 0.89389
0 0.844885 0.512515 0.18717000000000006 0.90269
0 0.79133 0.508575 0.3106 0.9003699999999999
0 0.75945 0.517145 0.3447 0.84523
0 0.8233900000000001 0.37303000000000003 0.2954 0.67192
0 0.84192 0.442535 0.2672399999999999 0.7553300000000001
0 0.80856 0.455745 0.30134000000000005 0.72057
0 0.816345 0.34291 0.30949000000000004 0.6079800000000001
0 0.676055 0.259965 0.51149 0.22335000000000002
0 0.63028 0.191145 0.69348 0.32113
0 0.5808 0.279885 0.62788 0.27432999999999996
0 0.655115 0.32205500000000004 0.64975 0.56997
0 0.72016 0.34917000000000004 0.5151999999999999 0.6038
0 0.701445 0.34892999999999996 0.54819 0.59036
0 0.61156 0.15431 0.74722 0.25671999999999995
0 0.58525 0.19231 0.7791 0.28082
0 0.544845 0.24861 0.81245 0.28036000000000005
0 0.5189 0.29472 0.87324 0.39666
0 0.498145 0.223355 0.96219 0.32066999999999996
0 0.48258 0.16079500000000002 0.8688 0.062090000000000006
0 0.56134 0.059545 0.84322 0.06163
5 0.616015 0.07553 0.48924999999999996 0.04912
4 0.7053400000000001 0.130215 0.5152 0.11585000000000001
7 0.60804 0.097315 0.45330000000000004 0.04263
7 0.5552250000000001 0.30329 0.56635 0.12280000000000002
7 0.64344 0.29958 0.47293999999999997 0.20806000000000002
0 0.583395 0.33063000000000003 0.7561100000000001 0.58526
0 0.5937749999999999 0.36909000000000003 0.77391 0.6696
0 0.8749100000000001 0.26691 0.15678000000000003 0.43744
5 0.9816549999999999 0.124885 0.012230000000000074 0.17007
5 0.735545 0.343835 0.48591000000000006 0.6209499999999999
5 0.880835 0.10055499999999999 0.18642999999999998 0.14551
5 0.84507 0.08387499999999999 0.25648000000000004 0.10843
5 0.55782 0.0607 0.83692 0.05467999999999999
5 0.49518 0.22775499999999999 0.95626 0.30537000000000003
5 0.5063 0.234705 0.95182 0.40825
5 0.51779 0.29912 0.87546 0.38878
5 0.57765 0.33712000000000003 0.7513000000000001 0.56858
0 0.98184 0.420995 0.008160000000000056 0.77711
0 0.67643 0.1038 0.6086 0.17424
0 0.989805 0.11469 0.0018500000000000183 0.19046
0 0.7427699999999999 0.34013000000000004 0.49666 0.63578
0 0.7794650000000001 0.33573 0.41140999999999994 0.63994
0 0.78762 0.120945 0.404 0.18999
0 0.804115 0.017145 0.35175 0.01019
0 0.84433 0.009965 0.24609999999999999 0.00417
0 0.762785 0.12697 0.21349000000000007 0.06488
0 0.7802100000000001 0.100785 0.40103999999999995 0.16265
5 0.748335 0.40431000000000006 0.42921 0.68072
5 0.73666 0.39527 0.47775999999999996 0.7052799999999999
