0 0.935135 0.44787 0.04966999999999999 0.7678400000000001
0 0.904375 0.493975 0.06374999999999997 0.8952699999999999
0 0.97628 0.412885 0.008900000000000019 0.76645
0 0.962375 0.440915 0.00036999999999998145 0.8095500000000001
0 0.9922150000000001 0.42215 0.005189999999999917 0.7034199999999999
0 0.946995 0.38902000000000003 0.01705000000000001 0.70204
0 0.768905 0.504405 0.41623 0.96617
0 0.585615 0.16265 0.76353 0.20295999999999997
0 0.671055 0.29935 0.48443 0.45042000000000004
0 0.515195 0.52757 0.56041 0.82716
0 0.5441050000000001 0.491425 0.67457 0.7140899999999999
0 0.5529999999999999 0.3911 0.8258 0.6635800000000001
0 0.57172 0.39943999999999996 0.8017000000000001 0.72104
5 0.772795 0.446015 0.41289 0.8197500000000001
5 0.816345 0.10658000000000001 0.32135 0.15014
5 0.7779849999999999 0.09731 0.39954999999999996 0.14271999999999999
5 0.953485 0.104495 0.03817000000000004 0.14040999999999998
5 0.8093049999999999 0.095925 0.32357 0.10286999999999999
0 0.893625 0.05167 0.19494999999999996 0.07923999999999999
0 0.88288 0.06928000000000001 0.19569999999999999 0.0848
0 0.823385 0.09430000000000001 0.33394999999999997 0.1645
1 0.47424 0.535685 0.46886000000000005 0.7636700000000001
5 0.8667549999999999 0.08781 0.12861 0.0004599999999999882
