2 0.2490234375 0.5400390625 0.365234375 0.689453125
2 0.29296875 0.50244140625 0.484375 0.7978515625
2 0.3740234375 0.501953125 0.544921875 0.74609375
2 0.076171875 0.25 0.04296875 0.2734375
2 0.17724609375 0.40771484375 0.2099609375 0.6943359375
2 0.17724609375 0.4541015625 0.2568359375 0.791015625
2 0.2646484375 0.341796875 0.419921875 0.59765625
2 0.0751953125 0.2607421875 0.064453125 0.443359375
5 0.3857421875 0.220703125 0.107421875 0.07421875
5 0.4873046875 0.32470703125 0.623046875 0.3251953125
5 0.154296875 0.5419921875 0.02734375 0.623046875
5 0.10791015625 0.3837890625 0.0537109375 0.556640625
5 0.4833984375 0.55029296875 0.638671875 0.6123046875
2 0.2578125 0.119140625 0.3984375 0.01953125
2 0.380859375 0.11865234375 0.65234375 0.1005859375
2 0.20703125 0.05126953125 0.328125 0.0341796875
2 0.34765625 0.2998046875 0.609375 0.466796875
5 0.32080078125 0.2392578125 0.5908203125 0.423828125
2 0.2998046875 0.07080078125 0.451171875 0.0205078125
5 0.2890625 0.09423828125 0.515625 0.0986328125
2 0.38623046875 0.205078125 0.1123046875 0.08984375
2 0.236328125 0.10400390625 0.36328125 0.0478515625
2 0.083984375 0.2451171875 0.08984375 0.333984375
2 0.03955078125 0.26611328125 0.0283203125 0.4736328125
2 0.107421875 0.42138671875 0.16796875 0.7841796875
2 0.12060546875 0.4482421875 0.1904296875 0.826171875
2 0.10693359375 0.45556640625 0.1552734375 0.8681640625
2 0.1123046875 0.484375 0.162109375 0.90625
2 0.07568359375 0.400390625 0.1005859375 0.75390625
2 0.25634765625 0.29736328125 0.4697265625 0.5439453125
0 0.2333984375 0.4404296875 0.396484375 0.802734375
0 0.22021484375 0.47802734375 0.3896484375 0.8974609375
0 0.27978515625 0.47900390625 0.5087890625 0.8681640625
0 0.236328125 0.0185546875 0.37890625 0.009765625
0 0.23779296875 0.10107421875 0.4248046875 0.0029296875
0 0.44287109375 0.2568359375 0.8583984375 0.482421875
