4 0.5732023721275019 0.4580630213160334 0.34951816160118604 0.2905468025949953
4 0.24814677538917718 0.12001853568118628 0.36730911786508524 0.06580166821130679
5 0.6625277983691623 0.6232622798887859 0.010748702742772398 0.21594068582020398
5 0.4381022979985174 0.4617701575532901 0.6805040770941437 0.7326227988878591
5 0.2916975537435137 0.4006024096385542 0.4825796886582654 0.7029657089898054
5 0.3059673832468495 0.4045412418906395 0.5244625648628615 0.7089898053753475
5 0.3135656041512231 0.4411492122335496 0.48480355819125276 0.7488415199258572
5 0.28354336545589326 0.497451343836886 0.38621200889547813 0.870713623725672
5 0.4855448480355819 0.38322520852641334 0.7190511489992587 0.5403151065801669
5 0.5135285396590067 0.3908711770157553 0.8624907338769459 0.5018535681186284
5 0.5179762787249814 0.49930491195551435 0.7646404744255004 0.6112140871177015
0 0.4395848776871757 0.12071362372567193 0.8228317272053374 0.14318813716404077
1 0.5355819125277983 0.535681186283596 0.26760563380281693 0.7747914735866543
