4 0.37212500000000004 0.36579 0.21078999999999998 0.06423999999999996
0 0.86988 0.109315 0.15833999999999993 0.13695000000000002
0 0.6501 0.0996 0.39409999999999995 0.03585999999999999
0 0.716785 0.09736 0.5064899999999999 0.14492
0 0.9028499999999999 0.051795 0.06043999999999994 0.02391
0 0.77622 0.02241 0.39959999999999996 0.00896
0 0.7659849999999999 0.039345 0.41408999999999996 0.022909999999999996
0 0.726775 0.030625 0.47053 0.011450000000000002
0 0.69955 0.043575 0.52698 0.029390000000000003
0 0.67957 0.01992 0.5789199999999999 0.0
0 0.67732 0.038345 0.57742 0.028889999999999996
0 0.66933 0.045564999999999994 0.6013999999999999 0.05329
0 0.6476 0.074455 0.62288 0.003490000000000007
0 0.6004 0.080925 0.5913999999999999 0.07619000000000001
0 0.666835 0.09337500000000001 0.61439 0.14093
0 0.646355 0.09412000000000001 0.66733 0.14442
0 0.642605 0.10732 0.66483 0.16484
0 0.62912 0.09237999999999999 0.6878199999999999 0.13894
0 0.62512 0.10682 0.6998 0.15986
0 0.60864 0.12151500000000001 0.72078 0.14343
0 0.5896600000000001 0.110805 0.7507400000000001 0.13595
0 0.9772749999999999 0.33989 0.008489999999999998 0.5742
0 0.784215 0.48556 0.17582999999999993 0.87948
0 0.91259 0.443475 0.07891999999999999 0.81723
0 0.913335 0.49278 0.11138999999999999 0.9238
0 0.9195800000000001 0.50025 0.11287999999999998 0.94672
0 0.8161849999999999 0.35208999999999996 0.3036899999999999 0.6484
2 0.72353 0.253485 0.31918 0.33565
2 0.8007 0.274405 0.33865999999999996 0.47709
2 0.57193 0.436505 0.7003 0.63197
2 0.522725 0.323455 0.90859 0.60109
2 0.48901 0.36279999999999996 0.85814 0.624
2 0.50974 0.453435 0.9026 0.79333
2 0.5477 0.451195 0.81468 0.84263
2 0.497005 0.51693 0.67433 0.8904399999999999
2 0.68506 0.463395 0.5599400000000001 0.8769899999999999
2 0.6346149999999999 0.496765 0.6688299999999999 0.9516899999999999
2 0.742755 0.50174 0.46653 0.9656399999999999
2 0.785465 0.46464 0.37112999999999996 0.86952
2 0.7789699999999999 0.490535 0.16034000000000004 0.8735099999999999
2 0.891605 0.503735 0.12887000000000004 0.96563
0 0.982515 0.37301 0.008990000000000054 0.63048
0 0.903095 0.38048 0.14585000000000004 0.63346
0 0.925325 0.38645500000000005 0.07543 0.69721
1 0.8269249999999999 0.332915 0.11138999999999999 0.25747
1 0.633615 0.11753 0.39110999999999996 0.003979999999999997
6 0.8321700000000001 0.46265 0.10389999999999999 0.4233
