1 0.539845 0.563195 0.19323 0.6060099999999999
4 0.7033849999999999 0.34375 0.03907000000000005 0.22916
4 0.81836 0.626155 0.11224 0.19860999999999995
4 0.538805 0.131715 0.36823 0.08657
4 0.5388 0.324075 0.6349 0.02593000000000001
0 0.896485 0.3375 0.17057 0.61944
0 0.85755 0.46551000000000003 0.23697999999999997 0.84028
0 0.85104 0.462035 0.26458000000000004 0.86111
0 0.857945 0.305785 0.24348999999999998 0.55417
0 0.851045 0.255325 0.25625 0.44583
0 0.85833 0.20625 0.22499999999999998 0.34768
0 0.8843749999999999 0.21713 0.18959000000000004 0.36760000000000004
0 0.8349 0.21157499999999999 0.28854 0.36389
0 0.62552 0.30903 0.71146 0.5125
0 0.717055 0.18773 0.5294300000000001 0.31806
0 0.725 0.21041500000000002 0.5125 0.35231
