0 0.809315 0.200955 0.31505000000000005 0.33107
0 0.909435 0.21594000000000002 0.09949000000000008 0.35014
0 0.8654299999999999 0.280655 0.1926 0.47411000000000003
0 0.85459 0.28951 0.25 0.52998
0 0.79337 0.320165 0.25 0.55313
0 0.816325 0.336515 0.22448999999999997 0.56403
0 0.892855 0.33992 0.16326999999999992 0.5763
0 0.86033 0.38283500000000004 0.15178000000000003 0.66757
0 0.8973249999999999 0.42098 0.08801000000000003 0.76566
0 0.8182400000000001 0.356265 0.2972 0.6525899999999999
0 0.70918 0.38965 0.29591999999999996 0.6703
0 0.7799750000000001 0.34673000000000004 0.39413 0.65532
0 0.7818849999999999 0.276565 0.3443900000000001 0.41145
0 0.7506349999999999 0.2173 0.45281000000000005 0.38556
0 0.767855 0.22683999999999999 0.4132699999999999 0.39374
0 0.746815 0.239785 0.44005000000000005 0.40326999999999996
0 0.694515 0.19959 0.47320999999999996 0.30654000000000003
1 0.44706500000000005 0.70232 0.62117 0.41008000000000006
3 0.575895 0.19823000000000002 0.25127 0.09946000000000002
