0 0.623535 0.33203 0.67871 0.4218799999999999
0 0.49365000000000003 0.115235 0.87598 0.05858999999999999
0 0.680175 0.052735000000000004 0.55761 0.011710000000000005
0 0.509765 0.48828 0.85547 0.82032
0 0.666995 0.51074 0.6113299999999999 0.91992
0 0.497075 0.36182 0.9746100000000001 0.54004
2 0.615725 0.5063449999999999 0.66309 0.94629
2 0.55957 0.20507999999999998 0.7870999999999999 0.33984000000000003
0 0.9765649999999999 0.43066499999999996 0.007809999999999984 0.77539
4 0.53467 0.646975 0.2998 0.09277000000000002
0 0.60986 0.47558500000000004 0.62012 0.84179
