5 0.556640625 0.26611328125 0.53515625 0.0439453125
5 0.4482421875 0.4365234375 0.794921875 0.708984375
5 0.45947265625 0.49951171875 0.7978515625 0.8154296875
5 0.35400390625 0.4912109375 0.6103515625 0.865234375
5 0.220703125 0.50634765625 0.35546875 0.9150390625
5 0.32373046875 0.462890625 0.5341796875 0.77734375
5 0.10546875 0.30615234375 0.09375 0.5380859375
5 0.08056640625 0.34033203125 0.0302734375 0.5361328125
5 0.517578125 0.13134765625 0.80078125 0.0634765625
5 0.50634765625 0.41259765625 0.9541015625 0.7041015625
5 0.171875 0.4208984375 0.28125 0.779296875
5 0.21044921875 0.42822265625 0.3544921875 0.7822265625
5 0.29833984375 0.41162109375 0.5224609375 0.7490234375
5 0.314453125 0.37890625 0.57421875 0.71875
5 0.38330078125 0.39306640625 0.6923828125 0.7119140625
5 0.4287109375 0.375 0.787109375 0.703125
5 0.49169921875 0.3408203125 0.9326171875 0.634765625
5 0.52001953125 0.2744140625 0.8642578125 0.345703125
4 0.30517578125 0.2021484375 0.3798828125 0.287109375
