2 0.1640625 0.1357421875 0.2578125 0.216796875
2 0.17138671875 0.158203125 0.2685546875 0.26171875
2 0.15185546875 0.17041015625 0.1826171875 0.2275390625
2 0.47900390625 0.14501953125 0.8369140625 0.0517578125
0 0.21484375 0.4189453125 0.3359375 0.767578125
0 0.08154296875 0.48046875 0.0263671875 0.875
2 0.08837890625 0.49755859375 0.1103515625 0.9443359375
2 0.0517578125 0.45947265625 0.017578125 0.8291015625
1 0.55322265625 0.5537109375 0.6572265625 0.662109375
7 0.39208984375 0.46728515625 0.0634765625 0.1181640625
7 0.33642578125 0.5439453125 0.0751953125 0.712890625
7 0.35205078125 0.341796875 0.5439453125 0.51953125
7 0.26318359375 0.17236328125 0.4208984375 0.2548828125
7 0.32275390625 0.28662109375 0.5478515625 0.4208984375
