5 0.57568359375 0.20166015625 0.4755859375 0.0302734375
5 0.50146484375 0.29833984375 0.6708984375 0.3115234375
5 0.32080078125 0.55517578125 0.3720703125 0.6220703125
5 0.14111328125 0.38623046875 0.1689453125 0.6123046875
4 0.46044921875 0.37158203125 0.0595703125 0.0048828125
1 0.55029296875 0.54052734375 0.5888671875 0.6943359375
5 0.32568359375 0.41943359375 0.5849609375 0.7412109375
5 0.5009765625 0.34130859375 0.908203125 0.4990234375
5 0.484375 0.2314453125 0.921875 0.400390625
5 0.4912109375 0.2109375 0.935546875 0.375
2 0.416015625 0.2412109375 0.79296875 0.435546875
2 0.4541015625 0.26123046875 0.861328125 0.4716796875
2 0.44677734375 0.0556640625 0.8349609375 0.072265625
2 0.462890625 0.0673828125 0.87890625 0.087890625
2 0.3046875 0.3203125 0.5546875 0.5859375
2 0.31884765625 0.36279296875 0.5322265625 0.6201171875
2 0.13525390625 0.38427734375 0.1806640625 0.6240234375
2 0.29736328125 0.55517578125 0.4501953125 0.6220703125
2 0.2607421875 0.537109375 0.435546875 0.72265625
2 0.48876953125 0.2978515625 0.9267578125 0.533203125
