2 0.25927734375 0.1474609375 0.2255859375 0.017578125
2 0.408203125 0.4990234375 0.56640625 0.646484375
2 0.07421875 0.443359375 0.046875 0.55078125
2 0.26025390625 0.3740234375 0.4150390625 0.513671875
2 0.4453125 0.02392578125 0.5859375 0.0107421875
2 0.25927734375 0.1689453125 0.3662109375 0.251953125
2 0.28564453125 0.26318359375 0.3486328125 0.3896484375
5 0.3515625 0.07470703125 0.59375 0.0595703125
5 0.2568359375 0.38818359375 0.443359375 0.6708984375
5 0.11865234375 0.35546875 0.1943359375 0.6640625
5 0.1279296875 0.33837890625 0.216796875 0.6337890625
5 0.140625 0.31884765625 0.2578125 0.6025390625
5 0.244140625 0.41943359375 0.44140625 0.7333984375
5 0.25341796875 0.4453125 0.4482421875 0.8125
5 0.24267578125 0.46875 0.4267578125 0.8828125
5 0.27197265625 0.4716796875 0.4541015625 0.857421875
2 0.53125 0.35400390625 0.78125 0.3681640625
2 0.45751953125 0.36376953125 0.8251953125 0.5908203125
2 0.31103515625 0.1962890625 0.5400390625 0.275390625
5 0.25439453125 0.49267578125 0.4580078125 0.9189453125
5 0.443359375 0.5087890625 0.78515625 0.923828125
