4 0.718495 0.40315 0.17382999999999993 0.25764000000000004
0 0.57005 0.33874000000000004 0.80652 0.5885
0 0.555785 0.38508 0.79207 0.633
0 0.5613400000000001 0.29495 0.8343200000000001 0.53614
0 0.529285 0.33781500000000003 0.86731 0.57553
5 0.49648 0.36306499999999997 0.9166 0.57229
0 0.9533 0.40871 0.04300000000000004 0.77294
0 0.9343950000000001 0.50116 0.05410999999999999 0.75208
0 0.9173450000000001 0.488645 0.10006999999999999 0.9087099999999999
0 0.883615 0.12257000000000001 0.20311 0.20992
0 0.89696 0.05329 0.17642000000000002 0.06949999999999999
0 0.8884350000000001 0.060469999999999996 0.20237000000000005 0.09314
0 0.875835 0.097085 0.22460999999999998 0.16265000000000002
0 0.92624 0.338045 0.12971999999999995 0.65199
4 0.92198 0.32576499999999997 0.08340000000000003 0.50325
1 0.46052499999999996 0.560475 0.29466999999999993 0.6297499999999999
