2 0.667485 0.20215 0.37206999999999996 0.009759999999999991
2 0.730955 0.24414000000000002 0.14355000000000007 0.22266
2 0.89307 0.48388499999999995 0.022460000000000035 0.81543
2 0.819825 0.50879 0.16895000000000004 0.91602
5 0.65674 0.30322000000000005 0.62012 0.50098
5 0.601565 0.47852 0.73437 0.8867200000000001
2 0.961425 0.44678 0.020510000000000028 0.77246
2 0.676755 0.254395 0.17772999999999994 0.12793
2 0.871095 0.44872999999999996 0.02342999999999995 0.3545
2 0.67676 0.4043 0.4668 0.5351600000000001
2 0.651855 0.328125 0.6376900000000001 0.5234300000000001
