2 0.665525 0.083495 0.58691 0.06933
2 0.62305 0.08643 0.6523399999999999 0.09082000000000001
2 0.705075 0.09375 0.49609 0.08594000000000002
2 0.72803 0.06885 0.45410000000000006 0.006839999999999999
2 0.620115 0.23584000000000002 0.67383 0.3584
0 0.586915 0.17822500000000002 0.72461 0.21973
0 0.833985 0.47168 0.23046999999999995 0.7636799999999999
0 0.879885 0.456545 0.13866999999999996 0.79199
0 0.92676 0.39648500000000003 0.08398000000000005 0.69141
0 0.92627 0.44775499999999996 0.07323999999999997 0.80567
2 0.8886700000000001 0.06494 0.13672000000000006 0.016599999999999997
2 0.9199200000000001 0.10254 0.03515999999999997 0.02148
2 0.959475 0.28662 0.024410000000000043 0.38184
0 0.96875 0.399415 0.015619999999999967 0.70507
2 0.59424 0.14746 0.7373000000000001 0.24804
1 0.444335 0.538575 0.64257 0.73731
3 0.2583 0.7412099999999999 0.48926 0.47851999999999995
