5 0.46387 0.25293 0.74414 0.013679999999999998
5 0.528805 0.23779499999999998 0.6337900000000001 0.15136999999999998
2 0.57373 0.198245 0.25487999999999994 0.013670000000000015
4 0.648435 0.25049 0.30469000000000007 0.20020000000000002
5 0.9394549999999999 0.335935 0.003909999999999969 0.59375
5 0.679685 0.28906499999999996 0.5703100000000001 0.49218999999999996
5 0.6167 0.315915 0.708 0.56543
5 0.55566 0.38086 0.81836 0.6914
5 0.53223 0.401365 0.88086 0.74805
5 0.6259750000000001 0.473635 0.66211 0.87695
5 0.67627 0.38525 0.5810599999999999 0.7275400000000001
5 0.9667950000000001 0.140625 0.019529999999999936 0.22657000000000002
2 0.646485 0.219725 0.19140999999999997 0.23633000000000004
2 0.5 0.126465 0.92188 0.10059
2 0.53125 0.117675 0.875 0.11425000000000002
2 0.5 0.22168 0.95312 0.13085999999999998
2 0.5449200000000001 0.154785 0.83984 0.15722999999999998
5 0.700195 0.07665999999999999 0.5527299999999999 0.10253999999999999
5 0.66113 0.07959 0.63086 0.11621999999999999
5 0.7226549999999999 0.129885 0.51563 0.21289000000000002
5 0.672365 0.15185500000000002 0.5810500000000001 0.19043000000000002
