1 0.496585 0.517575 0.81543 0.79297
2 0.892575 0.215335 0.04296999999999995 0.04199
2 0.5083 0.39502 0.84668 0.41894
2 0.538575 0.19824 0.80957 0.25586000000000003
2 0.588865 0.10400000000000001 0.29883000000000004 0.04590000000000001
2 0.94336 0.48584000000000005 0.02734000000000003 0.30372000000000005
2 0.65332 0.510255 0.56836 0.90723
2 0.823245 0.188475 0.23632999999999993 0.19726999999999997
3 0.36084000000000005 0.66748 0.36622000000000005 0.30176000000000003
2 0.8613299999999999 0.10059 0.09765999999999997 0.056639999999999996
2 0.9599599999999999 0.1958 0.021480000000000055 0.09864
2 0.7231449999999999 0.09473000000000001 0.37793 0.08008
2 0.60547 0.075685 0.5625 0.03223000000000001
0 0.50586 0.41259999999999997 0.9336 0.75098
2 0.792965 0.31494500000000003 0.28125 0.54785
2 0.825685 0.29248 0.27441000000000004 0.47168
2 0.9130849999999999 0.50537 0.009769999999999945 0.7724599999999999
