0 0.48193359375 0.4306640625 0.8818359375 0.736328125
0 0.486328125 0.447265625 0.89453125 0.80859375
0 0.302734375 0.14501953125 0.47265625 0.1455078125
0 0.30859375 0.18603515625 0.515625 0.2744140625
0 0.4658203125 0.14794921875 0.798828125 0.1669921875
5 0.24365234375 0.47705078125 0.3818359375 0.8642578125
7 0.5283203125 0.35302734375 0.275390625 0.0791015625
7 0.45654296875 0.34521484375 0.5107421875 0.4599609375
7 0.39404296875 0.1455078125 0.2373046875 0.021484375
0 0.3203125 0.36474609375 0.59375 0.6552734375
0 0.29345703125 0.30810546875 0.4345703125 0.5263671875
0 0.29736328125 0.28369140625 0.4580078125 0.4619140625
0 0.48046875 0.3056640625 0.859375 0.494140625
0 0.47607421875 0.201171875 0.8466796875 0.22265625
0 0.4501953125 0.19970703125 0.845703125 0.3642578125
0 0.48876953125 0.16064453125 0.9345703125 0.2861328125
4 0.3740234375 0.51171875 0.033203125 0.5546875
1 0.07275390625 0.126953125 0.0458984375 0.02734375
1 0.20849609375 0.05810546875 0.0927734375 0.0361328125
0 0.20947265625 0.3916015625 0.3759765625 0.728515625
0 0.2197265625 0.37158203125 0.400390625 0.7001953125
