2 0.47607421875 0.080078125 0.8779296875 0.03515625
2 0.04931640625 0.12646484375 0.0146484375 0.0927734375
2 0.0791015625 0.1171875 0.064453125 0.1484375
2 0.07666015625 0.142578125 0.0634765625 0.19140625
2 0.10693359375 0.13671875 0.1162109375 0.1484375
2 0.1318359375 0.134765625 0.185546875 0.15234375
2 0.15625 0.47900390625 0.171875 0.8369140625
2 0.20947265625 0.49853515625 0.2587890625 0.8056640625
2 0.279296875 0.4931640625 0.43359375 0.884765625
2 0.13037109375 0.05078125 0.1708984375 0.03125
2 0.095703125 0.04443359375 0.10546875 0.0166015625
2 0.21142578125 0.0615234375 0.3486328125 0.029296875
1 0.53125 0.54736328125 0.578125 0.7001953125
3 0.630859375 0.59326171875 0.19140625 0.4091796875
5 0.34814453125 0.11181640625 0.6064453125 0.1494140625
4 0.31640625 0.41845703125 0.046875 0.1298828125
