4 0.41552734375 0.48046875 0.0478515625 0.109375
5 0.4716796875 0.1962890625 0.419921875 0.119140625
5 0.4833984375 0.10546875 0.771484375 0.0859375
5 0.50927734375 0.1728515625 0.9052734375 0.166015625
5 0.470703125 0.1953125 0.78515625 0.15625
5 0.43701171875 0.369140625 0.7138671875 0.57421875
5 0.48486328125 0.48193359375 0.7548828125 0.6396484375
1 0.5439453125 0.541015625 0.673828125 0.69921875
5 0.3623046875 0.34765625 0.669921875 0.6328125
5 0.3544921875 0.314453125 0.646484375 0.51171875
5 0.33349609375 0.30322265625 0.6005859375 0.5244140625
0 0.494140625 0.1552734375 0.95703125 0.240234375
0 0.4609375 0.44970703125 0.7890625 0.7392578125
0 0.466796875 0.4013671875 0.83984375 0.708984375
0 0.41845703125 0.34228515625 0.7861328125 0.6494140625
