0 0.737305 0.42235999999999996 0.15820999999999996 0.36426
0 0.7148399999999999 0.53125 0.22655999999999998 0.75
0 0.55078 0.384765 0.58594 0.16014999999999996
0 0.797855 0.512205 0.09960999999999998 0.89551
0 0.853025 0.43213 0.03027000000000002 0.5322199999999999
0 0.899905 0.27881 0.03027000000000002 0.032220000000000026
4 0.89795 0.28369 0.03417999999999999 0.045899999999999996
0 0.52637 0.45166 0.7831999999999999 0.8681599999999999
0 0.526855 0.498535 0.80957 0.87597
0 0.562015 0.509765 0.80957 0.91797
0 0.620605 0.413085 0.6298900000000001 0.67773
0 0.70703 0.379885 0.45312 0.54883
0 0.7470699999999999 0.275395 0.4043 0.45703
0 0.734375 0.289065 0.45313000000000003 0.46875
0 0.84131 0.24219000000000002 0.10254000000000008 0.21094000000000002
0 0.808595 0.18652000000000002 0.19530999999999998 0.04491999999999999
0 0.4917 0.088375 0.80176 0.05371
0 0.519535 0.12891 0.67969 0.0625
0 0.569825 0.17139 0.58301 0.11426
0 0.59619 0.14648 0.7255800000000001 0.23828000000000002
0 0.583495 0.22168 0.7431700000000001 0.2793
0 0.60059 0.23339500000000002 0.68164 0.31055
0 0.59326 0.257325 0.7001999999999999 0.37011
0 0.57129 0.291995 0.61524 0.45117000000000007
0 0.625 0.33838 0.6640600000000001 0.50098
0 0.59863 0.32178 0.7324200000000001 0.5068400000000001
0 0.55762 0.359375 0.7831999999999999 0.51563
0 0.5293 0.391115 0.82422 0.58301
0 0.495115 0.35791 0.87695 0.39160000000000006
0 0.48389000000000004 0.28662 0.87988 0.29590000000000005
0 0.540525 0.14209 0.84473 0.17872
0 0.487795 0.20654 0.89551 0.12012
0 0.48828 0.381835 0.92968 0.60743
0 0.475095 0.45264 0.8271499999999999 0.65918
0 0.666015 0.143555 0.31640999999999997 0.056650000000000006
0 0.675295 0.11621000000000001 0.45019000000000003 0.06054
0 0.6333 0.16016 0.52636 0.0625
0 0.70801 0.163085 0.45898 0.17773
0 0.7612300000000001 0.186035 0.3330000000000001 0.21191000000000004
0 0.7480450000000001 0.174805 0.19140999999999997 0.09570999999999999
0 0.839845 0.058589999999999996 0.08592999999999995 0.03906
0 0.88574 0.159175 0.14258000000000004 0.037110000000000004
0 0.78076 0.20703 0.32519999999999993 0.32811999999999997
0 0.72705 0.1792 0.46386000000000005 0.26855999999999997
0 0.691895 0.23828500000000002 0.54199 0.34375
5 0.72754 0.245115 0.42774 0.34961000000000003
5 0.73828 0.44433999999999996 0.41406 0.81836
5 0.742675 0.501955 0.40137 0.93359
5 0.81055 0.51318 0.13671999999999995 0.89746
5 0.88037 0.41553 0.06347999999999998 0.6708999999999999
5 0.70459 0.38672 0.39160000000000006 0.6718799999999999
5 0.7905249999999999 0.38622999999999996 0.36035000000000006 0.7295
5 0.77295 0.374515 0.39549999999999996 0.69043
5 0.81836 0.2915 0.24609999999999999 0.45409999999999995
5 0.8369150000000001 0.40332 0.24805 0.7050799999999999
5 0.878905 0.434085 0.17187000000000008 0.80957
4 0.94238 0.404785 0.03320000000000001 0.15722999999999998
5 0.933595 0.39453000000000005 0.054690000000000016 0.6875
