0 0.2388888888888889 0.26304347826086955 0.42444444444444446 0.4739130434782609
0 0.2461111111111111 0.25163043478260866 0.4522222222222222 0.44673913043478264
0 0.2222222222222222 0.2902173913043478 0.4 0.49347826086956526
0 0.2627777777777778 0.3005434782608696 0.44999999999999996 0.5184782608695653
0 0.2638888888888889 0.4494565217391304 0.41666666666666663 0.6945652173913044
0 0.22777777777777777 0.08043478260869565 0.41111111111111115 0.1
0 0.3255555555555556 0.1233695652173913 0.46444444444444444 0.13804347826086957
0 0.034444444444444444 0.14130434782608697 0.015555555555555559 0.23043478260869565
0 0.049444444444444444 0.1418478260869565 0.05888888888888888 0.24456521739130432
2 0.145 0.11358695652173913 0.09666666666666668 0.08369565217391303
2 0.16444444444444445 0.5021739130434782 0.10666666666666667 0.8739130434782609
2 0.5527777777777778 0.503804347826087 0.6833333333333333 0.8728260869565216
4 0.3438888888888889 0.5114130434782609 0.22111111111111106 0.8706521739130435
4 0.3705555555555556 0.34836956521739126 0.46111111111111114 0.4923913043478261
1 0.3861111111111111 0.1706521739130435 0.35 0.07173913043478264
