2 0.60205078125 0.4521484375 0.3564453125 0.033203125
2 0.5224609375 0.2265625 0.818359375 0.0859375
2 0.4169921875 0.1552734375 0.693359375 0.060546875
2 0.33935546875 0.29931640625 0.2998046875 0.1572265625
2 0.0927734375 0.48095703125 0.056640625 0.6455078125
2 0.16357421875 0.521484375 0.0498046875 0.82421875
2 0.26220703125 0.42236328125 0.3798828125 0.7236328125
2 0.197265625 0.40869140625 0.14453125 0.6884765625
2 0.18603515625 0.4326171875 0.1962890625 0.740234375
2 0.29052734375 0.396484375 0.3896484375 0.66796875
2 0.2958984375 0.51708984375 0.189453125 0.3291015625
2 0.38525390625 0.36767578125 0.6884765625 0.6533203125
2 0.42822265625 0.38232421875 0.7666015625 0.6669921875
2 0.509765625 0.40283203125 0.91796875 0.7158203125
