5 0.43310499999999996 0.214355 0.52051 0.036129999999999995
5 0.46044999999999997 0.31543 0.59864 0.2168
5 0.61914 0.46777500000000005 0.48828000000000005 0.53711
5 0.66211 0.5332049999999999 0.4336 0.75391
5 0.86182 0.41504 0.14746000000000004 0.66602
5 0.82764 0.415525 0.25488 0.74121
1 0.52783 0.51123 0.7373000000000001 0.88574
4 0.45752000000000004 0.40332 0.12988000000000005 0.029299999999999993
5 0.632325 0.46924 0.63769 0.8564400000000001
5 0.492185 0.282225 0.92187 0.48633000000000004
5 0.648925 0.1792 0.60449 0.20605999999999997
5 0.68213 0.316405 0.5849599999999999 0.47657000000000005
5 0.80664 0.348635 0.3164 0.63477
5 0.91113 0.25586000000000003 0.09179999999999999 0.43360000000000004
5 0.970215 0.16797 0.006830000000000003 0.26561999999999997
5 0.689945 0.078125 0.5146499999999999 0.007810000000000011
5 0.7334 0.357425 0.47851999999999995 0.66797
5 0.6870149999999999 0.38281499999999996 0.52051 0.67969
5 0.71338 0.5117200000000001 0.44434 0.8906200000000001
