4 0.41211 0.450685 0.22266000000000002 0.18066999999999994
5 0.44092 0.194825 0.56738 0.057609999999999995
5 0.63086 0.5463899999999999 0.51172 0.53418
5 0.80713 0.40625 0.20995999999999992 0.6015600000000001
2 0.64795 0.49658 0.5283199999999999 0.81738
2 0.836425 0.378905 0.26075000000000004 0.6718700000000001
5 0.5146499999999999 0.288085 0.91602 0.51367
5 0.49951 0.311035 0.94238 0.5478500000000001
5 0.49560499999999996 0.373535 0.95801 0.5947300000000001
5 0.55615 0.2793 0.8291 0.48828000000000005
5 0.530275 0.299805 0.85351 0.49022999999999994
5 0.625 0.325195 0.5546800000000001 0.5175700000000001
