4 0.5631949592290586 0.3480074142724745 0.09303187546330616 0.1936978683966636
0 0.3359896219421794 0.045875810936051906 0.5370644922164567 0.015755329008341062
0 0.44792438843587845 0.2606580166821131 0.7075611564121571 0.3600556070435589
0 0.39288361749444034 0.31417979610750696 0.6819866567828021 0.5245597775718257
0 0.4119718309859155 0.41311399443929564 0.7038547071905115 0.5685820203892493
0 0.3497034840622683 0.30838739573679336 0.611934766493699 0.5444856348470807
1 0.1934766493699036 0.5247914735866543 0.03409933283914013 0.8030583873957369
3 0.6573387694588584 0.6316033364226136 0.21979243884358768 0.050973123262279874
7 0.2279466271312083 0.126274328081557 0.33728687916975536 0.01621872103799815
7 0.22071905114899926 0.22636700648748842 0.11675315048183843 0.14226135310472654
0 0.3269088213491475 0.06232622798887859 0.6212008895478133 0.08202038924930491
0 0.4327279466271312 0.46362372567191845 0.7779836916234248 0.8549582947173309
3 0.7466641957005189 0.7411955514365154 0.4948109710896962 0.4805375347544021
5 0.35507783543365457 0.0896663577386469 0.61527057079318 0.025486561631139937
5 0.2752038547071905 0.1401760889712697 0.4629355077835434 0.1858202038924931
5 0.2881764269829504 0.14365152919369786 0.5363232023721275 0.2316960148285449
5 0.2355448480355819 0.2196478220574606 0.3272794662713121 0.19833178869323448
5 0.25796886582653816 0.255097312326228 0.4091919940696812 0.411955514365153
5 0.4288361749444033 0.051899907321594066 0.6174944403261675 0.03336422613531048
5 0.4438472942920682 0.06441149212233549 0.818013343217198 0.013901760889712705
5 0.2765011119347665 0.010658016682113067 0.49369903632320244 0.0046339202965708995
5 0.1499258710155671 0.09522706209453198 0.20051890289103036 0.07738646895273402
5 0.2926241660489251 0.19833178869323448 0.5333580429948109 0.34105653382761814
5 0.32709414381022983 0.16311399443929564 0.5756115641215716 0.24096385542168675
