1 0.15185546875 0.33642578125 0.0986328125 0.2216796875
0 0.451171875 0.2890625 0.83203125 0.4921875
0 0.4658203125 0.3017578125 0.869140625 0.517578125
0 0.50146484375 0.29736328125 0.9599609375 0.4814453125
0 0.470703125 0.439453125 0.85546875 0.70703125
0 0.21533203125 0.3916015625 0.3642578125 0.681640625
0 0.2841796875 0.34326171875 0.380859375 0.5185546875
0 0.28564453125 0.29443359375 0.4736328125 0.5068359375
0 0.5087890625 0.43896484375 0.923828125 0.8037109375
0 0.498046875 0.359375 0.83984375 0.5859375
4 0.32373046875 0.52587890625 0.0361328125 0.4541015625
7 0.46826171875 0.384765625 0.3466796875 0.05078125
0 0.4814453125 0.462890625 0.869140625 0.88671875
