0 0.74611 0.093145 0.42180000000000006 0.09731000000000001
0 0.696075 0.12929000000000002 0.46553 0.08434
0 0.651965 0.161955 0.4796099999999999 0.15153
0 0.730545 0.161025 0.46479000000000004 0.16820999999999997
0 0.76538 0.129055 0.42180000000000006 0.18952999999999998
0 0.776505 0.18095499999999998 0.37287000000000003 0.21918999999999997
0 0.7288749999999999 0.05375 0.41623 0.022239999999999996
0 0.551705 0.063945 0.7379500000000001 0.04263
0 0.589695 0.081555 0.75241 0.07785
0 0.582285 0.063485 0.76427 0.06395
0 0.615455 0.11353 0.65493 0.05654000000000001
0 0.88232 0.174005 0.15677999999999992 0.24235
0 0.971645 0.10241 0.004809999999999981 0.12326
5 0.392515 0.21848499999999998 0.12378999999999996 0.10518999999999998
5 0.68477 0.07507 0.30577999999999994 0.03522
1 0.404745 0.59198 0.30688999999999994 0.42586
1 0.669755 0.552825 0.31653 0.66821
5 0.8860250000000001 0.21269500000000002 0.1375099999999999 0.30677
0 0.90456 0.189065 0.16864 0.35589
0 0.91364 0.1981 0.16086 0.37951999999999997
0 0.899185 0.175855 0.1808700000000001 0.33503
0 0.900665 0.264595 0.16604999999999992 0.48841
5 0.7046 0.30422000000000005 0.42476 0.50278
5 0.493885 0.146665 0.95441 0.21733
