2 0.96831 0.518535 0.021120000000000028 0.85171
4 0.330615 0.56047 0.04003000000000001 0.58156
4 0.670125 0.08665 0.17049000000000003 0.049120000000000004
5 0.804485 0.13785999999999998 0.28872999999999993 0.12558
5 0.74648 0.21130500000000002 0.41512000000000004 0.27803
0 0.654745 0.353105 0.64455 0.6617299999999999
0 0.65178 0.37511500000000003 0.63862 0.68165
0 0.67346 0.362835 0.57598 0.64411
0 0.65901 0.34662000000000004 0.5989599999999999 0.61168
0 0.72628 0.30606999999999995 0.5014799999999999 0.53244
0 0.71831 0.309775 0.5307599999999999 0.5398499999999999
0 0.67791 0.33179000000000003 0.5255799999999999 0.5226999999999999
0 0.704595 0.21176999999999999 0.5492900000000001 0.34198
0 0.703855 0.23656 0.5448500000000001 0.39342
0 0.710895 0.34406499999999995 0.54263 0.61585
0 0.710155 0.43698000000000004 0.55301 0.83318
0 0.705705 0.447175 0.5589299999999999 0.8535699999999999
0 0.697555 0.15269 0.5663499999999999 0.22938
0 0.717195 0.157555 0.52409 0.26320999999999994
1 0.856005 0.473125 0.09599000000000002 0.26969
7 0.661045 0.53406 0.36805 0.6696
7 0.7401800000000001 0.367465 0.45143999999999995 0.6570900000000001
7 0.7791 0.456675 0.37954 0.85959
7 0.751485 0.391565 0.44811 0.7312299999999999
7 0.7390650000000001 0.084105 0.40623 0.04125000000000001
7 0.6788350000000001 0.37257 0.43329000000000006 0.07413999999999998
7 0.549855 0.53151 0.57561 0.72938
