2 0.782715 0.394045 0.36035000000000006 0.7060500000000001
2 0.729005 0.496095 0.41308999999999996 0.64843
2 0.68799 0.42822 0.55762 0.7041000000000001
2 0.68213 0.37451500000000004 0.56934 0.66699
2 0.8481449999999999 0.37158 0.20604999999999996 0.56738
2 0.82959 0.38379 0.28222 0.67382
2 0.76416 0.558595 0.28808 0.55469
2 0.86963 0.375 0.17090000000000005 0.6562399999999999
2 0.894045 0.358885 0.14551000000000003 0.60449
2 0.6875 0.49756 0.48438000000000003 0.8505799999999999
2 0.66748 0.447755 0.5986400000000001 0.78223
2 0.64209 0.47998 0.62598 0.84668
2 0.552735 0.424315 0.8164100000000001 0.7509699999999999
5 0.8647450000000001 0.554685 0.11817 0.57813
5 0.91406 0.39160500000000004 0.0625 0.43945
5 0.694335 0.19092 0.16601 0.11230000000000001
5 0.49072499999999997 0.328615 0.46776999999999996 0.24706999999999998
5 0.845215 0.265625 0.053710000000000035 0.28907000000000005
5 0.859375 0.07959 0.15625 0.061520000000000005
3 0.37548499999999996 0.661135 0.27051 0.18555
0 0.830565 0.37744 0.28808999999999996 0.68848
0 0.50879 0.17773 0.9043 0.30078000000000005
0 0.7744150000000001 0.115235 0.36523000000000005 0.16797
2 0.6762699999999999 0.20898499999999998 0.6123 0.34765
2 0.64453 0.21582 0.64062 0.3457
2 0.614745 0.234865 0.71191 0.38769
2 0.63574 0.24072000000000002 0.6660200000000001 0.41504
2 0.60156 0.21289 0.75 0.37889999999999996
5 0.700685 0.127445 0.52441 0.19629000000000002
5 0.8120149999999999 0.061035000000000006 0.30957 0.06347
5 0.67334 0.500485 0.5791 0.93457
5 0.89404 0.576175 0.05175999999999992 0.51953
2 0.77197 0.294925 0.39746000000000004 0.51953
2 0.578125 0.43652 0.79687 0.75586
2 0.63672 0.45068 0.6796800000000001 0.77246
0 0.7417 0.46924000000000005 0.44238 0.84082
0 0.7002 0.38867 0.56836 0.7382799999999999
0 0.87256 0.092775 0.10254000000000008 0.037110000000000004
0 0.643065 0.039065 0.57715 0.015629999999999998
2 0.85107 0.419435 0.21582 0.71777
5 0.955565 0.10742 0.03027000000000002 0.15234
