0 0.830565 0.138675 0.28027 0.18359
0 0.79834 0.17285 0.3134800000000001 0.24414000000000002
0 0.75049 0.227535 0.37012 0.29883000000000004
0 0.956055 0.470215 0.029290000000000038 0.67871
2 0.47949 0.450685 0.83008 0.57715
2 0.525395 0.52441 0.7070299999999999 0.80664
1 0.524905 0.51123 0.69629 0.89356
2 0.89844 0.29053 0.04688000000000003 0.33496
2 0.779785 0.50537 0.3427699999999999 0.93652
3 0.666995 0.54834 0.17382999999999993 0.06934000000000007
2 0.67334 0.506835 0.20410000000000006 0.09961000000000003
