2 0.473145 0.34423499999999996 0.8232499999999999 0.45801
2 0.48535 0.45947 0.8808600000000001 0.7041000000000001
2 0.67676 0.48096 0.4668 0.77832
2 0.72705 0.40967 0.40918 0.68262
2 0.6162099999999999 0.347165 0.3457 0.3544900000000001
2 0.637695 0.09668 0.43554999999999994 0.056639999999999996
2 0.89209 0.33593500000000004 0.06348000000000009 0.36719
4 0.615725 0.59473 0.21972999999999998 0.36913999999999997
4 0.40381 0.33984000000000003 0.39159999999999995 0.02343999999999996
1 0.81494 0.16211 0.09471999999999992 0.08983999999999999
3 0.256835 0.7382799999999999 0.49023 0.48438
