4 0.248046875 0.578125 0.16015625 0.125
2 0.5283203125 0.15576171875 0.783203125 0.0517578125
0 0.29052734375 0.365234375 0.3818359375 0.51171875
0 0.18359375 0.19189453125 0.1640625 0.2236328125
0 0.0986328125 0.1376953125 0.103515625 0.173828125
0 0.16064453125 0.037109375 0.2392578125 0.00390625
0 0.24462890625 0.103515625 0.3837890625 0.12890625
0 0.30419921875 0.05908203125 0.5341796875 0.0126953125
7 0.328125 0.14453125 0.1015625 0.0859375
2 0.26171875 0.09228515625 0.484375 0.1416015625
2 0.24755859375 0.10498046875 0.4521484375 0.1435546875
5 0.14208984375 0.2734375 0.2333984375 0.5
5 0.12109375 0.26171875 0.203125 0.4765625
