0 0.70052 0.309545 0.41808000000000006 0.47081000000000006
0 0.71034 0.316265 0.48888 0.56765
0 0.81338 0.058155 0.29170000000000007 0.007870000000000002
0 0.82524 0.090365 0.24426000000000003 0.08063
0 0.8152349999999999 0.155005 0.29985000000000006 0.15987
0 0.78762 0.20899 0.38622 0.36607999999999996
0 0.8143050000000001 0.240265 0.3269099999999999 0.41937
0 0.80078 0.242355 0.34951999999999994 0.39203
0 0.7516700000000001 0.396895 0.44626 0.7363299999999999
0 0.7546299999999999 0.478685 0.44626 0.90547
5 0.8584149999999999 0.512975 0.17642999999999998 0.88507
5 0.86805 0.42307500000000003 0.10377999999999998 0.61261
5 0.82691 0.37465 0.27502000000000004 0.6770200000000001
5 0.8106 0.37697 0.31356000000000006 0.67794
5 0.8194950000000001 0.39041000000000003 0.29577 0.72706
5 0.823385 0.424005 0.29837 0.75903
5 0.926245 0.30398499999999995 0.052629999999999955 0.50417
5 0.89937 0.29564500000000005 0.11972000000000005 0.48007000000000005
5 0.8658250000000001 0.31163 0.20014999999999994 0.55468
5 0.845995 0.280125 0.24129 0.47683
5 0.8374699999999999 0.29285999999999995 0.26724000000000003 0.50788
5 0.8293200000000001 0.27827 0.28354 0.49166
5 0.71831 0.07831500000000001 0.51 0.09361
5 0.725725 0.100325 0.48629 0.12464999999999998
5 0.8421050000000001 0.462235 0.24463000000000001 0.84847
5 0.858965 0.13994499999999999 0.23016999999999999 0.22429
5 0.700515 0.288925 0.55745 0.47591
3 0.256485 0.73934 0.49073 0.48424
4 0.760935 0.699725 0.14751000000000003 0.43559
4 0.593035 0.540775 0.16457 0.69231
4 0.5765399999999999 0.61585 0.52224 0.25486000000000003
0 0.79114 0.35681 0.39547999999999994 0.68026
5 0.63436 0.252315 0.59044 0.35448999999999997
