2 0.70166 0.33789 0.19628 0.21483999999999998
2 0.828615 0.220215 0.16698999999999997 0.29589
2 0.664065 0.19873000000000002 0.38280999999999993 0.08106
2 0.47607499999999997 0.22460999999999998 0.75489 0.08984
4 0.399905 0.55176 0.29785000000000006 0.33398
5 0.8491200000000001 0.34717 0.21192 0.62012
5 0.9018550000000001 0.463375 0.12988999999999995 0.86035
5 0.7959 0.329105 0.35351999999999995 0.6113299999999999
5 0.73535 0.382325 0.45898000000000005 0.71387
5 0.73877 0.249025 0.44823999999999997 0.42773000000000005
2 0.601075 0.050780000000000006 0.74707 0.0625
2 0.5927749999999999 0.06201 0.7753899999999999 0.09668
2 0.5083 0.062009999999999996 0.90136 0.07324
0 0.800295 0.291505 0.12793 0.00879000000000002
0 0.824705 0.120115 0.04198999999999997 0.07227
0 0.77881 0.20849499999999999 0.2900400000000001 0.18652999999999997
2 0.78125 0.21044999999999997 0.2890600000000001 0.18261999999999998
0 0.742675 0.13672 0.45604999999999996 0.21094
