1 0.134765625 0.58203125 0.08203125 0.4609375
1 0.4951171875 0.52197265625 0.724609375 0.8291015625
2 0.34912109375 0.34130859375 0.5458984375 0.2255859375
2 0.38525390625 0.4033203125 0.4384765625 0.517578125
2 0.259765625 0.328125 0.27734375 0.2890625
3 0.744140625 0.74462890625 0.48828125 0.4912109375
2 0.15478515625 0.28125 0.2275390625 0.4609375
2 0.16064453125 0.24609375 0.2392578125 0.3984375
2 0.07275390625 0.3779296875 0.0712890625 0.646484375
2 0.095703125 0.45263671875 0.01953125 0.7294921875
2 0.216796875 0.39599609375 0.14453125 0.2802734375
