4 0.262695 0.52881 0.47851 0.30566000000000004
5 0.50586 0.407225 0.4336 0.48633000000000004
5 0.581545 0.48584 0.39551 0.6240199999999999
5 0.45117 0.410155 0.65234 0.13280999999999998
5 0.56836 0.268555 0.42578 0.27929000000000004
5 0.593265 0.17676 0.53613 0.04102
5 0.80859 0.40723 0.125 0.5175799999999999
0 0.855955 0.075685 0.20605000000000007 0.03808999999999999
0 0.80078 0.0918 0.3125 0.08984
0 0.75439 0.22509500000000002 0.3466800000000001 0.29785
0 0.66553 0.266115 0.56348 0.45019
0 0.53174 0.22558499999999998 0.87012 0.29493
0 0.50586 0.274905 0.90234 0.45215
0 0.81494 0.238765 0.2724599999999999 0.37207
0 0.8227549999999999 0.16650500000000001 0.24902999999999997 0.21973
0 0.728515 0.08935499999999999 0.47265 0.08886999999999999
0 0.698245 0.095215 0.52539 0.09277
0 0.719725 0.220215 0.49023000000000005 0.35839
1 0.51123 0.48242 0.7236400000000001 0.65234
5 0.61328 0.22460999999999998 0.32812 0.1914
6 0.628905 0.642575 0.07030999999999998 0.12891000000000008
5 0.5991249999999999 0.186035 0.69629 0.28223
0 0.811035 0.06299 0.32714999999999994 0.004880000000000002
0 0.67871 0.44189500000000004 0.5800799999999999 0.84863
0 0.620605 0.38817999999999997 0.6923900000000001 0.7334
0 0.63916 0.40283 0.6709 0.7626999999999999
0 0.6816450000000001 0.2959 0.60547 0.54492
0 0.535155 0.053219999999999996 0.86719 0.06348
2 0.8505849999999999 0.37548499999999996 0.17383000000000004 0.66113
2 0.68164 0.44043 0.5820399999999999 0.8574200000000001
2 0.625 0.384275 0.70312 0.74121
2 0.722165 0.395995 0.52051 0.76465
2 0.65967 0.33153999999999995 0.6376999999999999 0.62012
