2 0.907715 0.14014 0.03223000000000009 0.13574
2 0.905275 0.055175 0.08788999999999991 0.002930000000000002
2 0.87256 0.52637 0.016599999999999948 0.7792999999999999
4 0.5234399999999999 0.373535 0.039059999999999984 0.10253000000000001
2 0.639645 0.160155 0.58789 0.26563000000000003
2 0.58838 0.26416 0.7724599999999999 0.41503999999999996
2 0.644045 0.25244 0.6376900000000001 0.29003999999999996
2 0.83691 0.23535499999999998 0.10741999999999996 0.33789
2 0.862305 0.47558500000000004 0.21289000000000002 0.89649
2 0.95166 0.13867 0.05371999999999999 0.22266
2 0.759765 0.19433499999999998 0.24609000000000003 0.27149
