4 0.55833 0.46594 0.31376000000000004 0.41473999999999994
6 0.683025 0.58109 0.09010999999999991 0.443
2 0.489945 0.424235 0.90105 0.73911
2 0.577635 0.40106499999999995 0.77393 0.72985
2 0.9340299999999999 0.45481499999999997 0.019299999999999984 0.79657
2 0.87792 0.43003 0.07521999999999995 0.80816
2 0.9012450000000001 0.47822000000000003 0.10256999999999994 0.85634
2 0.82884 0.33642 0.21520000000000006 0.6172399999999999
2 0.86987 0.34059500000000004 0.21038 0.64041
2 0.8668549999999999 0.36214 0.19871000000000005 0.6594
2 0.86826 0.385315 0.20716 0.68721
2 0.826025 0.40547 0.22083000000000008 0.7293799999999999
3 0.6273150000000001 0.14504 0.18383000000000005 0.07692
3 0.477075 0.056305 0.46661 0.026410000000000003
3 0.4636 0.339895 0.7429600000000001 0.08109
2 0.809735 0.313025 0.27754999999999996 0.57229
2 0.8037000000000001 0.29819 0.3379 0.5463399999999999
2 0.79767 0.321595 0.34674000000000005 0.58017
2 0.7723249999999999 0.35496 0.37811000000000006 0.6098199999999999
2 0.95817 0.406395 0.032179999999999986 0.7571899999999999
2 0.972045 0.433735 0.016490000000000005 0.7636700000000001
2 0.8952150000000001 0.40662499999999996 0.11143000000000003 0.71131
2 0.896015 0.4152 0.15487000000000006 0.7822
