5 0.78174 0.294925 0.1435599999999999 0.33203000000000005
5 0.7036150000000001 0.40869 0.25293 0.4150400000000001
5 0.816405 0.398925 0.10937000000000008 0.39551000000000003
5 0.87598 0.486815 0.056640000000000024 0.65723
5 0.851075 0.47656 0.17674999999999996 0.79688
5 0.772465 0.44922 0.33789 0.78906
5 0.813965 0.41357499999999997 0.25097 0.70605
5 0.7417 0.47656000000000004 0.41894 0.85156
5 0.77588 0.498045 0.31933999999999996 0.93359
5 0.86182 0.195805 0.04589999999999994 0.24707
5 0.958005 0.271 0.025390000000000024 0.20995999999999998
5 0.623535 0.20654 0.08690999999999993 0.12988
0 0.666505 0.41016 0.59277 0.72656
0 0.88672 0.395995 0.14844000000000002 0.70215
0 0.864255 0.401365 0.20117000000000007 0.70117
0 0.84912 0.38965 0.22754000000000008 0.6933600000000001
0 0.8505849999999999 0.33837999999999996 0.23633000000000004 0.58692
0 0.75244 0.502445 0.4052800000000001 0.92285
4 0.418945 0.7348650000000001 0.44334999999999997 0.44043
0 0.80762 0.391115 0.3457 0.7314499999999999
0 0.83789 0.328125 0.02734000000000003 0.48436999999999997
0 0.88037 0.324705 0.16504000000000008 0.59863
0 0.895505 0.3125 0.16210999999999998 0.6015600000000001
0 0.953125 0.35351499999999997 0.054689999999999905 0.67579
0 0.95166 0.42822499999999997 0.05371999999999999 0.71973
0 0.820315 0.05371 0.32813000000000003 0.005860000000000004
0 0.86084 0.268065 0.21972000000000003 0.42285
0 0.93506 0.2417 0.08692 0.43261999999999995
0 0.75781 0.292965 0.4375 0.55469
0 0.751955 0.27538999999999997 0.46485 0.52734
0 0.7959 0.295895 0.33008000000000004 0.53711
