1 0.9165049999999999 0.205565 0.05567 0.03809000000000001
0 0.60205 0.31836 0.542 0.08983999999999998
0 0.541015 0.544435 0.66797 0.6162099999999999
0 0.5136700000000001 0.2959 0.6992200000000001 0.13085999999999998
0 0.76709 0.34912 0.15722000000000003 0.22557999999999997
0 0.728515 0.40820500000000004 0.41015 0.16797
0 0.685055 0.1792 0.29785000000000006 0.036140000000000005
0 0.703615 0.535645 0.3623099999999999 0.72363
0 0.6113299999999999 0.43457 0.5507799999999999 0.47852000000000006
0 0.7324200000000001 0.41259500000000005 0.33984000000000003 0.65723
0 0.836425 0.51172 0.21387 0.7968799999999999
0 0.61426 0.51416 0.63086 0.79786
0 0.636235 0.078125 0.5595699999999999 0.046869999999999995
0 0.5932649999999999 0.106445 0.62207 0.08007
0 0.813475 0.18164 0.26366999999999996 0.13672
0 0.95654 0.14501999999999998 0.0048800000000001065 0.21581999999999998
0 0.47412499999999996 0.348635 0.82129 0.38476999999999995
0 0.47803 0.25927500000000003 0.8681599999999999 0.16309
0 0.54785 0.32226499999999997 0.79492 0.51171
0 0.96289 0.251465 0.0039000000000000146 0.40527
0 0.9682649999999999 0.18994 0.020509999999999917 0.27442
0 0.98047 0.23242000000000002 0.00782000000000005 0.34765999999999997
0 0.980955 0.186035 0.012689999999999979 0.27441000000000004
0 0.76709 0.067385 0.30565999999999993 0.04101
0 0.782225 0.13867000000000002 0.32616999999999996 0.16016
0 0.6518550000000001 0.36377 0.35645000000000004 0.09082000000000001
0 0.76172 0.33252 0.3593799999999999 0.53614
0 0.829105 0.367675 0.16210999999999998 0.48924999999999996
0 0.8359399999999999 0.521 0.14844000000000002 0.8349599999999999
0 0.65625 0.41455 0.5937399999999999 0.7705
0 0.668945 0.508785 0.5136700000000001 0.90039
0 0.689945 0.43213 0.49121 0.5791
2 0.6958 0.17871 0.26073999999999997 0.03320000000000001
2 0.81445 0.1792 0.26171999999999995 0.15136
2 0.77295 0.34375 0.16113999999999995 0.23438
2 0.830565 0.36377000000000004 0.15527000000000002 0.48926000000000003
2 0.8613299999999999 0.37842000000000003 0.22265999999999997 0.70606
2 0.762695 0.422365 0.20117000000000007 0.7939499999999999
2 0.8300799999999999 0.519535 0.15234000000000003 0.82031
2 0.7041 0.508785 0.3418 0.83789
2 0.71973 0.44434 0.38086 0.79492
2 0.736815 0.402345 0.35058999999999996 0.67969
2 0.76367 0.333495 0.3711 0.53809
2 0.72607 0.429685 0.40332 0.04687000000000002
2 0.70801 0.20703 0.48241999999999996 0.26561999999999997
2 0.67871 0.33496 0.5175799999999999 0.2793
2 0.6113299999999999 0.3291 0.5507799999999999 0.07225999999999999
2 0.64258 0.071775 0.57422 0.053709999999999994
2 0.60205 0.10156499999999999 0.63574 0.09374999999999999
2 0.5122099999999999 0.29541 0.68262 0.13378
2 0.48291 0.27685499999999996 0.8818400000000001 0.13574999999999998
2 0.47412 0.327635 0.8291 0.39355000000000007
2 0.55371 0.31445 0.82226 0.5273399999999999
2 0.541015 0.552735 0.66797 0.58985
2 0.613285 0.52344 0.6328100000000001 0.79688
2 0.6723600000000001 0.50537 0.51074 0.9052800000000001
2 0.65918 0.41162 0.5957000000000001 0.7724599999999999
2 0.611815 0.43115 0.5615300000000001 0.48339999999999994
2 0.69141 0.43407999999999997 0.49999999999999994 0.59082
2 0.562985 0.410155 0.81543 0.63281
