2 0.64551 0.13964500000000002 0.44336000000000003 0.025389999999999996
2 0.580075 0.16553 0.64453 0.13183999999999998
2 0.51465 0.10986 0.8457 0.028320000000000012
2 0.47656000000000004 0.46875 0.77344 0.45311999999999997
2 0.875975 0.380375 0.03711000000000009 0.51465
2 0.86816 0.31836 0.06835999999999998 0.21484
2 0.84424 0.51709 0.13573999999999997 0.83496
2 0.67334 0.15869000000000003 0.5791 0.20410000000000003
2 0.582035 0.041015 0.78125 0.027350000000000003
2 0.55127 0.473635 0.82324 0.79883
