0 0.637205 0.23437000000000002 0.52637 0.3125
0 0.618655 0.300295 0.42285000000000006 0.39355
0 0.938475 0.20166 0.0410100000000001 0.047860000000000014
0 0.924315 0.44482499999999997 0.04784999999999995 0.33104999999999996
0 0.89453 0.069825 0.00782000000000005 0.057609999999999995
0 0.750975 0.28808500000000004 0.43555 0.47461000000000003
3 0.43701 0.563965 0.1377 0.58497
2 0.59082 0.052735 0.74804 0.02735
2 0.844725 0.04492 0.24023000000000005 0.03516
2 0.75488 0.27637 0.44336 0.50586
2 0.6386700000000001 0.231935 0.52734 0.31933
2 0.65918 0.18262 0.6504000000000001 0.31836
2 0.632325 0.266115 0.45801000000000003 0.41113
2 0.678225 0.28906000000000004 0.47558999999999996 0.47656000000000004
2 0.96777 0.29199 0.005859999999999976 0.52148
0 0.89551 0.014159999999999999 0.14648000000000005 0.006839999999999999
0 0.89502 0.28027 0.12012 0.44336
0 0.888675 0.22265500000000002 0.16796999999999995 0.41407
0 0.9623999999999999 0.18164 0.022460000000000035 0.30078
0 0.71387 0.20215 0.5331999999999999 0.36524
