2 0.5346650000000001 0.316405 0.53613 0.32813000000000003
2 0.40136499999999997 0.416015 0.33789 0.12891000000000002
2 0.671385 0.210445 0.08301000000000003 0.06542999999999999
2 0.60986 0.26073999999999997 0.25487999999999994 0.14257999999999998
2 0.7397499999999999 0.472655 0.41503999999999996 0.80469
2 0.63525 0.50879 0.4834 0.74414
2 0.735355 0.510255 0.41211 0.89941
2 0.7592749999999999 0.515135 0.23535000000000006 0.8623099999999999
2 0.8671899999999999 0.384765 0.14844000000000002 0.66797
2 0.855955 0.41748 0.14355000000000007 0.72168
2 0.836425 0.45752 0.21387 0.77832
2 0.785645 0.45459 0.29198999999999997 0.78808
2 0.853515 0.484375 0.12890999999999997 0.79687
2 0.91748 0.388185 0.06738 0.70215
2 0.8984350000000001 0.42285500000000004 0.11719000000000002 0.75195
2 0.9082 0.32226499999999997 0.07421999999999995 0.49609
2 0.552245 0.49023500000000003 0.81347 0.87891
2 0.575195 0.4375 0.7636700000000001 0.7578199999999999
2 0.58203 0.49950999999999995 0.625 0.78418
2 0.770995 0.34424 0.36034999999999995 0.5751999999999999
2 0.681155 0.28076500000000004 0.5712900000000001 0.46387000000000006
5 0.888675 0.518555 0.04296999999999995 0.8574299999999999
5 0.896485 0.458005 0.019530000000000047 0.7597700000000001
5 0.922365 0.438965 0.043949999999999934 0.44433
5 0.9130849999999999 0.25244 0.052730000000000055 0.30566000000000004
