0 0.563965 0.271485 0.79003 0.46485
0 0.707515 0.322755 0.5029300000000001 0.54785
0 0.7880849999999999 0.024905 0.33007 0.00879
0 0.7192350000000001 0.22363 0.47949 0.3457
0 0.84326 0.0708 0.25488 0.05176
1 0.71631 0.538085 0.09278000000000008 0.7402299999999999
0 0.61719 0.38281000000000004 0.5390599999999999 0.58594
0 0.5625 0.315915 0.6484399999999999 0.50293
0 0.58008 0.34619 0.69922 0.56348
0 0.62842 0.422855 0.55176 0.77539
0 0.661135 0.48291 0.51367 0.83692
0 0.947755 0.484375 0.024410000000000043 0.7890699999999999
