4 0.58671875 0.28935185185185186 0.17656250000000012 0.19166666666666665
4 0.44062500000000004 0.64375 0.6833333333333333 0.08564814814814814
0 0.3274739583333333 0.19560185185185186 0.5851562499999999 0.28194444444444444
0 0.36549479166666665 0.21597222222222223 0.69453125 0.3819444444444444
0 0.09713541666666667 0.2854166666666667 0.1484375 0.5060185185185185
0 0.12278645833333332 0.27314814814814814 0.20703125 0.47962962962962963
0 0.13059895833333332 0.27685185185185185 0.23098958333333336 0.4722222222222222
0 0.32174479166666664 0.3835648148148148 0.5091145833333334 0.6023148148148149
0 0.30520833333333336 0.39675925925925926 0.5604166666666667 0.7342592592592592
0 0.3283854166666667 0.4476851851851852 0.5609375 0.799074074074074
0 0.337890625 0.4613425925925926 0.6226562499999999 0.8097222222222222
0 0.3268229166666667 0.47824074074074074 0.5828125000000001 0.8861111111111111
0 0.3321614583333333 0.4726851851851852 0.6341145833333333 0.8898148148148148
0 0.2708333333333333 0.4252314814814815 0.4979166666666667 0.726388888888889
0 0.26171875 0.3884259259259259 0.4838541666666667 0.6842592592592592
0 0.24895833333333334 0.35462962962962963 0.4604166666666667 0.624074074074074
0 0.24348958333333331 0.331712962962963 0.4453125 0.5986111111111111
0 0.23190104166666667 0.32407407407407407 0.38359375 0.4740740740740741
0 0.23645833333333333 0.5078703703703704 0.4125 0.9231481481481483
0 0.3688802083333333 0.3685185185185185 0.70546875 0.6333333333333334
0 0.3765625 0.3976851851851852 0.715625 0.7027777777777778
0 0.387890625 0.425462962962963 0.7518229166666667 0.8064814814814815
0 0.21940104166666666 0.14189814814814816 0.41484375 0.2412037037037037
0 0.215625 0.12291666666666666 0.40625 0.19953703703703704
1 0.221875 0.5351851851851852 0.1479166666666667 0.43703703703703706
1 0.296484375 0.43379629629629635 0.30859375 0.3194444444444444
0 0.35989583333333336 0.2944444444444444 0.6427083333333333 0.4740740740740741
