4 0.642578125 0.49169921875 0.14453125 0.2783203125
1 0.5263671875 0.5234375 0.740234375 0.78125
2 0.09521484375 0.02197265625 0.1162109375 0.0146484375
2 0.05615234375 0.4443359375 0.0009765625 0.583984375
2 0.064453125 0.32763671875 0.08203125 0.6123046875
2 0.013671875 0.318359375 0.00390625 0.58203125
2 0.30322265625 0.17138671875 0.4853515625 0.2060546875
2 0.2314453125 0.10302734375 0.416015625 0.1708984375
2 0.2275390625 0.17578125 0.416015625 0.3125
2 0.2744140625 0.1513671875 0.486328125 0.185546875
