5 0.6333 0.32422 0.667 0.53906
5 0.57471 0.33594 0.78418 0.57812
5 0.562985 0.35107499999999997 0.81543 0.61231
5 0.59961 0.36572499999999997 0.7461 0.64941
5 0.6313500000000001 0.39307000000000003 0.64746 0.7041
5 0.641605 0.43994 0.66211 0.7900400000000001
5 0.864745 0.095215 0.09472999999999998 0.03809
5 0.9042950000000001 0.25537 0.10547000000000006 0.41308
0 0.90918 0.233885 0.06445999999999996 0.35448999999999997
0 0.9238299999999999 0.253905 0.07422000000000006 0.42186999999999997
0 0.87451 0.228515 0.1689400000000001 0.37891
0 0.8227500000000001 0.3291 0.20996000000000004 0.49413999999999997
0 0.8369150000000001 0.462895 0.24023000000000005 0.7929700000000001
0 0.77881 0.34521500000000005 0.36816000000000004 0.60839
0 0.7299800000000001 0.43701500000000004 0.41894 0.77637
0 0.731445 0.40967 0.45117000000000007 0.74512
0 0.74414 0.503415 0.3164 0.69043
2 0.56494 0.243655 0.7959 0.40527
2 0.571775 0.271975 0.79785 0.44629
2 0.845705 0.34619 0.22265000000000001 0.6416
2 0.651855 0.37402 0.5673900000000001 0.6074200000000001
5 0.666505 0.05518 0.60059 0.028319999999999998
5 0.684085 0.075685 0.56543 0.06933
5 0.72412 0.452635 0.4697200000000001 0.8310500000000001
5 0.739255 0.4375 0.43555 0.7812399999999999
5 0.61865 0.29346 0.68066 0.48926
5 0.78613 0.338865 0.38086 0.62305
0 0.89893 0.055175 0.15918 0.07519
