2 0.55371 0.536625 0.61914 0.7412099999999999
2 0.49072 0.256835 0.8818400000000001 0.14648999999999998
4 0.59619 0.324215 0.040040000000000076 0.03125
5 0.621095 0.31054499999999996 0.64063 0.53515
5 0.5776399999999999 0.22119 0.8017599999999999 0.34472
5 0.5693349999999999 0.23046499999999998 0.82227 0.40625
5 0.58057 0.450195 0.7099599999999999 0.7675700000000001
2 0.54004 0.39502000000000004 0.29102 0.10449999999999998
2 0.49121 0.276855 0.92382 0.12793000000000002
0 0.56543 0.52588 0.63476 0.7822199999999999
