2 0.643555 0.310545 0.45507000000000003 0.31640999999999997
2 0.699705 0.206055 0.22948999999999997 0.19335
2 0.9370149999999999 0.229005 0.04199000000000008 0.08690999999999999
2 0.67676 0.364255 0.38086000000000003 0.46289
4 0.553715 0.626465 0.26367 0.1708900000000001
6 0.67285 0.61084 0.06053999999999993 0.29589999999999994
0 0.768555 0.380375 0.3925700000000001 0.6787099999999999
0 0.79785 0.393065 0.3652399999999999 0.7431700000000001
0 0.7768550000000001 0.39795 0.38769 0.76074
0 0.774415 0.33496000000000004 0.40429000000000004 0.63086
0 0.763675 0.29639 0.39453000000000005 0.53418
0 0.818845 0.43164 0.32714999999999994 0.82422
7 0.45703 0.743165 0.023440000000000016 0.47461
