2 0.236328125 0.27978515625 0.33203125 0.4462890625
2 0.32275390625 0.16748046875 0.5556640625 0.2685546875
2 0.26025390625 0.34228515625 0.3525390625 0.4931640625
2 0.21142578125 0.33935546875 0.3173828125 0.6044921875
2 0.34228515625 0.3408203125 0.5712890625 0.595703125
2 0.22607421875 0.21728515625 0.3701171875 0.3603515625
2 0.349609375 0.423828125 0.61328125 0.76953125
2 0.12255859375 0.189453125 0.0791015625 0.28515625
2 0.16259765625 0.1572265625 0.1962890625 0.244140625
2 0.30615234375 0.46142578125 0.5380859375 0.8408203125
2 0.0234375 0.26171875 0.015625 0.296875
2 0.017578125 0.37255859375 0.01171875 0.6630859375
2 0.0185546875 0.3740234375 0.009765625 0.474609375
0 0.05419921875 0.12451171875 0.0419921875 0.1669921875
0 0.02587890625 0.138671875 0.0146484375 0.18359375
1 0.15966796875 0.22998046875 0.1064453125 0.1533203125
5 0.244140625 0.12451171875 0.41796875 0.1591796875
4 0.615234375 0.748046875 0.29296875 0.49609375
3 0.74658203125 0.74560546875 0.4951171875 0.4970703125
2 0.33154296875 0.28076171875 0.4951171875 0.3701171875
2 0.28857421875 0.24755859375 0.3935546875 0.3193359375
2 0.265625 0.52880859375 0.2421875 0.5927734375
2 0.203125 0.38671875 0.203125 0.3984375
2 0.15283203125 0.3623046875 0.0830078125 0.419921875
2 0.18212890625 0.47021484375 0.0634765625 0.5458984375
2 0.193359375 0.5244140625 0.00390625 0.830078125
2 0.08740234375 0.4541015625 0.0400390625 0.744140625
2 0.0673828125 0.36865234375 0.029296875 0.4365234375
5 0.38916015625 0.18896484375 0.7197265625 0.3193359375
5 0.3583984375 0.203125 0.654296875 0.3203125
5 0.3369140625 0.2080078125 0.619140625 0.337890625
5 0.42626953125 0.08837890625 0.7861328125 0.1181640625
5 0.40673828125 0.244140625 0.7548828125 0.44140625
5 0.37353515625 0.2841796875 0.6884765625 0.505859375
5 0.42578125 0.4921875 0.78125 0.875
5 0.322265625 0.5029296875 0.57421875 0.943359375
5 0.365234375 0.49755859375 0.64453125 0.9443359375
5 0.423828125 0.39501953125 0.67578125 0.5908203125
5 0.3251953125 0.27099609375 0.517578125 0.3740234375
