5 0.42969 0.260745 0.5234399999999999 0.025390000000000024
5 0.49707 0.308105 0.7324200000000001 0.33887
5 0.6362300000000001 0.34668 0.5752 0.61524
5 0.677735 0.37939500000000004 0.52735 0.66113
5 0.610355 0.43213 0.5761700000000001 0.6572199999999999
5 0.62842 0.53418 0.45019999999999993 0.7246
5 0.82959 0.43262 0.1259800000000001 0.63086
4 0.47217000000000003 0.41503999999999996 0.08106000000000002 0.017579999999999985
2 0.8442350000000001 0.404785 0.16699000000000008 0.68847
2 0.57422 0.183595 0.77344 0.29686999999999997
2 0.66162 0.49756 0.50098 0.7880799999999999
2 0.62891 0.38086 0.625 0.69922
2 0.61084 0.13232 0.72754 0.22168
2 0.796875 0.341795 0.33593000000000006 0.62109
5 0.83545 0.41016 0.28613999999999995 0.77344
5 0.62744 0.459475 0.6630800000000001 0.8603500000000001
5 0.61035 0.44628500000000004 0.70898 0.83789
2 0.49560499999999996 0.11475 0.95801 0.14746
