2 0.513671875 0.3349609375 0.86328125 0.130859375
2 0.51806640625 0.43359375 0.8525390625 0.5234375
2 0.43212890625 0.33203125 0.4853515625 0.265625
2 0.39404296875 0.43505859375 0.6904296875 0.6865234375
2 0.45751953125 0.51611328125 0.7705078125 0.6767578125
2 0.3203125 0.515625 0.3359375 0.828125
2 0.20654296875 0.42578125 0.0810546875 0.5859375
2 0.12109375 0.3427734375 0.03125 0.365234375
2 0.0771484375 0.5009765625 0.033203125 0.626953125
2 0.26953125 0.13037109375 0.015625 0.0869140625
2 0.740234375 0.734375 0.48046875 0.46875
3 0.74462890625 0.74267578125 0.4912109375 0.4873046875
