5 0.904295 0.10888500000000001 0.09765000000000001 0.15137
5 0.87256 0.44677999999999995 0.08692 0.74902
5 0.62744 0.232425 0.6630800000000001 0.37890999999999997
5 0.666015 0.31103499999999995 0.5585899999999999 0.51661
4 0.49365499999999995 0.34717 0.32129 0.1377
5 0.558595 0.12109 0.82813 0.16405999999999998
5 0.944335 0.11572 0.04100999999999999 0.18066000000000002
5 0.743165 0.40869 0.41211 0.7666
5 0.895995 0.22216999999999998 0.11034999999999995 0.40918
5 0.833495 0.10156 0.2587900000000001 0.14844
2 0.842775 0.45947 0.18945 0.8291000000000001
2 0.876465 0.4375 0.11035000000000006 0.7812399999999999
3 0.620115 0.742185 0.24805000000000005 0.49219000000000007
5 0.912595 0.11865 0.07714999999999994 0.19434
