4 0.65918 0.5083 0.0019599999999999618 0.0048799999999999955
1 0.45849999999999996 0.572265 0.72754 0.51953
0 0.655765 0.217285 0.59863 0.27441000000000004
0 0.68701 0.120605 0.5751999999999999 0.19825
0 0.8071299999999999 0.11572 0.22558 0.16504
0 0.919925 0.35107499999999997 0.10546999999999995 0.64355
5 0.74561 0.37255499999999997 0.4658199999999999 0.70215
0 0.663575 0.236325 0.63769 0.44140999999999997
0 0.6967749999999999 0.177735 0.57129 0.31641
0 0.7543949999999999 0.16455 0.45604999999999996 0.28614
0 0.836425 0.15918 0.08104999999999996 0.17774
0 0.8515649999999999 0.198245 0.007809999999999984 0.24805
0 0.875 0.223145 0.007819999999999938 0.33301
0 0.88672 0.26562 0.015620000000000078 0.375
0 0.8925799999999999 0.31299 0.011720000000000064 0.45019999999999993
0 0.8984399999999999 0.33008 0.10155999999999998 0.5507799999999999
