5 0.67139 0.26367 0.37988000000000005 0.09766
5 0.8022450000000001 0.13428 0.30567 0.14746
5 0.55176 0.43994500000000003 0.7714799999999999 0.42285
5 0.694335 0.29053 0.53321 0.4834
5 0.674315 0.337895 0.53027 0.5429700000000001
2 0.570805 0.19775 0.7529299999999999 0.16504000000000002
2 0.81885 0.48584 0.06933999999999996 0.4990199999999999
2 0.875 0.49756 0.0625 0.7880799999999999
2 0.885255 0.44092000000000003 0.07129000000000008 0.59668
2 0.8574200000000001 0.331055 0.08984000000000003 0.45117
2 0.808595 0.31689500000000004 0.30469 0.52051
0 0.75391 0.060545 0.3125 0.035149999999999994
3 0.258785 0.7431650000000001 0.48633 0.49023000000000005
