4 0.541015 0.43164 0.07421 0.035160000000000025
1 0.45409999999999995 0.5454100000000001 0.67774 0.6884800000000001
5 0.61963 0.3457 0.6630799999999999 0.55078
5 0.578125 0.45313000000000003 0.6640699999999999 0.5625
5 0.5151399999999999 0.49121 0.6767599999999999 0.73242
5 0.478025 0.25293 0.82129 0.26368
5 0.555175 0.21093499999999998 0.79199 0.26563000000000003
5 0.584965 0.16211 0.71289 0.16015999999999997
5 0.578615 0.211915 0.65137 0.27538999999999997
5 0.6542950000000001 0.316405 0.55859 0.48437
5 0.62207 0.19824 0.48242000000000007 0.19336000000000003
