4 0.7177734375 0.52978515625 0.423828125 0.3349609375
5 0.486328125 0.466796875 0.46484375 0.43359375
5 0.37451171875 0.48681640625 0.4482421875 0.5869140625
5 0.5439453125 0.39208984375 0.673828125 0.1630859375
5 0.45849609375 0.27734375 0.1865234375 0.1796875
5 0.43408203125 0.224609375 0.5361328125 0.09765625
6 0.388671875 0.6318359375 0.07421875 0.146484375
0 0.33251953125 0.45458984375 0.5595703125 0.8193359375
0 0.3935546875 0.41357421875 0.646484375 0.7138671875
0 0.13720703125 0.07861328125 0.2158203125 0.0517578125
0 0.19384765625 0.0888671875 0.3134765625 0.091796875
0 0.1982421875 0.06640625 0.310546875 0.046875
0 0.162109375 0.1552734375 0.26953125 0.224609375
0 0.25146484375 0.23291015625 0.3349609375 0.2900390625
0 0.2880859375 0.2158203125 0.458984375 0.345703125
0 0.44677734375 0.068359375 0.8037109375 0.02734375
0 0.4658203125 0.0595703125 0.876953125 0.025390625
0 0.43408203125 0.12158203125 0.8017578125 0.1533203125
0 0.4423828125 0.1494140625 0.845703125 0.197265625
0 0.47265625 0.20556640625 0.875 0.3056640625
0 0.470703125 0.2197265625 0.85546875 0.337890625
0 0.30859375 0.08642578125 0.515625 0.0908203125
0 0.2744140625 0.0927734375 0.470703125 0.091796875
1 0.51904296875 0.49951171875 0.6279296875 0.6357421875
0 0.48095703125 0.47265625 0.7470703125 0.671875
7 0.40185546875 0.5234375 0.3779296875 0.8359375
2 0.3466796875 0.3369140625 0.630859375 0.611328125
0 0.3193359375 0.298828125 0.599609375 0.54296875
5 0.48974609375 0.15185546875 0.9287109375 0.2216796875
