4 0.42679999999999996 0.458065 0.34952 0.29055
4 0.7518549999999999 0.12002 0.3673099999999999 0.0658
5 0.33747499999999997 0.62326 0.010749999999999982 0.21594000000000002
5 0.5619000000000001 0.46177 0.6805 0.73262
5 0.7083 0.400605 0.48258000000000006 0.7029700000000001
5 0.69403 0.40454500000000004 0.5244599999999999 0.70899
5 0.686435 0.44115 0.48481 0.7488400000000001
5 0.7164550000000001 0.49745 0.38621000000000005 0.87072
5 0.514455 0.383225 0.71905 0.54031
5 0.486475 0.39087000000000005 0.86249 0.50186
5 0.48202 0.499305 0.76464 0.61121
0 0.560415 0.120715 0.82283 0.14319
1 0.46442 0.535685 0.26759999999999995 0.77479
