2 0.623535 0.263185 0.19628999999999996 0.09472999999999998
2 0.8984350000000001 0.253415 0.054690000000000016 0.35448999999999997
2 0.54053 0.518555 0.5400400000000001 0.78711
4 0.643065 0.50537 0.07129000000000008 0.22558000000000006
3 0.310545 0.699705 0.37890999999999997 0.36231
2 0.95703 0.34668 0.023440000000000016 0.56054
2 0.9623999999999999 0.30371 0.022460000000000035 0.37304
2 0.88965 0.316895 0.06446000000000007 0.51269
2 0.72461 0.075685 0.07421999999999995 0.047850000000000004
1 0.46386499999999997 0.552735 0.7597700000000001 0.66015
