2 0.703355 0.208895 0.01894999999999991 0.013469999999999982
0 0.83309 0.14623 0.15305999999999997 0.14689999999999998
0 0.75583 0.134775 0.35422 0.19407
0 0.7244900000000001 0.25539 0.46938 0.45148
0 0.81341 0.19542 0.15159999999999996 0.30458
0 0.842565 0.37736000000000003 0.15161000000000002 0.5283
2 0.8207 0.38948499999999997 0.11370000000000002 0.50943
0 0.919825 0.343665 0.06705000000000005 0.57951
2 0.9613700000000001 0.38275000000000003 0.0218600000000001 0.63612
0 0.51166 0.27965 0.88338 0.47844000000000003
0 0.49344 0.28369 0.9489799999999999 0.48652
0 0.5444599999999999 0.28773499999999996 0.8469399999999999 0.49460999999999994
0 0.69242 0.26819000000000004 0.53352 0.49326000000000003
0 0.507285 0.14286 0.8921300000000001 0.19946
4 0.40670500000000004 0.546495 0.41691 0.51617
2 0.48469 0.362535 0.75656 0.63881
3 0.49927 0.7398899999999999 0.33382 0.49326
