0 0.82604 0.40153 0.25 0.6973999999999999
0 0.772875 0.435355 0.33868999999999994 0.72057
0 0.75943 0.346385 0.38322 0.5834100000000001
0 0.798755 0.290315 0.32062999999999997 0.45645
0 0.832665 0.28637500000000005 0.28973000000000004 0.48007000000000005
0 0.838685 0.446015 0.25201000000000007 0.8234499999999999
6 0.717695 0.60241 0.13924999999999998 0.3151
2 0.75221 0.19439 0.3944599999999999 0.23494000000000004
4 0.257025 0.6038 0.48355000000000004 0.31417999999999996
4 0.429575 0.14736 0.42657 0.076
2 0.689405 0.26367 0.46067 0.43096
2 0.798155 0.302135 0.34269000000000005 0.5449499999999999
2 0.8230299999999999 0.3114 0.29935999999999996 0.5597799999999999
2 0.80939 0.32275000000000004 0.33306 0.59546
2 0.80959 0.18883 0.30538 0.2683
2 0.742175 0.27988999999999997 0.23475000000000001 0.32252
2 0.819825 0.48239 0.28008999999999995 0.84616
2 0.8342700000000001 0.43674500000000005 0.2833 0.81233
2 0.817215 0.43929500000000005 0.31581000000000004 0.82299
2 0.82123 0.507415 0.29494 0.9406899999999999
2 0.60032 0.34175500000000003 0.67736 0.57785
2 0.62881 0.35055499999999995 0.5690200000000001 0.60287
3 0.25261 0.40431 0.49398 0.26460000000000006
