4 0.357425 0.4917 0.14453 0.27831999999999996
1 0.47363500000000003 0.523435 0.7402299999999999 0.78125
2 0.904785 0.021975 0.11621000000000004 0.01465
2 0.94385 0.44433500000000004 0.0009799999999999809 0.58399
2 0.9355450000000001 0.327635 0.08202999999999994 0.6123099999999999
2 0.98633 0.31836000000000003 0.0039000000000000146 0.58204
2 0.696775 0.171385 0.48535 0.20604999999999998
2 0.768555 0.10303000000000001 0.41601 0.1709
2 0.7724599999999999 0.17578 0.41601999999999995 0.3125
2 0.725585 0.151365 0.48633 0.18555
