2 0.099609375 0.12109375 0.04296875 0.140625
2 0.09228515625 0.076171875 0.0322265625 0.05078125
2 0.14892578125 0.51513671875 0.0830078125 0.8623046875
2 0.23828125 0.44384765625 0.328125 0.7275390625
2 0.35009765625 0.4658203125 0.6025390625 0.666015625
2 0.48828125 0.54638671875 0.6640625 0.6904296875
5 0.47216796875 0.52734375 0.6982421875 0.71875
5 0.52734375 0.31787109375 0.7734375 0.0009765625
5 0.5234375 0.232421875 0.4921875 0.22265625
5 0.27734375 0.0615234375 0.4296875 0.021484375
2 0.05419921875 0.12353515625 0.0048828125 0.1494140625
5 0.3583984375 0.08349609375 0.646484375 0.0849609375
5 0.37939453125 0.0546875 0.6845703125 0.015625
5 0.39453125 0.033203125 0.7109375 0.01953125
5 0.34326171875 0.416015625 0.6201171875 0.76953125
5 0.14501953125 0.30859375 0.2236328125 0.5234375
2 0.39404296875 0.3642578125 0.7138671875 0.580078125
2 0.51611328125 0.12744140625 0.8095703125 0.1494140625
2 0.0830078125 0.26513671875 0.064453125 0.4013671875
2 0.2265625 0.36767578125 0.4140625 0.6376953125
2 0.25 0.37353515625 0.4609375 0.6181640625
4 0.42626953125 0.33056640625 0.2001953125 0.1494140625
