0 0.6884750000000001 0.197265 0.53711 0.24608999999999998
0 0.64551 0.22363499999999997 0.5839799999999999 0.18944999999999998
0 0.660155 0.25439 0.53125 0.34082
0 0.58057 0.44433500000000004 0.6708999999999999 0.70899
0 0.56543 0.394535 0.74414 0.67969
0 0.50195 0.344235 0.9023399999999999 0.55957
0 0.541505 0.43701 0.8193299999999999 0.74512
0 0.61328 0.336915 0.64062 0.57227
0 0.6962900000000001 0.31787 0.52148 0.5459
0 0.5322250000000001 0.063475 0.80273 0.029289999999999997
4 0.62158 0.22949 0.28417999999999993 0.10352
2 0.51318 0.39209 0.85254 0.6708999999999999
0 0.4917 0.393065 0.94238 0.6884699999999999
0 0.538575 0.334475 0.87989 0.63379
0 0.493655 0.300295 0.94629 0.45605
0 0.5322250000000001 0.097165 0.86523 0.12793
0 0.614745 0.33593500000000004 0.71973 0.61719
0 0.5615249999999999 0.362305 0.82227 0.66211
0 0.50537 0.39209 0.83692 0.6708999999999999
