2 0.2939453125 0.33203125 0.447265625 0.25
2 0.31982421875 0.3642578125 0.5185546875 0.541015625
2 0.14501953125 0.07470703125 0.0517578125 0.0419921875
2 0.14697265625 0.46435546875 0.0947265625 0.5263671875
2 0.0615234375 0.44677734375 0.041015625 0.6240234375
0 0.134765625 0.2744140625 0.03515625 0.072265625
4 0.51416015625 0.51708984375 0.3134765625 0.0009765625
2 0.13037109375 0.27392578125 0.0380859375 0.0751953125
2 0.037109375 0.30322265625 0.01953125 0.4150390625
0 0.03369140625 0.2958984375 0.0224609375 0.419921875
0 0.1201171875 0.419921875 0.154296875 0.63671875
0 0.021484375 0.42041015625 0.01171875 0.6962890625
