3 0.31494500000000003 0.68213 0.32129 0.31933999999999996
5 0.5434599999999999 0.238285 0.62012 0.24218999999999996
5 0.8432649999999999 0.52832 0.12207000000000001 0.80664
5 0.5307649999999999 0.5376 0.7080099999999999 0.68848
5 0.63818 0.492675 0.5791000000000001 0.59863
5 0.765625 0.43213 0.33593000000000006 0.6650400000000001
4 0.500485 0.364745 0.02636999999999995 0.061529999999999974
5 0.95459 0.27295 0.032220000000000026 0.47950000000000004
5 0.61133 0.35351499999999997 0.69922 0.56641
5 0.535645 0.3208 0.87793 0.583
5 0.456545 0.37402 0.72363 0.03320000000000001
2 0.90967 0.10449499999999999 0.09082000000000001 0.16211
2 0.9082049999999999 0.06299 0.08202999999999994 0.0752
2 0.7856449999999999 0.41942999999999997 0.3857499999999999 0.7334
2 0.56152 0.47412 0.8300799999999999 0.87402
2 0.8998999999999999 0.509765 0.14160000000000006 0.91797
