2 0.30224609375 0.25341796875 0.4833984375 0.3623046875
2 0.40478515625 0.1630859375 0.6103515625 0.130859375
2 0.3349609375 0.29248046875 0.521484375 0.4482421875
2 0.31396484375 0.43505859375 0.5224609375 0.7021484375
2 0.24169921875 0.39892578125 0.3935546875 0.6376953125
2 0.21484375 0.5029296875 0.234375 0.669921875
2 0.22265625 0.3349609375 0.0703125 0.009765625
2 0.2578125 0.1875 0.0390625 0.1015625
2 0.31591796875 0.23095703125 0.3544921875 0.1455078125
2 0.5166015625 0.31005859375 0.791015625 0.2802734375
2 0.4091796875 0.26904296875 0.693359375 0.4404296875
2 0.42529296875 0.24267578125 0.7763671875 0.4033203125
2 0.45458984375 0.328125 0.7177734375 0.484375
2 0.40576171875 0.4013671875 0.6357421875 0.419921875
2 0.47412109375 0.4560546875 0.8037109375 0.654296875
2 0.48974609375 0.34130859375 0.8271484375 0.5693359375
2 0.22412109375 0.2822265625 0.3896484375 0.439453125
2 0.1962890625 0.37060546875 0.298828125 0.6044921875
2 0.22314453125 0.009765625 0.3642578125 0.00390625
2 0.08642578125 0.3037109375 0.1142578125 0.537109375
2 0.1455078125 0.310546875 0.251953125 0.56640625
2 0.1640625 0.30712890625 0.296875 0.5634765625
2 0.14208984375 0.36669921875 0.2490234375 0.6748046875
2 0.1953125 0.39208984375 0.3359375 0.7099609375
2 0.2763671875 0.09423828125 0.466796875 0.0107421875
2 0.0869140625 0.04443359375 0.080078125 0.0009765625
2 0.18359375 0.275390625 0.203125 0.42578125
2 0.01904296875 0.24609375 0.0048828125 0.4296875
2 0.33837890625 0.4736328125 0.5947265625 0.869140625
