2 0.750975 0.54004 0.36523000000000005 0.68946
2 0.7070299999999999 0.502445 0.48438 0.79785
2 0.62598 0.501955 0.5449200000000001 0.74609
2 0.923825 0.25 0.04296999999999995 0.27344
2 0.8227500000000001 0.407715 0.20996000000000004 0.69433
2 0.8227549999999999 0.4541 0.25683 0.79102
2 0.73535 0.34179499999999996 0.41991999999999996 0.59765
2 0.9248050000000001 0.26074 0.06445000000000001 0.44336000000000003
5 0.61426 0.2207 0.10741999999999996 0.07421999999999998
5 0.512695 0.324705 0.62305 0.32519
5 0.845705 0.541995 0.027349999999999985 0.6230499999999999
5 0.89209 0.38378999999999996 0.05371999999999999 0.55664
5 0.516605 0.550295 0.6386700000000001 0.61231
2 0.7421899999999999 0.119145 0.39844 0.019529999999999992
2 0.61914 0.118655 0.6523399999999999 0.10058999999999998
2 0.79297 0.05127 0.3281200000000001 0.03418
2 0.6523450000000001 0.299805 0.60937 0.46679000000000004
5 0.6792 0.239255 0.5908199999999999 0.42383000000000004
2 0.700195 0.0708 0.45117000000000007 0.020499999999999997
5 0.710935 0.09423500000000001 0.51563 0.09863000000000001
2 0.6137699999999999 0.20507999999999998 0.11229999999999996 0.08984
2 0.7636700000000001 0.10400499999999999 0.36327999999999994 0.04784999999999999
2 0.916015 0.24511499999999997 0.08984999999999999 0.33399
2 0.96045 0.266115 0.028320000000000012 0.47363
2 0.892575 0.42139 0.16796999999999995 0.78418
2 0.8793949999999999 0.448245 0.19043 0.8261700000000001
2 0.893065 0.455565 0.15527000000000002 0.8681700000000001
2 0.887695 0.484375 0.16210999999999998 0.90625
2 0.924315 0.40039 0.10058999999999996 0.7539
2 0.743655 0.297365 0.46973 0.5439499999999999
0 0.7666 0.44043 0.39648000000000005 0.80274
0 0.779785 0.47803 0.38964999999999994 0.89746
0 0.720215 0.47900499999999996 0.50879 0.86817
0 0.76367 0.018555 0.3789 0.00977
0 0.762205 0.101075 0.42481 0.002930000000000002
0 0.55713 0.256835 0.8584 0.48242999999999997
