2 0.746095 0.540525 0.35157000000000005 0.71777
2 0.787595 0.52295 0.16309000000000007 0.8545
2 0.7871049999999999 0.43799 0.29297000000000006 0.7626999999999999
2 0.87842 0.33203 0.15332 0.5156200000000001
2 0.69336 0.128905 0.44139999999999996 0.15625
2 0.6088899999999999 0.14697 0.65332 0.16504000000000002
2 0.543455 0.365725 0.52637 0.63379
0 0.68506 0.15674000000000002 0.43848 0.20020000000000002
0 0.9575199999999999 0.26758000000000004 0.028320000000000012 0.41016
0 0.44092 0.24169999999999997 0.62988 0.12011999999999998
4 0.41162 0.575195 0.24316 0.54101
1 0.9199200000000001 0.47509999999999997 0.050779999999999936 0.49316
1 0.424315 0.37451 0.43653000000000003 0.30762
2 0.48974999999999996 0.245115 0.91504 0.11523
