1 0.33172720533728683 0.2298424467099166 0.22016308376575242 0.1519925857275255
1 0.12398072646404744 0.2794253938832252 0.07968865826538177 0.22520852641334568
0 0.2863232023721275 0.4161260426320667 0.5148257968865826 0.772937905468026
0 0.29540400296515934 0.4490268767377201 0.5107487027427724 0.8090824837812789
0 0.27483320978502596 0.4483317886932345 0.5007412898443292 0.8392029657089898
0 0.2737212750185322 0.43419833178869327 0.48072646404744257 0.7868396663577386
0 0.26908821349147516 0.47544022242817424 0.46404744255003716 0.850787766450417
0 0.2292438843587843 0.4497219647822058 0.4154929577464789 0.8382761816496757
0 0.23035581912527797 0.43025949953660797 0.3999258710155671 0.7845227062094532
0 0.24851742031134175 0.32483781278962004 0.4392142327650111 0.556997219647822
0 0.2381393624907339 0.3262279888785913 0.4184581171237954 0.582020389249305
0 0.22646404744255003 0.33086190917516217 0.41141586360266863 0.6172381835032438
0 0.28891771682727946 0.3556533827618165 0.511119347664937 0.6464318813716404
0 0.22294292068198668 0.3074606116774792 0.38806523350630096 0.5574606116774792
0 0.21849518161601186 0.3598239110287303 0.3821349147516679 0.6696014828544948
0 0.21997776130467014 0.39921223354958296 0.3732394366197183 0.7224281742354032
0 0.22646404744255003 0.3964318813716404 0.41141586360266863 0.731696014828545
0 0.11638250555967383 0.42863762743280814 0.15270570793180133 0.7312326227988878
0 0.06430689399555226 0.34962928637627433 0.0648628613787991 0.6232622798887859
0 0.04836916234247591 0.35449490268767375 0.053743513713862115 0.6607970342910102
0 0.09951816160118607 0.34615384615384615 0.09970348406226837 0.5106580166821131
0 0.0706078576723499 0.32599629286376275 0.08042994810971088 0.572289156626506
0 0.09062268346923646 0.4661723818350324 0.1412157153446998 0.891566265060241
0 0.07449962935507783 0.458758109360519 0.1134173461823573 0.8693234476367007
0 0.08080059303187546 0.45644114921223355 0.12898443291326908 0.8609823911028731
0 0.04040029651593773 0.37279888785912885 0.04818383988139362 0.7103799814643188
0 0.053187546330615273 0.3883225208526413 0.04262416604892513 0.7210379981464319
0 0.04744255003706449 0.40477293790546803 0.05633802816901409 0.7669138090824837
0 0.01223128243143069 0.42075996292863765 0.008154188287620462 0.7451343836886005
0 0.4733135656041512 0.3836886005560704 0.9110452186805041 0.726598702502317
5 0.031134173461823574 0.3250695088044485 0.011860637509266123 0.5
5 0.05522609340252038 0.3704819277108434 0.030392883617494454 0.44253938832252093
5 0.24203113417346184 0.39087117701575536 0.03484062268346921 0.4425393883225208
5 0.24944403261675316 0.4494902687673772 0.3061527057079318 0.43558850787766445
5 0.4014084507042254 0.3575069508804449 0.3313565604151223 0.4647822057460612
5 0.4305040770941438 0.4061631139944393 0.46812453669384724 0.6881371640407785
5 0.39492216456634543 0.5 0.5007412898443291 0.8183503243744208
5 0.43736100815418827 0.4476367006487489 0.7353595255744997 0.7914735866543096
5 0.29818383988139363 0.4986098239110287 0.488139362490734 0.9156626506024097
5 0.24499629355077834 0.4951343836886005 0.26167531504818387 0.8290083410565339
5 0.12472201630837657 0.5018535681186284 0.12935507783543365 0.9036144578313252
5 0.043921423276501115 0.4272474513438369 0.011489992587101566 0.6098239110287302
5 0.2979985174203113 0.14249304911955513 0.536693847294292 0.2089898053753475
5 0.4019644180874722 0.005097312326227989 0.6719792438843588 0.010194624652455977
0 0.4023350630096368 0.32715477293790546 0.785396590066716 0.6320667284522706
0 0.4538547071905115 0.30838739573679336 0.8914010378057821 0.6000926784059314
0 0.3693476649369904 0.28637627432808155 0.7253521126760564 0.5468025949953661
0 0.3130096367679763 0.4571362372567192 0.6008154188287621 0.8864689527340129
0 0.2974425500370645 0.4775254865616312 0.578576723498888 0.938368860055607
0 0.014825796886582653 0.2873030583873957 0.011860637509266123 0.5486561631139945
0 0.0396590066716086 0.29008341056533826 0.05559673832468495 0.5505097312326228
0 0.039844329132690884 0.31881371640407785 0.05448480355819124 0.6042632066728453
0 0.16771682727946627 0.34638554216867473 0.310229799851742 0.6612604263206673
0 0.1762416604892513 0.31371640407784984 0.32727946627131205 0.5940685820203893
0 0.1706819866567828 0.29402224281742356 0.31022979985174204 0.5602409638554217
0 0.20126019273535953 0.3290083410565338 0.3699036323202372 0.6246524559777572
0 0.3404373610081542 0.32506950880444857 0.6645663454410674 0.6223354958294717
5 0.1873610081541883 0.5085727525486562 0.19236471460340993 0.9263206672845226
5 0.4579318013343217 0.3169601482854495 0.8787991104521867 0.5783132530120483
5 0.35118606375092665 0.21153846153846154 0.3836174944403261 0.35449490268767375
