2 0.10302734375 0.5009765625 0.0556640625 0.580078125
2 0.18017578125 0.345703125 0.0498046875 0.38671875
2 0.44189453125 0.6767578125 0.1357421875 0.232421875
2 0.45703125 0.47900390625 0.59375 0.3837890625
2 0.52587890625 0.701171875 0.8291015625 0.37890625
2 0.4072265625 0.16162109375 0.603515625 0.1025390625
2 0.73779296875 0.73583984375 0.4736328125 0.4775390625
4 0.48095703125 0.2412109375 0.0341796875 0.150390625
2 0.38134765625 0.34619140625 0.0634765625 0.0556640625
3 0.67041015625 0.705078125 0.4365234375 0.26171875
