4 0.56314 0.6791499999999999 0.17159999999999997 0.12438000000000005
4 0.593205 0.34313 0.5490300000000001 0.10333999999999999
6 0.4623 0.350555 0.74792 0.04888999999999999
6 0.92738 0.425745 0.04718 0.17326999999999992
6 0.552495 0.20359 0.28723 0.13241999999999998
6 0.40657000000000004 0.09839 0.4061 0.0656
0 0.925535 0.11386 0.03422999999999998 0.11385999999999999
0 0.579095 0.039295 0.7271099999999999 0.02289
2 0.900555 0.10117499999999999 0.008329999999999949 0.06745
2 0.64223 0.037125000000000005 0.59528 0.02475
4 0.46415 0.616955 0.7590199999999999 0.27351
2 0.74237 0.262375 0.47826 0.47029000000000004
3 0.576315 0.16646 0.09990999999999994 0.10768
