4 0.710935 0.185935 0.3156300000000001 0.08437
1 0.7593799999999999 0.70469 0.04999999999999993 0.38646
0 0.7832049999999999 0.1026 0.31797 0.07604
0 0.824995 0.115625 0.28125 0.13124999999999998
0 0.754685 0.192185 0.39686999999999995 0.30521
0 0.7363299999999999 0.189585 0.46172 0.29583000000000004
0 0.7152350000000001 0.18594 0.49141 0.18438
0 0.72578 0.301565 0.47344 0.49063
0 0.70156 0.30989999999999995 0.51562 0.44895999999999997
0 0.68047 0.065105 0.57656 0.034370000000000005
0 0.673045 0.09271000000000001 0.59453 0.08542000000000001
0 0.6835950000000001 0.252605 0.60781 0.45105
0 0.66797 0.24375 0.63282 0.41250000000000003
0 0.65859 0.35625 0.6640599999999999 0.6625
0 0.813675 0.31354 0.34453 0.5770799999999999
