5 0.464355 0.340335 0.74707 0.08887
5 0.487305 0.246585 0.54101 0.14551
5 0.7709999999999999 0.50635 0.29003999999999996 0.86816
5 0.629395 0.512205 0.60449 0.6064499999999999
5 0.506345 0.5141600000000001 0.7880900000000001 0.84472
5 0.53662 0.347655 0.84472 0.61719
5 0.7504850000000001 0.40869 0.3544900000000001 0.7119200000000001
5 0.8652299999999999 0.356445 0.17577999999999994 0.5722700000000001
5 0.899905 0.34130499999999997 0.04785000000000006 0.57715
5 0.93555 0.305665 0.011719999999999953 0.44727
5 0.729495 0.05176 0.37695 0.02148
5 0.60547 0.078615 0.63282 0.041990000000000006
5 0.802735 0.45019499999999996 0.29296999999999995 0.81445
5 0.836425 0.49902 0.25293 0.94336
5 0.54492 0.402345 0.84766 0.75781
5 0.9682649999999999 0.33984 0.002929999999999988 0.60156
5 0.55957 0.498535 0.7949200000000001 0.9072300000000001
5 0.49805 0.33203 0.94922 0.60156
2 0.55957 0.14257999999999998 0.8418 0.19921999999999998
2 0.501465 0.111815 0.93847 0.11035
2 0.648925 0.44091499999999995 0.65137 0.77637
2 0.794435 0.5039049999999999 0.33691000000000004 0.89843
2 0.9575199999999999 0.27099500000000004 0.049799999999999955 0.50683
2 0.939945 0.13916 0.008789999999999965 0.19628
2 0.59131 0.34375 0.74316 0.64062
