2 0.31201 0.49658500000000005 0.17479999999999998 0.59863
5 0.46924 0.24707 0.5341800000000001 0.10351999999999997
5 0.463865 0.22509500000000002 0.73633 0.10059000000000001
2 0.649415 0.188965 0.34179 0.17871
5 0.566895 0.429685 0.8076099999999999 0.79687
5 0.56787 0.40967 0.78222 0.7373000000000001
5 0.48340000000000005 0.25830000000000003 0.88476 0.35644000000000003
5 0.53174 0.23437999999999998 0.8623000000000001 0.375
5 0.768065 0.445315 0.40527 0.82813
5 0.65039 0.424805 0.6211 0.78711
5 0.697265 0.39551000000000003 0.5585899999999999 0.74414
5 0.704105 0.36865000000000003 0.53711 0.68652
5 0.679685 0.35253500000000004 0.5703100000000001 0.65039
5 0.51514 0.36621499999999996 0.90332 0.66211
5 0.658205 0.032229999999999995 0.6210899999999999 0.005859999999999997
4 0.681155 0.22070499999999998 0.33690999999999993 0.27735
