2 0.9375 0.08507 0.034720000000000084 0.04514
2 0.834635 0.044274999999999995 0.10328999999999999 0.02257
2 0.445745 0.041665 0.6050300000000001 0.02083
2 0.7643249999999999 0.511285 0.15017000000000003 0.91841
0 0.6644950000000001 0.10156000000000001 0.49393000000000004 0.09896
0 0.64757 0.09678500000000001 0.6007 0.14149
0 0.625 0.054685 0.6736200000000001 0.03992999999999999
0 0.601565 0.08637 0.7552099999999999 0.12065999999999999
0 0.555125 0.10981 0.83073 0.17448
0 0.54514 0.123695 0.85416 0.18836999999999998
0 0.612845 0.23307499999999998 0.71181 0.42101
4 0.621095 0.309025 0.1762100000000001 0.11111000000000004
4 0.40842 0.457465 0.32031999999999994 0.21354999999999996
4 0.71441 0.507815 0.0017400000000000748 0.7170099999999999
0 0.67448 0.038195 0.5816 0.04861
0 0.70269 0.04427 0.52864 0.05381999999999999
