5 0.464845 0.308595 0.7656299999999999 0.054690000000000016
5 0.76221 0.55371 0.0048800000000001065 0.61524
5 0.578125 0.47266 0.7265699999999999 0.72656
2 0.637205 0.18213 0.54199 0.2041
5 0.545895 0.23486 0.6113299999999999 0.23926000000000003
4 0.402835 0.40967 0.05957000000000001 0.018559999999999965
5 0.481445 0.320805 0.84179 0.43456999999999996
5 0.7519549999999999 0.36377 0.39452999999999994 0.65332
5 0.8046850000000001 0.370605 0.32031 0.70605
5 0.885255 0.2251 0.15527000000000002 0.36816
5 0.9375 0.088865 0.04688000000000003 0.11523
5 0.89844 0.109865 0.125 0.13769
5 0.8662099999999999 0.07471 0.17381999999999997 0.06738
5 0.879885 0.11084000000000001 0.17773000000000005 0.15528
5 0.62256 0.42139000000000004 0.6650400000000001 0.76074
