6 0.2971785383903793 0.12283415841584158 0.16234967622571694 0.0686881188118812
6 0.11100832562442182 0.3632425742574258 0.06290471785383903 0.053217821782178154
6 0.5548103607770583 0.18842821782178218 0.5971322849213692 0.1058168316831683
6 0.5187326549491212 0.4195544554455446 0.8506012950971324 0.17079207920792072
2 0.2682701202590194 0.2750618811881188 0.4588344125809436 0.4436881188118812
4 0.24098057354301572 0.6246905940594059 0.1063829787234043 0.04888613861386126
4 0.6880203515263645 0.4251237623762376 0.27983348751156356 0.23886138613861396
4 0.5515726179463459 0.6253094059405941 0.5795559666975023 0.16398514851485135
0 0.4801110083256244 0.12066831683168316 0.8344125809435708 0.008663366336633671
0 0.1519426456984274 0.08415841584158415 0.10592044403330247 0.039603960396039584
