4 0.23416 0.521 0.13584000000000002 0.14745999999999998
2 0.37712999999999997 0.119145 0.35528 0.019529999999999992
0 0.19711499999999998 0.197265 0.10164999999999999 0.08202999999999999
0 0.238915 0.191405 0.32203000000000004 0.28125
0 0.29733 0.19775500000000001 0.38188 0.30567
2 0.284505 0.25586 0.36383 0.33204
2 0.44647499999999996 0.10742499999999999 0.74095 0.08202999999999999
2 0.12017 0.075195 0.09974 0.07227
7 0.295435 0.36816499999999996 0.10829 0.03321000000000002
7 0.46357 0.49365 0.019000000000000017 0.5458999999999999
2 0.20471499999999998 0.180175 0.28403 0.30175
2 0.237965 0.18164000000000002 0.32773 0.29296
2 0.11732000000000001 0.177735 0.13204 0.25391
2 0.16861500000000001 0.15576 0.21943000000000001 0.20606000000000002
2 0.282135 0.022949999999999998 0.41987 0.0127
