4 0.296765 0.306275 0.037270000000000025 0.19423
6 0.3563 0.44298 0.17996 0.17479999999999996
2 0.17133500000000002 0.563995 0.020910000000000012 0.55229
2 0.317445 0.521415 0.032269999999999965 0.82769
2 0.44128500000000004 0.46788 0.64625 0.8540800000000001
2 0.46786500000000003 0.481075 0.69033 0.87051
2 0.494455 0.40936 0.77623 0.6991999999999999
2 0.362885 0.275645 0.49490999999999996 0.41783
2 0.29722 0.38595999999999997 0.37266 0.68028
0 0.28358500000000003 0.37824 0.39447000000000004 0.69472
0 0.49355 0.40463 0.77804 0.7156399999999999
0 0.434695 0.366035 0.6766899999999999 0.6324700000000001
0 0.44150999999999996 0.46713 0.64124 0.85458
0 0.457415 0.47161000000000003 0.69669 0.89542
0 0.148385 0.47759 0.08771 0.8794799999999999
0 0.16633 0.463645 0.10362 0.89541
0 0.18042 0.463395 0.11543999999999999 0.86903
0 0.21155000000000002 0.51021 0.10497999999999999 0.8829600000000001
0 0.21019 0.49527 0.19496 0.9248000000000001
0 0.24314000000000002 0.503735 0.19360000000000002 0.95369
2 0.26018 0.248505 0.33676 0.43724999999999997
2 0.50195 0.36529 0.7076 0.5731999999999999
2 0.437195 0.366035 0.6689700000000001 0.62849
2 0.0534 0.16957 0.0022799999999999973 0.22958
2 0.072485 0.19447499999999998 0.026809999999999994 0.34313
1 0.14361000000000002 0.258465 0.054540000000000005 0.27391
