5 0.55695 0.27295 0.53688 0.08886
5 0.449 0.39893 0.78336 0.7158199999999999
5 0.456165 0.44531 0.80533 0.75
5 0.34105 0.473145 0.5216 0.82519
5 0.475745 0.47705000000000003 0.80629 0.85644
5 0.19345 0.454105 0.24170000000000003 0.77539
5 0.08741 0.43407999999999997 0.0066799999999999915 0.73144
5 0.07356 0.35253999999999996 0.028659999999999998 0.55664
5 0.10222 0.313965 0.08216000000000001 0.55371
5 0.339615 0.4043 0.54549 0.7148399999999999
5 0.38977 0.353515 0.66108 0.59765
4 0.32194 0.21631 0.33818000000000004 0.28808
5 0.39359 0.358885 0.71458 0.65137
5 0.343915 0.2959 0.61905 0.5293
5 0.300445 0.27197 0.51683 0.47753999999999996
5 0.309045 0.42578 0.52637 0.78906
5 0.365885 0.50293 0.6438900000000001 0.9589799999999999
5 0.21446500000000002 0.43603499999999995 0.35251 0.82911
5 0.227845 0.47363 0.36015 0.8925799999999999
5 0.066395 0.35205 0.06401000000000001 0.6611400000000001
5 0.34199999999999997 0.08936 0.59612 0.09667999999999999
5 0.48195499999999997 0.25879 0.90277 0.44726
5 0.49772 0.348145 0.93812 0.63769
