5 0.28429 0.18213 0.42622000000000004 0.24316
5 0.213995 0.239745 0.27851000000000004 0.36621
5 0.164615 0.23096 0.17618999999999999 0.40332
2 0.517425 0.256835 0.5685899999999999 0.20898999999999998
2 0.48628 0.34228499999999995 0.69494 0.41502999999999995
2 0.44891 0.121585 0.70206 0.020510000000000014
2 0.449355 0.518555 0.59261 0.81055
3 0.570365 0.69336 0.20821 0.34765999999999997
2 0.457805 0.09082000000000001 0.8052699999999999 0.06446
2 0.475155 0.197265 0.8542099999999999 0.24608999999999998
