1 0.559115 0.550295 0.41337 0.66699
5 0.31126 0.40967000000000003 0.18116 0.45606
5 0.35695999999999994 0.2583 0.34171999999999997 0.21581999999999998
5 0.36972 0.168455 0.25856 0.08886999999999999
5 0.190625 0.061035 0.26597000000000004 0.022470000000000004
0 0.27544 0.573245 0.03870000000000001 0.45117
5 0.302205 0.52783 0.02141000000000004 0.79394
5 0.25362 0.44287 0.17786000000000002 0.7724599999999999
0 0.083575 0.35791 0.06505 0.49316
0 0.08070000000000001 0.11914 0.06258 0.07422
0 0.09758 0.137205 0.07657999999999998 0.18457
0 0.06135 0.19043 0.013999999999999992 0.12304000000000001
4 0.24456 0.59375 0.037880000000000025 0.375
3 0.5710500000000001 0.6230450000000001 0.44054000000000004 0.18359000000000003
5 0.37837 0.29004 0.52288 0.47852
5 0.3866 0.25586 0.5657 0.42578
5 0.40184 0.25 0.60934 0.41406
5 0.49694499999999997 0.19482 0.52617 0.09667999999999999
5 0.44136 0.0542 0.40184 0.028320000000000005
5 0.44136 0.08643 0.56982 0.028319999999999998
5 0.42695 0.339845 0.5706399999999999 0.57031
5 0.49036 0.336425 0.62828 0.55175
5 0.36602 0.42822 0.41584 0.7666000000000001
5 0.39154500000000003 0.448245 0.44383 0.8027299999999999
5 0.353255 0.46288999999999997 0.37712999999999997 0.84766
5 0.246205 0.159665 0.34748999999999997 0.19043
5 0.27172999999999997 0.216305 0.3689 0.26465
5 0.10581 0.44287 0.09140000000000001 0.81934
5 0.142455 0.38427500000000003 0.008230000000000015 0.66309
0 0.084405 0.29248 0.00247 0.24512000000000003
0 0.08193 0.2124 0.01564 0.2959
0 0.0774 0.17432 0.03294 0.22754000000000002
0 0.31126000000000004 0.21582 0.4183 0.36914
0 0.31455500000000003 0.20166 0.47759 0.36036
0 0.23632999999999998 0.32617 0.24867999999999998 0.5742200000000001
0 0.260615 0.34131 0.26103 0.62402
0 0.36684 0.27880499999999997 0.5360600000000001 0.51465
2 0.47553500000000004 0.18408000000000002 0.59205 0.11426
