2 0.393655 0.595705 0.01306999999999997 0.23047
2 0.37568500000000005 0.10497999999999999 0.49983000000000005 0.020500000000000004
2 0.47941 0.218265 0.6092599999999999 0.04199
4 0.510445 0.499515 0.01796999999999993 0.12793
7 0.45654 0.31641 0.031039999999999957 0.28906
2 0.416115 0.253905 0.6427499999999999 0.32031
2 0.36058 0.10059 0.6002799999999999 0.13086
2 0.39079 0.046875 0.71952 0.03125
2 0.45123 0.18506 0.7815799999999999 0.15527999999999997
1 0.652955 0.5454100000000001 0.2556299999999999 0.7041000000000001
