6 0.30589500000000003 0.13892500000000002 0.15747000000000003 0.08107
6 0.579155 0.18626 0.53725 0.11262
6 0.5299699999999999 0.43193000000000004 0.7705799999999999 0.10644000000000003
6 0.13012 0.41244000000000003 0.05557999999999999 0.06497999999999998
4 0.49402 0.570235 0.07234000000000007 0.34714999999999996
3 0.554225 0.624075 0.36037 0.14171
3 0.41683000000000003 0.595605 0.013239999999999974 0.39171000000000006
0 0.48983 0.10581499999999999 0.7661800000000001 0.02599
0 0.18106499999999998 0.09406 0.07807 0.029700000000000004
2 0.28252 0.26639999999999997 0.42742 0.46596
