4 0.471205 0.490235 0.07780999999999993 0.14453
5 0.55983 0.21875 0.21702000000000005 0.07032000000000002
5 0.434465 0.37451500000000004 0.5542100000000001 0.54199
5 0.47120999999999996 0.455565 0.62078 0.65723
5 0.36875 0.34668 0.51616 0.62304
5 0.467315 0.16553 0.79629 0.18652000000000002
5 0.33071 0.30371 0.48158 0.52148
5 0.35319 0.3125 0.51962 0.51562
2 0.30088000000000004 0.273925 0.44960000000000006 0.48924999999999996
2 0.34065 0.14550999999999997 0.56372 0.22069999999999998
2 0.295695 0.13281 0.49454999999999993 0.22656
2 0.30953 0.14599499999999999 0.5153 0.25683
1 0.55464 0.56494 0.51444 0.5947199999999999
