2 0.7371300000000001 0.625 0.46334 0.40624
2 0.07419 0.46728499999999995 0.004779999999999993 0.82911
1 0.555715 0.538575 0.52939 0.69043
2 0.26757 0.476565 0.19049999999999997 0.44530999999999993
2 0.253685 0.151855 0.28145 0.06738999999999999
2 0.332665 0.14502 0.4049499999999999 0.08886000000000001
2 0.28911000000000003 0.16113 0.44802000000000003 0.14257999999999998
2 0.376705 0.146975 0.6308699999999999 0.04784999999999999
2 0.34511000000000003 0.16650500000000001 0.58684 0.13379
2 0.44323500000000005 0.20166 0.66055 0.18066000000000004
2 0.452805 0.25732499999999997 0.7447900000000001 0.33887
2 0.09956000000000001 0.11816 0.042120000000000005 0.005860000000000004
2 0.461425 0.1626 0.68543 0.06934000000000001
2 0.517905 0.28759500000000005 0.80989 0.03809000000000001
0 0.502585 0.43408 0.87881 0.61426
