5 0.47499 0.21988 0.66808 0.12279999999999996
5 0.429135 0.095225 0.77073 0.13299
5 0.43412 0.211075 0.7330800000000001 0.37581
5 0.46469 0.22613499999999997 0.7787799999999999 0.38183
5 0.46019 0.28684 0.65134 0.3809
5 0.431065 0.3684 0.50557 0.52178
5 0.479655 0.474745 0.6272099999999999 0.43605
5 0.485775 0.47080999999999995 0.5853700000000001 0.78962
5 0.36251999999999995 0.36584500000000003 0.44183999999999996 0.53707
0 0.164925 0.21455000000000002 0.16509000000000001 0.28452
0 0.153825 0.11306999999999999 0.16863 0.16682
0 0.17426 0.148515 0.16443999999999998 0.17285
0 0.067745 0.03684 0.07627 0.01622
0 0.176675 0.06117 0.27482999999999996 0.07044
0 0.2029 0.0892 0.326 0.10981999999999999
0 0.237015 0.10565000000000001 0.35045 0.13346
0 0.22285 0.12673500000000001 0.32342000000000004 0.18489
0 0.228965 0.20111 0.31119 0.31696
0 0.189545 0.157555 0.26453 0.26320999999999994
1 0.6008199999999999 0.552365 0.21689999999999998 0.67099
5 0.47049 0.36863 0.7144199999999999 0.65384
4 0.48127 0.49536499999999994 0.23073999999999995 0.32159
5 0.408055 0.13948 0.63589 0.10102
5 0.35657 0.16241999999999998 0.58312 0.21917999999999999
0 0.44297000000000003 0.408945 0.66068 0.79009
0 0.43927000000000005 0.39597 0.65842 0.76784
0 0.46469499999999997 0.362375 0.71957 0.67285
0 0.45118 0.444165 0.65778 0.85681
0 0.42801 0.241425 0.71442 0.45691000000000004
0 0.45681 0.217565 0.79004 0.40361
0 0.441685 0.37512 0.6709700000000001 0.71872
0 0.42994 0.37164 0.6539200000000001 0.70992
0 0.461315 0.447405 0.67291 0.86329
5 0.52037 0.530125 0.7137800000000001 0.34847
5 0.28722 0.40176 0.32728 0.75162
5 0.294295 0.40153 0.35431 0.7530199999999999
5 0.17796 0.38554 0.13066 0.7265999999999999
