6 0.26368 0.592285 0.10478000000000001 0.18847000000000003
2 0.31779 0.413575 0.23706 0.44825000000000004
2 0.28644000000000003 0.10742 0.4595 0.08984
2 0.29503 0.172855 0.42857999999999996 0.12695
2 0.45135 0.34912 0.63128 0.56934
2 0.48227000000000003 0.35596 0.72748 0.5517599999999999
2 0.15331 0.111815 0.18982 0.0009699999999999986
2 0.23533500000000002 0.055175 0.35387 0.026370000000000005
2 0.16104000000000002 0.19433499999999998 0.09190000000000001 0.20898999999999998
2 0.09491 0.224125 0.014600000000000002 0.30371
2 0.165335 0.265135 0.024910000000000015 0.33104999999999996
2 0.146015 0.43994 0.006869999999999987 0.7041
2 0.14773 0.399415 0.061840000000000006 0.70507
2 0.15417 0.48535 0.01976 0.8457
2 0.134845 0.46875 0.03606999999999999 0.82812
1 0.08760499999999999 0.173825 0.037790000000000004 0.05859
0 0.1254 0.30029500000000003 0.02748000000000002 0.42481
0 0.13356 0.32128500000000004 0.030060000000000003 0.52539
0 0.065705 0.27782999999999997 0.045529999999999994 0.42676
0 0.074295 0.40918 0.06956999999999999 0.7011799999999999
0 0.07644 0.373535 0.05668 0.62597
0 0.075585 0.3374 0.041229999999999996 0.5458999999999999
2 0.31049000000000004 0.35791 0.40110000000000007 0.64942
2 0.29546 0.28467 0.40196 0.4873
2 0.34441499999999997 0.052735 0.45521 0.03515
2 0.266685 0.50879 0.22761 0.93164
