4 0.57766 0.450685 0.19529999999999997 0.18066999999999994
5 0.5343150000000001 0.194825 0.52473 0.057609999999999995
5 0.38054499999999997 0.5463899999999999 0.44350999999999996 0.53418
5 0.205785 0.40625 0.15605 0.6015600000000001
2 0.360925 0.49658 0.44077 0.81738
2 0.176585 0.378905 0.19984999999999997 0.6718700000000001
5 0.4718 0.288085 0.82314 0.51367
5 0.487775 0.311035 0.8441299999999999 0.5478500000000001
5 0.49507 0.373535 0.8550800000000001 0.5947300000000001
5 0.432105 0.2793 0.74375 0.48828000000000005
5 0.4572 0.299805 0.7647400000000001 0.49022999999999994
5 0.370505 0.325195 0.48549 0.5175700000000001
