2 0.25971 0.326 0.17868000000000003 0.37951999999999997
5 0.42747999999999997 0.075995 0.65412 0.059309999999999995
5 0.482715 0.39296000000000003 0.76597 0.69694
5 0.51024 0.37604 0.84734 0.6612600000000001
0 0.142145 0.24838 0.11947 0.39666
0 0.11998500000000001 0.26645 0.06545000000000001 0.4254
0 0.34178 0.31209499999999996 0.50072 0.53337
0 0.39111999999999997 0.374885 0.5537 0.53105
0 0.351475 0.380905 0.45085 0.63207
0 0.31234500000000004 0.33712000000000003 0.44047000000000003 0.60936
0 0.305935 0.37651 0.40549 0.65848
0 0.23218 0.32020000000000004 0.29259999999999997 0.57368
5 0.45674 0.49096000000000006 0.48548 0.28406000000000003
5 0.32169000000000003 0.098935 0.06717999999999996 0.06348999999999999
5 0.29278000000000004 0.18443 0.30992000000000003 0.11306
5 0.42056 0.09268000000000001 0.3397 0.05932
5 0.124485 0.161725 0.04121 0.21223000000000003
5 0.132455 0.105885 0.08345 0.11723
5 0.374845 0.46153500000000003 0.5543899999999999 0.8378099999999999
5 0.44617999999999997 0.38647 0.71368 0.7247399999999999
5 0.48011499999999996 0.427945 0.78847 0.79101
5 0.302995 0.42168500000000003 0.43147 0.78035
5 0.38766 0.273635 0.41657999999999995 0.36747
0 0.37 0.45921999999999996 0.5627 0.8406
0 0.47613500000000003 0.42261000000000004 0.79713 0.80074
0 0.44116 0.383225 0.7258 0.73679
0 0.505915 0.36052 0.85531 0.68768
1 0.46055 0.26483 0.53742 0.07646
1 0.274945 0.064875 0.23131000000000002 0.04077
1 0.51544 0.50672 0.62642 0.68906
1 0.40151 0.47567 0.48168 0.7493
0 0.35753500000000005 0.36816499999999996 0.53223 0.66405
0 0.34299 0.31812 0.52946 0.58248
0 0.1605 0.18883 0.17834 0.35728000000000004
5 0.167425 0.19508499999999998 0.17003000000000001 0.34569
5 0.11635000000000001 0.25533 0.07342 0.44021999999999994
