0 0.3382 0.406165 0.3556 0.7252099999999999
0 0.34284 0.375345 0.42586 0.6728500000000001
0 0.40878499999999995 0.35680999999999996 0.52329 0.63578
0 0.415085 0.397125 0.49478999999999995 0.6756300000000001
0 0.35311 0.396895 0.44109999999999994 0.7363299999999999
0 0.36752999999999997 0.43489500000000003 0.38112 0.78637
5 0.43033 0.17192000000000002 0.5889 0.1696
5 0.411775 0.053755 0.45767 0.02595
5 0.287995 0.076695 0.27639 0.004170000000000007
5 0.19701999999999997 0.096155 0.13024 0.10149
5 0.206465 0.09731499999999998 0.16371000000000002 0.09452999999999999
5 0.176805 0.10518999999999999 0.10041 0.13624
5 0.10472500000000001 0.17053 0.04773000000000001 0.24838
5 0.5014149999999999 0.34267499999999995 0.75097 0.59453
0 0.50589 0.025485 0.76124 0.004629999999999999
0 0.500755 0.05931499999999999 0.7469899999999999 0.044489999999999995
5 0.29512 0.197635 0.025519999999999987 0.01158999999999999
5 0.404975 0.18373499999999998 0.13389 0.10149
5 0.48816000000000004 0.3538 0.41824 0.005099999999999993
5 0.261975 0.11979 0.08185 0.07368
5 0.36554000000000003 0.34685 0.35062000000000004 0.53244
0 0.15709 0.305145 0.07954000000000001 0.58249
0 0.157585 0.29194 0.09113 0.56534
0 0.16206 0.30329 0.08948000000000002 0.57878
0 0.145485 0.25232 0.06429000000000001 0.47312
0 0.14582 0.264595 0.06760000000000001 0.49583
0 0.39338 0.344765 0.55212 0.65987
0 0.41757 0.1323 0.6018399999999999 0.19601999999999997
0 0.415415 0.145735 0.60283 0.26366999999999996
0 0.494955 0.327615 0.76455 0.6218699999999999
0 0.20348 0.07391 0.17896 0.12372
0 0.20232 0.08155499999999999 0.17266000000000004 0.14087
0 0.168355 0.092215 0.11533 0.15849
0 0.37631 0.03684 0.51534 0.02734
0 0.37929 0.018535 0.5067200000000001 0.00741
0 0.267445 0.031045 0.30952999999999997 0.04727
0 0.267615 0.054445 0.31118999999999997 0.08850999999999999
0 0.16736 0.015290000000000002 0.11068000000000001 0.00464
5 0.43315000000000003 0.449955 0.47258 0.54773
5 0.347315 0.378595 0.41359 0.65709
5 0.33969 0.40917499999999996 0.35062000000000004 0.70343
5 0.35477000000000003 0.40153000000000005 0.43116 0.72336
5 0.309035 0.45342499999999997 0.31981000000000004 0.79379
5 0.387245 0.444855 0.34367000000000003 0.7451300000000001
