1 0.32585 0.457175 0.2195 0.44953
1 0.223265 0.41574 0.16293 0.5426
1 0.24415 0.48657500000000004 0.21051999999999998 0.70277
0 0.16838999999999998 0.1669 0.18525999999999998 0.2912
0 0.310315 0.23217500000000002 0.43996999999999997 0.39213
0 0.284575 0.234025 0.40599 0.41065
0 0.31614000000000003 0.396295 0.46426 0.69629
0 0.320995 0.43727000000000005 0.46910999999999997 0.76898
0 0.300725 0.362035 0.44605000000000006 0.65741
0 0.306305 0.37755 0.44945 0.6939799999999999
0 0.308375 0.38773 0.4516300000000001 0.72546
0 0.309465 0.40300499999999995 0.46060999999999996 0.74861
0 0.21525500000000003 0.49189499999999997 0.27025 0.92639
0 0.19205999999999998 0.47199 0.22096 0.89028
0 0.2416 0.475695 0.30934 0.83101
0 0.25398 0.44259 0.33216 0.8222200000000001
0 0.26661 0.430555 0.35936 0.80185
0 0.272435 0.46527999999999997 0.37781 0.81574
0 0.259685 0.47292 0.35621 0.8254600000000001
0 0.2643 0.473845 0.37612 0.89769
0 0.260175 0.480325 0.35621 0.91065
0 0.22885 0.503935 0.28774 0.96157
0 0.28226999999999997 0.28912 0.40621999999999997 0.50602
0 0.28542500000000004 0.29375 0.42419 0.5337999999999999
0 0.307035 0.31898 0.42272999999999994 0.5342600000000001
0 0.31869 0.330785 0.4849 0.61157
0 0.16741999999999999 0.14421499999999998 0.17944 0.25695
0 0.27268000000000003 0.03634 0.31614000000000003 0.015279999999999998
0 0.272925 0.19329000000000002 0.39627 0.3588
0 0.293195 0.208565 0.42225 0.37083
