6 0.10533500000000001 0.39604 0.05877 0.05445999999999995
6 0.28775 0.13396999999999998 0.15868000000000002 0.08106
6 0.57504 0.16491 0.54068 0.10334
6 0.52396 0.40223 0.81464 0.09654000000000001
4 0.321205 0.54548 0.14783000000000002 0.12438000000000005
4 0.447105 0.13026 0.30289000000000005 0.07858000000000001
3 0.44326 0.5327999999999999 0.04927999999999999 0.15718
4 0.5359349999999999 0.58416 0.7047899999999999 0.44554000000000005
2 0.275765 0.273825 0.44303 0.45607
0 0.47898 0.099315 0.79882 0.026609999999999995
0 0.153255 0.09034500000000001 0.09313 0.03713000000000001
