5 0.28617499999999996 0.442385 0.03521000000000002 0.43945
5 0.47656 0.464355 0.5568 0.44043
5 0.36397 0.49951 0.20716 0.8310599999999999
0 0.174 0.20166 0.02209999999999998 0.21972000000000003
0 0.43806999999999996 0.11816 0.79098 0.18164
0 0.438075 0.42528999999999995 0.57809 0.55762
0 0.11996000000000001 0.43456999999999996 0.08270000000000001 0.7207
0 0.15598499999999998 0.5146499999999999 0.10071 0.85742
0 0.19733499999999998 0.10790999999999999 0.26039 0.10253999999999999
0 0.08598 0.048339999999999994 0.040940000000000004 0.03221999999999999
0 0.023335 0.09814500000000001 0.01065 0.10645
0 0.26120499999999996 0.191895 0.35864999999999997 0.32519000000000003
0 0.35291500000000003 0.19970500000000002 0.56499 0.28613
0 0.266115 0.39990000000000003 0.047490000000000004 0.49902
