4 0.59219 0.7013400000000001 0.30906000000000006 0.43420000000000003
5 0.36608 0.21339 0.1048 0.13113999999999998
1 0.12558 0.41473499999999996 0.058620000000000005 0.05839
0 0.455955 0.10704 0.76271 0.11770000000000001
0 0.404265 0.063255 0.69201 0.057929999999999995
0 0.39503 0.08225500000000001 0.6508 0.08851
0 0.40675 0.08363999999999999 0.68278 0.0987
0 0.40995 0.11932500000000001 0.66786 0.11817000000000001
0 0.397165 0.152455 0.65791 0.20853
0 0.438015 0.15269 0.72825 0.21084
0 0.535705 0.17748 0.7246900000000001 0.21408
0 0.478335 0.22937999999999997 0.8046300000000001 0.31418
0 0.46554500000000004 0.23957499999999998 0.80747 0.40871
0 0.451695 0.26459499999999997 0.76839 0.43281
5 0.39929 0.32646 0.6437 0.53986
5 0.35329 0.24722 0.57158 0.41844000000000003
0 0.48988000000000004 0.086885 0.83624 0.06441
0 0.468565 0.06673 0.82629 0.04447999999999999
0 0.44974000000000003 0.050975 0.75454 0.020390000000000005
0 0.465905 0.031975 0.79823 0.012049999999999998
0 0.448135 0.332485 0.7953899999999999 0.63345
0 0.477095 0.333875 0.8490300000000001 0.63623
0 0.45115500000000003 0.260195 0.80001 0.49629
0 0.45275499999999996 0.297035 0.80747 0.5607099999999999
0 0.26075 0.17331000000000002 0.41066 0.31326
0 0.35773 0.202965 0.07318000000000002 0.13531
5 0.20887999999999998 0.15871 0.29414 0.25996
5 0.34565 0.5011599999999999 0.56768 0.94856
5 0.38384 0.37002 0.6511600000000001 0.68628
5 0.447075 0.417515 0.7762100000000001 0.76089
5 0.45187 0.455745 0.79148 0.84661
5 0.44885 0.47335499999999997 0.78828 0.87443
5 0.503915 0.34847 0.87283 0.6265
5 0.45098 0.28985500000000003 0.7627 0.51483
1 0.358795 0.587815 0.18473 0.45829000000000003
0 0.381175 0.30584 0.66857 0.58202
0 0.46306 0.123955 0.81528 0.20898999999999998
0 0.46075 0.112605 0.8120799999999999 0.18443
0 0.41279000000000005 0.16473500000000002 0.7247 0.29425
0 0.410835 0.146895 0.7264700000000001 0.27154999999999996
0 0.429315 0.15407500000000002 0.7548900000000001 0.28035
0 0.34618000000000004 0.15964 0.59148 0.29518
7 0.5984050000000001 0.40476999999999996 0.35133000000000003 0.17470000000000002
