5 0.41119 0.55469 0.44352 0.66406
5 0.238155 0.44091499999999995 0.05737000000000003 0.58887
5 0.267755 0.32665999999999995 0.30965 0.57128
5 0.4162 0.399905 0.54826 0.61621
5 0.396165 0.359865 0.5773900000000001 0.59863
5 0.499075 0.28857499999999997 0.73951 0.44043
5 0.57239 0.25488500000000003 0.54006 0.13477
4 0.56237 0.384765 0.03369999999999995 0.011709999999999998
5 0.41529 0.424315 0.6375000000000001 0.79785
5 0.49861999999999995 0.30078 0.81874 0.53906
5 0.45809500000000003 0.254395 0.73769 0.45801
5 0.37476 0.358395 0.5200199999999999 0.66211
5 0.405725 0.398925 0.6110899999999999 0.73925
1 0.409825 0.52051 0.44806999999999997 0.85352
2 0.40390499999999996 0.070315 0.62931 0.07813
2 0.52549 0.14745999999999998 0.8032600000000001 0.2168
2 0.484505 0.191895 0.80143 0.31739
2 0.4672 0.20752 0.77412 0.35644000000000003
2 0.360645 0.414065 0.51729 0.76563
2 0.193075 0.40918 0.21857000000000001 0.62304
0 0.40708999999999995 0.374515 0.58104 0.69043
0 0.16347499999999998 0.39014000000000004 0.13751 0.74512
0 0.15892 0.40283 0.1357 0.75488
0 0.09608 0.45557 0.006379999999999997 0.85254
