2 0.41237 0.248535 0.64042 0.36817
2 0.49700999999999995 0.12744 0.83226 0.040040000000000006
2 0.172095 0.31982499999999997 0.15986999999999996 0.33887
5 0.078055 0.08838 0.03197 0.016600000000000004
5 0.350775 0.31543 0.5849300000000001 0.5214799999999999
2 0.289645 0.44823999999999997 0.30845 0.6074200000000001
2 0.517695 0.484375 0.65547 0.67187
0 0.292465 0.075195 0.53227 0.10351
0 0.31315499999999996 0.13428 0.54355 0.20996
0 0.30422000000000005 0.1792 0.54074 0.22949999999999998
0 0.34936 0.21826 0.5595399999999999 0.26856
0 0.38509499999999997 0.233395 0.68367 0.41211000000000003
0 0.35406499999999996 0.19238 0.61033 0.3457
