2 0.351895 0.19433499999999998 0.49799000000000004 0.24805
2 0.368885 0.220215 0.50867 0.34277
2 0.456735 0.19873 0.80863 0.2373
2 0.41111 0.089355 0.6397200000000001 0.11231
2 0.32568 0.062015 0.04174 0.036129999999999995
2 0.069895 0.078125 0.06212999999999999 0.07031000000000001
2 0.04854 0.15674 0.0038799999999999946 0.09082
2 0.05436 0.3457 0.03105999999999999 0.42578000000000005
2 0.06795 0.48975 0.0038799999999999946 0.6474599999999999
2 0.08348 0.393065 0.08154 0.67285
2 0.131535 0.49706999999999996 0.07281 0.8379
4 0.320345 0.363285 0.05437000000000003 0.03125
1 0.530995 0.543945 0.61157 0.72071
2 0.42373 0.15625 0.78144 0.26561999999999997
0 0.44654 0.17676 0.8154199999999999 0.29102
0 0.420815 0.151365 0.7833899999999999 0.27148999999999995
0 0.33636 0.18506 0.5174000000000001 0.28808
0 0.33199500000000004 0.21045 0.61351 0.3545
0 0.02087 0.317385 0.002919999999999999 0.56445
0 0.047565 0.46484000000000003 0.03301 0.75
0 0.099015 0.467285 0.15921 0.8994099999999999
0 0.240255 0.02246 0.44557 0.01368
0 0.232005 0.037594999999999996 0.42519 0.04785
0 0.170365 0.023434999999999997 0.28249 0.007810000000000001
