5 0.12872499999999998 0.503015 0.004189999999999999 0.25533
5 0.133555 0.228915 0.025449999999999987 0.33179
5 0.198965 0.185125 0.03963 0.0013900000000000023
5 0.317535 0.06301999999999999 0.49845000000000006 0.007419999999999996
5 0.5226200000000001 0.5046350000000001 0.13404000000000005 0.28267000000000003
5 0.44384 0.40848 0.35925999999999997 0.63346
5 0.295145 0.51622 0.16239 0.82854
5 0.321725 0.512745 0.24777000000000002 0.8975899999999999
5 0.41081500000000004 0.52479 0.31511000000000006 0.78452
5 0.43176 0.44277 0.5774 0.77248
5 0.458345 0.448565 0.6086499999999999 0.7636700000000001
5 0.438845 0.193235 0.09150999999999998 0.18999
0 0.34218000000000004 0.21756 0.5078 0.3443
0 0.378915 0.25788 0.60059 0.43976000000000004
0 0.385525 0.26691 0.6086499999999999 0.4671
0 0.15128 0.39527 0.07313999999999998 0.74606
0 0.15755999999999998 0.409405 0.05348 0.77247
0 0.1719 0.433965 0.06928000000000001 0.8104699999999999
5 0.18703999999999998 0.519925 0.047359999999999985 0.85821
0 0.33413000000000004 0.443 0.29192 0.73772
0 0.32253 0.49722 0.32028 0.8202
0 0.283865 0.39712499999999995 0.29837 0.48284999999999995
0 0.31012500000000004 0.3443 0.40115000000000006 0.6107600000000001
1 0.15627 0.355655 0.03158 0.4462499999999999
5 0.35619999999999996 0.038925 0.63636 0.003709999999999998
5 0.409525 0.063485 0.74043 0.06395
5 0.35007499999999997 0.18883499999999998 0.56225 0.31279
5 0.41162 0.49861 0.49588000000000004 0.77108
1 0.291115 0.24907500000000002 0.14853 0.15987
0 0.072335 0.30746 0.034469999999999994 0.55004
0 0.054775 0.31117 0.07217 0.59082
0 0.04849 0.260195 0.05574 0.48517
0 0.065895 0.264595 0.028029999999999992 0.49583
0 0.061545 0.23841500000000002 0.013529999999999993 0.45273
0 0.075235 0.38485 0.062189999999999995 0.71594
0 0.070725 0.358665 0.06347 0.68397
0 0.082325 0.343375 0.041569999999999996 0.6459699999999999
0 0.08909 0.405005 0.055099999999999996 0.77665
0 0.091345 0.33712000000000003 0.020949999999999996 0.59824
0 0.113095 0.27479000000000003 0.04575000000000001 0.51622
0 0.120505 0.27131500000000003 0.07733000000000001 0.51483
0 0.12856 0.28499 0.0638 0.52178
0 0.247135 0.28452 0.29964999999999997 0.5060199999999999
0 0.28628 0.316495 0.39212 0.58851
0 0.157075 0.30607 0.12985000000000002 0.57322
0 0.17721 0.329005 0.16626000000000002 0.6135299999999999
0 0.205565 0.30491 0.22941 0.56534
0 0.23682 0.32113 0.26228 0.56812
0 0.19429 0.28081500000000004 0.22232000000000002 0.52085
0 0.18237 0.290545 0.20492000000000005 0.5477299999999999
0 0.27742500000000003 0.446245 0.29063 0.84059
0 0.27097499999999997 0.41797999999999996 0.29836999999999997 0.73958
0 0.266625 0.38600500000000004 0.30255 0.72753
0 0.26018 0.39017500000000005 0.26517999999999997 0.71363
0 0.330425 0.43095000000000006 0.40437 0.79518
0 0.32752499999999996 0.43721 0.39082999999999996 0.8095399999999999
0 0.32124 0.44577999999999995 0.36668 0.82484
0 0.28773 0.039850000000000003 0.5368 0.046340000000000006
0 0.11196500000000001 0.104725 0.15047 0.16867000000000001
0 0.11954 0.110985 0.1682 0.19045
0 0.12840000000000001 0.08827499999999999 0.1988 0.12651
0 0.13807 0.07414 0.21039999999999998 0.11492
0 0.092475 0.133455 0.09731000000000001 0.21131
0 0.10100999999999999 0.2032 0.07572 0.3823
0 0.362645 0.461305 0.44303000000000003 0.87257
0 0.374245 0.47497500000000004 0.4765499999999999 0.90917
0 0.3504 0.48656 0.41468000000000005 0.93234
0 0.25277 0.48378 0.23875999999999997 0.9341999999999999
0 0.232955 0.49212 0.19524999999999998 0.95088
0 0.24117500000000003 0.46988 0.22329000000000002 0.91752
0 0.19026500000000002 0.492355 0.10343 0.95319
0 0.146285 0.490265 0.012890000000000013 0.9249299999999999
0 0.132105 0.47637 0.016749999999999987 0.90454
0 0.058965 0.37465000000000004 0.08829 0.69184
0 0.06476499999999999 0.34036 0.06637 0.6417999999999999
0 0.08587 0.38299500000000003 0.04092 0.73819
0 0.10858499999999999 0.342445 0.01869 0.64411
0 0.11132 0.348705 0.01772 0.66589
0 0.13903 0.334335 0.09376 0.6408699999999999
0 0.143705 0.321365 0.10569 0.61863
0 0.14145 0.31418 0.10117999999999999 0.59128
0 0.206535 0.260195 0.25969000000000003 0.49629
0 0.26679 0.256255 0.38020000000000004 0.48657
0 0.28902 0.28429000000000004 0.40662 0.52966
0 0.26839999999999997 0.28730500000000003 0.3525 0.52641
0 0.357325 0.300045 0.5419499999999999 0.57229
0 0.35072000000000003 0.30051 0.53132 0.57322
0 0.22329 0.18280500000000002 0.32672 0.33781
0 0.210885 0.17863500000000002 0.31093000000000004 0.32947
0 0.44078 0.42493000000000003 0.64312 0.8202
0 0.43046999999999996 0.42331 0.62766 0.82252
0 0.41725500000000004 0.42215 0.59995 0.81836
0 0.294985 0.498145 0.31672999999999996 0.96663
0 0.22183999999999998 0.50093 0.16529999999999997 0.98332
