0 0.49237000000000003 0.22363499999999997 0.89522 0.25195
0 0.48118 0.40869 0.86116 0.6416
0 0.355655 0.457035 0.62569 0.82031
0 0.412095 0.045895000000000005 0.45053000000000004 0.025390000000000003
0 0.252995 0.060545 0.40869 0.035149999999999994
0 0.390685 0.07715 0.7035300000000001 0.04492
0 0.201915 0.037599999999999995 0.31040999999999996 0.0009800000000000017
0 0.200935 0.28564500000000004 0.25397 0.42675
2 0.12747 0.34668 0.06422 0.4511799999999999
2 0.4009 0.467775 0.7045 0.86523
2 0.40285 0.44482499999999997 0.73174 0.79981
2 0.38971 0.427735 0.66266 0.5664100000000001
2 0.307975 0.100095 0.51475 0.13379
0 0.368305 0.23242500000000002 0.49529 0.35547
4 0.294355 0.518555 0.14692999999999998 0.23242999999999997
7 0.35906 0.311525 0.25494000000000006 0.01366999999999996
7 0.326465 0.36084 0.34933 0.42089999999999994
0 0.324035 0.405275 0.60525 0.7714899999999999
0 0.16299000000000002 0.30664 0.29484 0.57422
0 0.16250499999999998 0.333495 0.28997 0.63965
0 0.14693499999999998 0.31543 0.25883 0.6074200000000001
0 0.126015 0.210935 0.22089 0.39063
0 0.153745 0.229495 0.23352999999999996 0.41211
