0 0.16974999999999998 0.308335 0.09913999999999999 0.55833
0 0.10114999999999999 0.453645 0.03806 0.84479
0 0.12268 0.473435 0.031039999999999984 0.8593700000000001
0 0.14771499999999999 0.467705 0.05106999999999999 0.8937499999999999
0 0.18577 0.5099 0.043060000000000015 0.92396
0 0.311955 0.52396 0.051070000000000004 0.83958
0 0.25938 0.47708500000000004 0.2704 0.85417
0 0.26739 0.447915 0.31046 0.84583
0 0.2744 0.469795 0.30044 0.88125
0 0.309955 0.47708 0.30745 0.8875000000000001
0 0.395075 0.5067699999999999 0.33348999999999995 0.70938
0 0.38056 0.415625 0.46468 0.70625
0 0.414605 0.455205 0.5007299999999999 0.74375
0 0.386565 0.46198 0.5127499999999999 0.8448000000000001
0 0.43112999999999996 0.491145 0.42562 0.92813
0 0.34801000000000004 0.5036499999999999 0.4076 0.93646
0 0.41059999999999997 0.50573 0.50074 0.9573
0 0.276405 0.376045 0.34451 0.69375
0 0.28492 0.401045 0.32548 0.71875
0 0.100145 0.22396 0.04407 0.36458
0 0.090635 0.140105 0.021030000000000007 0.16771
0 0.131195 0.089065 0.14621 0.10729
0 0.160735 0.10885500000000001 0.19329000000000002 0.13855
0 0.11417000000000001 0.148435 0.10816 0.23437000000000002
0 0.154725 0.051045 0.20931 0.0062500000000000056
0 0.18276499999999998 0.046355 0.28141 0.003129999999999994
0 0.21731499999999998 0.046875 0.36253 0.0020899999999999946
0 0.19178 0.039065 0.32348 0.007289999999999998
0 0.22934000000000002 0.071875 0.25838 0.04375
0 0.23484 0.08021 0.38156 0.052079999999999994
0 0.260385 0.06614500000000001 0.42863 0.06979
0 0.28191 0.091145 0.45165999999999995 0.09479
0 0.295935 0.0651 0.51175 0.07604
0 0.28642 0.101045 0.48069999999999996 0.14375
0 0.32748 0.151565 0.53478 0.16563
0 0.346005 0.12135499999999999 0.60389 0.18855
0 0.351515 0.142185 0.6028899999999999 0.22187
0 0.404095 0.189585 0.5678300000000001 0.22082999999999997
0 0.44816 0.215105 0.6158999999999999 0.29271
0 0.446655 0.173435 0.67699 0.25937
0 0.38857 0.135415 0.64494 0.17082999999999998
0 0.276905 0.13698 0.24937 0.16146
0 0.277405 0.13906 0.42663 0.19896
0 0.274405 0.17552 0.37655 0.23854
0 0.388065 0.25156 0.60789 0.44896
0 0.43063 0.25156500000000004 0.71304 0.45729000000000003
0 0.424125 0.32187499999999997 0.61991 0.57709
0 0.42962500000000003 0.334895 0.67499 0.60729
0 0.44765499999999997 0.39531 0.64295 0.7031200000000001
0 0.40059 0.40260500000000005 0.57284 0.75937
0 0.377555 0.39531 0.55481 0.73646
0 0.321475 0.351045 0.43062999999999996 0.61875
0 0.453665 0.428645 0.6669700000000001 0.79479
0 0.455665 0.46719 0.6589700000000001 0.86354
