5 0.41766499999999995 0.32422 0.47206999999999993 0.53906
5 0.46510999999999997 0.33594 0.5637 0.57812
5 0.47165999999999997 0.35107499999999997 0.58334 0.61231
5 0.438525 0.36572499999999997 0.5203300000000001 0.64941
5 0.407845 0.39307000000000003 0.42952999999999997 0.7041
5 0.391895 0.43994 0.42707000000000006 0.7900400000000001
5 0.26058 0.095215 0.07281999999999997 0.03809
5 0.20208500000000001 0.25537 0.021269999999999983 0.41308
0 0.20126 0.233885 0.009819999999999995 0.35448999999999997
0 0.1849 0.253905 0.01963999999999999 0.42186999999999997
0 0.23113 0.228515 0.07935999999999999 0.37891
0 0.257305 0.3291 0.09573000000000001 0.49413999999999997
0 0.22417 0.462895 0.07200000000000001 0.7929700000000001
0 0.29167 0.34521500000000005 0.21025999999999997 0.60839
0 0.318665 0.43701500000000004 0.22499 0.77637
0 0.32153 0.40967 0.2569 0.74512
0 0.29535 0.503415 0.15217999999999998 0.69043
2 0.487205 0.243655 0.6013299999999999 0.40527
2 0.477385 0.271975 0.59479 0.44629
2 0.235625 0.34619 0.08181 0.6416
2 0.393935 0.37402 0.37553000000000003 0.6074200000000001
5 0.433205 0.05518 0.49989000000000006 0.028319999999999998
5 0.415205 0.075685 0.46389 0.06933
5 0.320305 0.452635 0.25771 0.8310500000000001
5 0.31008 0.4375 0.23725999999999997 0.7812399999999999
5 0.43484500000000004 0.29346 0.49007 0.48926
5 0.28717 0.338865 0.21762 0.62305
0 0.23848999999999998 0.055175 0.12026 0.07519
