5 0.2704 0.2959 0.26248 0.42773999999999995
2 0.447885 0.319825 0.6385700000000001 0.43261
4 0.39151 0.361325 0.19641999999999998 0.23046999999999998
5 0.333815 0.40380499999999997 0.38931 0.70215
0 0.251465 0.21924 0.25631000000000004 0.29394
0 0.27921 0.13037 0.33294 0.20996
0 0.30123 0.16797 0.3347 0.22655999999999998
0 0.284935 0.19433499999999998 0.34791000000000005 0.33399
0 0.296825 0.203125 0.37521000000000004 0.35157000000000005
5 0.164265 0.436525 0.07839000000000002 0.76367
5 0.16955 0.28564500000000004 0.11009999999999999 0.38769000000000003
5 0.08412 0.3252 0.13476 0.5566399999999999
5 0.151935 0.308105 0.08191000000000001 0.56543
5 0.3118 0.30322 0.39108 0.5556599999999999
