0 0.24081999999999998 0.263045 0.33714 0.47391
0 0.24533 0.25162999999999996 0.36624 0.44673999999999997
0 0.227775 0.29022 0.31506999999999996 0.49348
0 0.2654 0.30054000000000003 0.3542 0.51848
0 0.28045 0.449455 0.30804000000000004 0.69457
0 0.21272000000000002 0.08043 0.36122 0.09999999999999999
0 0.30503499999999995 0.12337000000000001 0.40536999999999995 0.13804
0 0.04415 0.14130500000000001 0.00802 0.23043000000000002
0 0.05669 0.14184999999999998 0.0291 0.24455999999999997
2 0.140975 0.113585 0.07927 0.08369000000000001
2 0.19667 0.502175 0.012040000000000023 0.87391
2 0.547355 0.503805 0.53281 0.87283
4 0.358715 0.5114150000000001 0.11538999999999999 0.87065
4 0.366745 0.34837 0.36824999999999997 0.49240000000000006
1 0.36373500000000003 0.17065000000000002 0.31005 0.07174
