2 0.307865 0.279785 0.21858999999999998 0.44628999999999996
2 0.39755 0.16748 0.43468000000000007 0.26855999999999997
2 0.31829 0.342285 0.22944 0.49317
2 0.276575 0.33935499999999996 0.18270999999999998 0.60449
2 0.38921000000000006 0.34081999999999996 0.40130000000000005 0.5957
2 0.307445 0.21728499999999998 0.26447 0.36035
2 0.38295500000000005 0.423825 0.41215 0.76953
2 0.22318 0.18945499999999998 0.02753999999999998 0.28515
2 0.26156 0.15722999999999998 0.13266000000000003 0.24414
2 0.34081999999999996 0.46143 0.3379 0.8408199999999999
2 0.12848500000000002 0.26172 0.09011 0.29688000000000003
2 0.106795 0.37256 0.26031 0.6630799999999999
2 0.10763 0.37402500000000005 0.18522 0.47461000000000003
0 0.17395500000000003 0.124515 0.010849999999999999 0.16699
0 0.14725500000000002 0.138675 0.042550000000000004 0.18359
1 0.249045 0.22998000000000002 0.06924999999999998 0.15332
5 0.337065 0.12451000000000001 0.33372999999999997 0.15918
4 0.563165 0.7480450000000001 0.17855000000000004 0.49609000000000003
3 0.67538 0.7456050000000001 0.35124 0.49707
2 0.388375 0.28076 0.36961 0.37012
2 0.35667 0.24756 0.2895 0.31933999999999996
2 0.29535 0.52881 0.12014000000000002 0.5927800000000001
2 0.26281 0.38672 0.11513999999999999 0.39844
2 0.22401500000000002 0.362305 0.010849999999999999 0.4199299999999999
2 0.23319 0.47021500000000005 0.07258 0.54589
2 0.23444 0.524415 0.35542 0.83007
2 0.15392999999999998 0.4541 0.22275999999999999 0.7441399999999999
2 0.14934 0.36865000000000003 0.11514 0.43652
5 0.450945 0.188965 0.56817 0.31933
5 0.422995 0.203125 0.51227 0.32031
5 0.40381 0.208005 0.48056000000000004 0.33789
5 0.49767 0.08838 0.65494 0.11816000000000002
5 0.45762 0.24414 0.58152 0.44139999999999996
5 0.42425 0.28418 0.51478 0.50586
5 0.43801500000000004 0.49219 0.53897 0.875
5 0.34791 0.50293 0.35208000000000006 0.94336
5 0.38545 0.49756 0.41381999999999997 0.94434
5 0.45053 0.39502 0.49058 0.59082
5 0.38461999999999996 0.270995 0.3888 0.37403
