2 0.449425 0.40186 0.20799 0.03417999999999999
5 0.554335 0.102055 0.5332699999999999 0.06543
5 0.54426 0.25293 0.71468 0.2793
5 0.44255 0.467285 0.57358 0.6494099999999999
4 0.448965 0.283205 0.062309999999999977 0.14453000000000002
5 0.277165 0.43798499999999996 0.33077 0.77051
5 0.117735 0.31152 0.04123 0.48242000000000007
0 0.159885 0.5009750000000001 0.15850999999999998 0.9785100000000001
0 0.043980000000000005 0.42528999999999995 0.13194 0.80762
5 0.40269499999999997 0.29199 0.62213 0.5293
5 0.442095 0.25684 0.7265900000000001 0.44336
5 0.452175 0.229005 0.75041 0.42285
5 0.14019 0.30371000000000004 0.12278000000000001 0.56836
5 0.12415 0.302735 0.08337999999999998 0.54297
5 0.165385 0.201175 0.11452999999999999 0.31640999999999997
