5 0.25411 0.294925 0.10741999999999999 0.33203000000000005
5 0.318205 0.40869 0.20311 0.4150400000000001
5 0.21484 0.398925 0.07222 0.39551000000000003
5 0.152555 0.486815 0.001810000000000006 0.65723
5 0.176475 0.47656 0.10381 0.79688
5 0.25095 0.44922 0.25276 0.78906
5 0.215295 0.41357499999999997 0.17783 0.70605
5 0.27758 0.47656000000000004 0.32406 0.85156
5 0.24418 0.498045 0.22478 0.93359
5 0.18731 0.195805 0.024380000000000013 0.24707
5 0.09387999999999999 0.271 0.00721999999999999 0.20995999999999998
5 0.40756499999999996 0.20654 0.06951000000000002 0.12988
0 0.35250499999999996 0.41016 0.49196999999999996 0.72656
0 0.149845 0.395995 0.08305000000000001 0.70215
0 0.16971 0.401365 0.1336 0.70117
0 0.185505 0.38965 0.15797 0.6933600000000001
0 0.18775999999999998 0.33837999999999996 0.17332 0.58692
0 0.265845 0.502445 0.30421 0.92285
4 0.55606 0.7348650000000001 0.37552 0.44043
0 0.222965 0.391115 0.26538999999999996 0.7314499999999999
0 0.20040000000000002 0.328125 0.0325 0.48436999999999997
0 0.16022999999999998 0.324705 0.10741999999999999 0.59863
0 0.14804499999999998 0.3125 0.10471 0.6015600000000001
0 0.09208 0.35351499999999997 0.0 0.67579
0 0.08710999999999999 0.42822499999999997 0.01895999999999999 0.71973
0 0.236505 0.05371 0.30331 0.005860000000000004
0 0.18279499999999999 0.268065 0.17061 0.42285
0 0.11599999999999999 0.2417 0.047839999999999994 0.43261999999999995
0 0.27713 0.292965 0.36288 0.55469
0 0.283445 0.27538999999999997 0.38997000000000004 0.52734
0 0.24102 0.295895 0.26539999999999997 0.53711
