0 0.530565 0.419925 0.71901 0.58203
2 0.152355 0.336915 0.10157 0.50977
2 0.27308 0.46679499999999996 0.27174 0.77735
2 0.16927999999999999 0.5 0.09265999999999999 0.89062
0 0.122505 0.47168 0.07750999999999998 0.8261799999999999
0 0.207595 0.512695 0.14077 0.91601
1 0.480675 0.5249050000000001 0.57645 0.80371
4 0.30158999999999997 0.46972500000000006 0.10779999999999998 0.29101000000000005
7 0.513195 0.572755 0.12116999999999994 0.52441
3 0.710535 0.623045 0.41073000000000004 0.41014999999999996
