0 0.532405 0.48911 0.5738099999999999 0.19045999999999996
0 0.43994 0.49351500000000004 0.40562000000000004 0.72011
0 0.504055 0.158945 0.54545 0.10473
0 0.07652 0.246755 0.0435 0.35448999999999997
0 0.20748499999999998 0.08271500000000001 0.32089 0.022709999999999994
0 0.211835 0.12836 0.32315000000000005 0.14922000000000002
0 0.195085 0.167055 0.25227 0.22475
0 0.183965 0.11816499999999999 0.25581 0.13623000000000002
0 0.225205 0.364225 0.04833000000000001 0.24281
0 0.091985 0.05375 0.11309 0.0
0 0.08585999999999999 0.10194500000000001 0.07894 0.06673000000000001
0 0.168665 0.37998000000000004 0.09891000000000001 0.66728
0 0.33377999999999997 0.45805999999999997 0.39177999999999996 0.84384
0 0.395965 0.486565 0.50969 0.91381
0 0.052835 0.339895 0.07475 0.6186299999999999
0 0.0298 0.180025 0.03254 0.28035
5 0.410945 0.32206 0.40690999999999994 0.22149999999999997
5 0.442355 0.24120000000000003 0.59861 0.29518
5 0.359715 0.456905 0.27225 0.5875900000000001
5 0.45895 0.512745 0.21426 0.8975899999999999
5 0.454115 0.504635 0.43784999999999996 0.7126899999999999
5 0.534015 0.44833 0.54481 0.49444
5 0.359075 0.10264 0.56865 0.029200000000000004
5 0.06331 0.260425 0.04736 0.45413
5 0.38919499999999996 0.093375 0.68431 0.10705
5 0.223595 0.35102 0.04511000000000001 0.23402
5 0.338295 0.33202 0.44461 0.5658000000000001
5 0.48617000000000005 0.21779500000000002 0.70816 0.07229
5 0.43526499999999996 0.12650499999999998 0.59217 0.023169999999999996
0 0.07861499999999999 0.156165 0.04511 0.27154999999999996
0 0.07039999999999999 0.1272 0.06218 0.21917999999999999
0 0.31123 0.04078 0.5838000000000001 0.022240000000000003
0 0.32025 0.320205 0.45363999999999993 0.59963
0 0.32089500000000004 0.296805 0.46007000000000003 0.56209
0 0.30398 0.50811 0.32572 0.93652
0 0.35118 0.482855 0.42400000000000004 0.92863
0 0.36422499999999997 0.50556 0.38822999999999996 0.95922
0 0.456855 0.38183500000000004 0.68431 0.72289
0 0.43849 0.39342 0.64244 0.73864
0 0.45911 0.130445 0.79708 0.11445000000000001
0 0.44751 0.10264 0.7326400000000001 0.055139999999999995
