5 0.50607 0.22900500000000001 0.5686199999999999 0.13379
5 0.54445 0.28955 0.7136199999999999 0.11230000000000001
5 0.535925 0.25586000000000003 0.77237 0.34766
3 0.6363749999999999 0.551755 0.13363000000000003 0.06054999999999999
2 0.036015 0.14745999999999998 0.011370000000000002 0.2168
2 0.509385 0.15185500000000002 0.85197 0.04199
2 0.417935 0.39795 0.7297300000000001 0.62012
5 0.059704999999999994 0.31787 0.005689999999999994 0.49902
5 0.122725 0.361815 0.13173 0.64941
5 0.23503000000000002 0.4375 0.33738 0.7578199999999999
5 0.26014 0.424805 0.38382 0.72461
5 0.42599000000000004 0.40576 0.73826 0.76074
5 0.47669 0.44043 0.78658 0.74024
5 0.36012500000000003 0.419435 0.60273 0.76465
0 0.19569999999999999 0.5 0.29284 0.9765600000000001
