1 0.500125 0.517575 0.55279 0.79297
2 0.21883 0.215335 0.02939999999999998 0.04199
2 0.51074 0.39502 0.63934 0.41894
2 0.51727 0.19824 0.63608 0.25586000000000003
2 0.49073500000000003 0.10400000000000001 0.24333000000000005 0.04590000000000001
2 0.132275 0.48584000000000005 0.07839000000000002 0.30372000000000005
2 0.370705 0.510255 0.32660999999999996 0.90723
2 0.280885 0.188475 0.16657 0.19726999999999997
3 0.589125 0.66748 0.2555700000000001 0.30176000000000003
2 0.26374000000000003 0.10059 0.07348000000000002 0.056639999999999996
2 0.16575499999999999 0.1958 0.0016299999999999926 0.09864
2 0.380095 0.09473000000000001 0.30293000000000003 0.08008
2 0.481755 0.075685 0.46379000000000004 0.03223000000000001
0 0.5095149999999999 0.41259999999999997 0.65649 0.75098
2 0.28497 0.31494500000000003 0.14534000000000002 0.54785
2 0.2617 0.29248 0.15105999999999997 0.47168
2 0.15431999999999998 0.50537 0.35764 0.7724599999999999
