5 0.552095 0.194825 0.52223 0.012689999999999979
5 0.43166000000000004 0.251465 0.63978 0.31153
5 0.45719 0.26807000000000003 0.80646 0.41504
5 0.50585 0.35205000000000003 0.85368 0.45020000000000004
5 0.32566999999999996 0.563965 0.37 0.56933
5 0.17392000000000002 0.39843999999999996 0.0819 0.58594
1 0.533795 0.549805 0.6050899999999999 0.64649
5 0.29869 0.30127000000000004 0.53572 0.56738
5 0.19270500000000002 0.32373 0.30833 0.58886
5 0.32518499999999995 0.35498 0.50007 0.58886
5 0.32037000000000004 0.38330000000000003 0.55596 0.71582
5 0.425395 0.237795 0.78913 0.42480999999999997
4 0.465865 0.41308500000000004 0.12815 0.13477
