0 0.25505 0.424005 0.43984 0.76645
0 0.276635 0.42609 0.48887 0.79472
0 0.30024 0.43142 0.5112 0.76274
0 0.287615 0.451345 0.50643 0.8507899999999999
0 0.332255 0.420525 0.56791 0.7687700000000001
0 0.340855 0.408015 0.61731 0.75857
0 0.368115 0.39851499999999995 0.62939 0.71177
0 0.353665 0.475205 0.63121 0.8781300000000001
0 0.461245 0.46177 0.8375900000000001 0.8549599999999999
0 0.406905 0.26089 0.76697 0.47358
0 0.414405 0.27942500000000003 0.76149 0.50695
0 0.278285 0.294485 0.45411 0.49073000000000006
0 0.339395 0.32275000000000004 0.56315 0.57692
0 0.4435 0.096155 0.5884 0.13485
0 0.34525 0.09963000000000001 0.53242 0.15106
0 0.492715 0.12187 0.91225 0.11769999999999999
0 0.464355 0.10565000000000001 0.88919 0.16682
0 0.279385 0.136005 0.48997 0.19231
0 0.30225 0.12975 0.53132 0.2039
0 0.14509 0.33248500000000003 0.21846 0.58155
0 0.159725 0.32136 0.25065000000000004 0.5704400000000001
0 0.17363 0.30028 0.25066 0.5412399999999999
0 0.165215 0.289155 0.22504999999999997 0.47081
0 0.185525 0.28568000000000005 0.31103000000000003 0.5102
0 0.23273 0.241425 0.3791 0.37905
0 0.2148 0.250925 0.36812 0.44439
0 0.081965 0.36352999999999996 0.06587000000000001 0.614
0 0.08526 0.32460500000000003 0.12075999999999999 0.59175
0 0.305915 0.18489 0.56791 0.32530000000000003
0 0.23529 0.15940500000000002 0.4252 0.28545
0 0.2459 0.171455 0.4435 0.30212999999999995
0 0.26383 0.154775 0.47496000000000005 0.25765000000000005
0 0.30518 0.485175 0.54888 0.92215
0 0.109595 0.02989 0.15625 0.008800000000000002
0 0.125695 0.044485 0.20162999999999998 0.04077
0 0.13520500000000002 0.034519999999999995 0.23675000000000002 0.00324
0 0.146735 0.022475000000000002 0.25249 0.002310000000000003
0 0.075195 0.07622999999999999 0.09917000000000001 0.10611999999999999
0 0.07683999999999999 0.110055 0.10246 0.14783
0 0.393365 0.348005 0.74429 0.6515299999999999
0 0.381475 0.374885 0.72051 0.70529
0 0.42337 0.38322500000000004 0.756 0.68119
1 0.225775 0.37326 0.13393 0.3962
1 0.288345 0.297265 0.22395 0.28498999999999997
1 0.1654 0.40732 0.07904 0.57738
5 0.23474 0.42748 0.3919 0.78638
5 0.489425 0.34198500000000004 0.90859 0.62095
5 0.471675 0.35125 0.88919 0.6468999999999999
5 0.45887 0.348935 0.86358 0.6459699999999999
5 0.11800999999999999 0.50672 0.10575999999999999 0.89666
5 0.37617 0.26877 0.66452 0.48934
5 0.15387 0.45667 0.23748000000000002 0.84476
5 0.3608 0.44902499999999995 0.63964 0.80167
5 0.415685 0.408015 0.75673 0.74745
5 0.2867 0.503015 0.49144 0.97451
5 0.32988 0.02595 0.61438 0.0
0 0.315425 0.35797 0.52401 0.63994
0 0.403245 0.33457000000000003 0.75527 0.60982
5 0.39666 0.347545 0.73624 0.65431
5 0.38422 0.376045 0.71574 0.70575
5 0.42447 0.38508000000000003 0.75526 0.67748
5 0.406545 0.33503 0.75307 0.6070399999999999
5 0.33043 0.43698000000000004 0.60524 0.83318
5 0.34232 0.454355 0.59682 0.85125
5 0.29201 0.462235 0.524 0.88925
5 0.219915 0.43628500000000003 0.37250999999999995 0.83735
5 0.31268 0.35519 0.5229 0.6417999999999999
5 0.41953 0.096615 0.80978 0.15431
4 0.36391 0.31927500000000003 0.49948000000000004 0.45691000000000004
5 0.038605 0.15107 0.01939 0.15014
5 0.11124 0.37859 0.03952 0.5384599999999999
5 0.075015 0.10959 0.10465 0.1469
5 0.07538 0.07808 0.10099999999999999 0.09869999999999998
5 0.125325 0.044945 0.20089 0.03429
5 0.152955 0.03174 0.22394999999999998 0.008799999999999999
