5 0.373355 0.35541999999999996 0.4553499999999999 0.59592
5 0.29202 0.2968 0.2783 0.41752
5 0.285975 0.326225 0.26099 0.53383
5 0.279445 0.33758 0.28320999999999996 0.6102799999999999
5 0.265075 0.316725 0.22963 0.46848999999999996
0 0.170995 0.069275 0.054550000000000015 0.06997
0 0.17443 0.053290000000000004 0.08492 0.050980000000000004
0 0.157115 0.05561 0.05160999999999999 0.06302
0 0.17148999999999998 0.074375 0.08428 0.10982999999999998
0 0.18227 0.08874000000000001 0.09146000000000001 0.12372000000000001
0 0.172145 0.09314 0.08427000000000001 0.13438
0 0.17328500000000002 0.13530999999999999 0.06697 0.21872
0 0.161035 0.259735 0.02287 0.46570999999999996
0 0.255765 0.22057500000000002 0.25021 0.40037
0 0.260335 0.26112 0.22930999999999999 0.44624
0 0.264745 0.25811 0.27471 0.4569
0 0.286305 0.26506 0.29301 0.48192
0 0.2801 0.303985 0.27798 0.55977
0 0.26507000000000003 0.29796 0.24662 0.49211999999999995
0 0.24106499999999997 0.28359500000000004 0.22343 0.50417
0 0.36748000000000003 0.34198500000000004 0.47102 0.62095
0 0.24482500000000001 0.506955 0.21787 0.87303
0 0.22195499999999999 0.49351500000000004 0.17082999999999998 0.90547
0 0.22473500000000002 0.47080500000000003 0.18553 0.88601
0 0.23339000000000001 0.454125 0.18978 0.8118700000000001
0 0.223265 0.42840500000000004 0.16169 0.78081
0 0.22571000000000002 0.48123499999999997 0.12086 0.80121
0 0.19517 0.415895 0.12510000000000002 0.76691
0 0.187495 0.442075 0.08884999999999998 0.7877700000000001
0 0.211995 0.48656000000000005 0.12739 0.89898
0 0.25642 0.01645 0.23192 0.009739999999999999
0 0.13702999999999999 0.26506 0.008820000000000022 0.47822
5 0.18945499999999998 0.49119500000000005 0.12021000000000001 0.92679
5 0.20676500000000003 0.499535 0.15091000000000002 0.94717
5 0.456165 0.41775 0.64447 0.77062
5 0.517085 0.389945 0.7623899999999999 0.6964699999999999
5 0.36127 0.36747 0.44686000000000003 0.6645
5 0.27863 0.45782999999999996 0.29072 0.81186
5 0.2605 0.44115 0.25183999999999995 0.8303999999999999
5 0.24743500000000002 0.03916 0.21787 0.0023200000000000026
0 0.4658 0.24444 0.6676599999999999 0.44623999999999997
5 0.17639 0.24583 0.048339999999999994 0.37860000000000005
4 0.246945 0.394345 0.18814999999999998 0.57739
0 0.334325 0.267145 0.41517000000000004 0.48425
0 0.198925 0.138325 0.14306999999999997 0.25255
0 0.13817000000000002 0.125345 0.026779999999999998 0.22289
0 0.356535 0.358435 0.45959000000000005 0.68907
0 0.50973 0.384155 0.77252 0.70899
0 0.45208 0.40987 0.6559 0.78082
