2 0.33242499999999997 0.21435500000000002 0.37174999999999997 0.27637
2 0.20418999999999998 0.11865500000000001 0.047359999999999985 0.01465000000000001
2 0.16398000000000001 0.331545 0.0849 0.54199
2 0.289535 0.29834 0.21805000000000002 0.23340000000000002
2 0.14432 0.36572 0.02234 0.32910000000000006
2 0.22385 0.286135 0.036640000000000006 0.18944999999999998
2 0.296685 0.177735 0.18587000000000004 0.10547000000000001
2 0.352535 0.15429500000000002 0.33333 0.027350000000000013
2 0.5911299999999999 0.101075 0.32438 0.012690000000000007
2 0.444575 0.263675 0.6603899999999999 0.41797
2 0.321255 0.37842 0.41017000000000003 0.6123000000000001
0 0.42581 0.509275 0.49418000000000006 0.92871
1 0.09472 0.45898 0.11796000000000001 0.7382799999999999
4 0.47139 0.5605450000000001 0.09561999999999998 0.042970000000000064
2 0.12868000000000002 0.515135 0.00358 0.5185500000000001
7 0.49283 0.5800799999999999 0.47093999999999997 0.13672000000000006
7 0.45976999999999996 0.5166000000000001 0.6443 0.8222600000000001
7 0.459325 0.6084 0.16443000000000002 0.31836000000000003
2 0.259595 0.433105 0.30473 0.76855
