2 0.69902 0.7387699999999999 0.40034000000000003 0.4794999999999999
2 0.348835 0.20801 0.3071900000000001 0.056640000000000024
2 0.23375 0.37011499999999997 0.019700000000000023 0.24023
2 0.198825 0.48877000000000004 0.02149000000000001 0.583
5 0.39809500000000003 0.367675 0.56333 0.64551
5 0.389585 0.338865 0.56065 0.61523
5 0.3054 0.364255 0.39944 0.6738299999999999
5 0.357795 0.325195 0.48630999999999996 0.5722700000000001
5 0.294655 0.31299 0.38510999999999995 0.5751999999999999
5 0.27137 0.325685 0.3457 0.60059
5 0.282115 0.248535 0.35287 0.43067
5 0.41153 0.43506 0.5937800000000001 0.7959
5 0.282115 0.361325 0.34570999999999996 0.64453
