5 0.39134 0.329005 0.68434 0.5616300000000001
5 0.36565 0.30792 0.65792 0.55468
5 0.36052 0.33016500000000004 0.65792 0.58063
5 0.34217 0.33364000000000005 0.60948 0.59314
5 0.33977999999999997 0.36862999999999996 0.5871 0.61678
5 0.311345 0.36979 0.54637 0.6580199999999999
5 0.321255 0.38948 0.57059 0.7066800000000001
5 0.335015 0.39874499999999996 0.60251 0.72521
5 0.310615 0.317655 0.54931 0.55931
5 0.301435 0.33179000000000003 0.54857 0.61168
5 0.31685 0.34592500000000004 0.57058 0.60473
5 0.290615 0.325535 0.52839 0.57507
5 0.282725 0.33851000000000003 0.50821 0.60102
5 0.293365 0.37419 0.5074700000000001 0.6315999999999999
5 0.27869 0.33364 0.44142000000000003 0.53754
5 0.274285 0.35496 0.47519 0.6172399999999999
5 0.268965 0.36585 0.45721 0.6557
5 0.25172 0.36886 0.44620000000000004 0.68582
5 0.24566 0.365155 0.37978 0.6190899999999999
5 0.24493 0.33063000000000003 0.415 0.58526
5 0.21631 0.33294500000000005 0.37244 0.59731
5 0.20824 0.33711500000000005 0.30346 0.59453
5 0.21943 0.374885 0.3141 0.6274299999999999
5 0.16053499999999998 0.334105 0.25503 0.5903700000000001
5 0.15814999999999999 0.350785 0.2385 0.6274299999999999
5 0.189155 0.36932499999999996 0.26677 0.61261
5 0.17557999999999999 0.41543 0.19998 0.64736
5 0.19044 0.41264999999999996 0.28694 0.6974
5 0.182 0.37349000000000004 0.30382 0.69138
5 0.175395 0.45713499999999996 0.24364999999999998 0.80121
5 0.16035000000000002 0.42308 0.23264 0.7646
5 0.15008 0.454125 0.1842 0.75255
5 0.119625 0.408715 0.18347 0.7469899999999999
5 0.228415 0.38114000000000003 0.38345 0.68628
5 0.112465 0.42840500000000004 0.15155 0.78081
5 0.1132 0.44925499999999996 0.09136 0.78545
5 0.13448 0.36422499999999997 0.16182 0.58387
5 0.106045 0.34592500000000004 0.12989 0.60473
5 0.074855 0.32692000000000004 0.10567 0.59268
5 0.085495 0.34476500000000004 0.12403 0.59685
5 0.03064 0.272015 0.0018399999999999979 0.45504999999999995
5 0.03321 0.39665999999999996 0.0033000000000000043 0.69694
5 0.042749999999999996 0.38948 0.02092 0.6770200000000001
5 0.18456999999999998 0.470575 0.30456 0.87257
5 0.16860999999999998 0.466175 0.28584 0.87303
5 0.11907000000000001 0.44138 0.1765 0.8327199999999999
5 0.22952 0.5 0.38858000000000004 0.9369799999999999
5 0.209155 0.487025 0.36252999999999996 0.92585
5 0.23851 0.37975000000000003 0.42272 0.70204
5 0.06458 0.43675 0.07486000000000001 0.81974
5 0.22915 0.420065 0.313 0.67517
5 0.35281 0.3823 0.6351600000000001 0.62002
5 0.4095 0.333175 0.76616 0.6107499999999999
5 0.41739 0.32206 0.7863399999999999 0.59592
5 0.428215 0.34036500000000003 0.7918499999999999 0.61585
5 0.44069 0.39132999999999996 0.82854 0.71038
5 0.4306 0.39180000000000004 0.78928 0.71872
5 0.41024 0.390175 0.7764399999999999 0.7284499999999999
5 0.40105999999999997 0.39203 0.75516 0.7321599999999999
5 0.394275 0.39388500000000004 0.7195699999999999 0.73587
0 0.0466 0.32322 0.04036000000000001 0.5519
0 0.094485 0.46223 0.10824999999999999 0.85218
0 0.085495 0.47405 0.11815 0.8999
0 0.091915 0.44231 0.11044999999999999 0.7863800000000001
0 0.212825 0.473125 0.33465 0.87581
0 0.22108 0.44671 0.37170000000000003 0.7970400000000001
0 0.250065 0.42817500000000003 0.42675 0.79703
0 0.246765 0.44786499999999996 0.42015 0.82345
0 0.35446 0.46223 0.6237999999999999 0.85218
0 0.349325 0.435125 0.64141 0.8109299999999999
0 0.36051500000000003 0.44068500000000005 0.67407 0.82577
0 0.366755 0.37395500000000004 0.68067 0.70343
0 0.375925 0.36492 0.6872699999999999 0.66126
0 0.351895 0.361675 0.65535 0.66589
0 0.44106 0.307925 0.8380799999999999 0.56209
0 0.18292 0.406395 0.29392 0.7201099999999999
0 0.193375 0.401065 0.33979 0.7446699999999999
0 0.18714 0.42586 0.3141 0.76274
0 0.1831 0.43675 0.30602 0.81974
0 0.189705 0.45273 0.32511 0.84986
1 0.572425 0.289385 0.37281000000000003 0.18675
5 0.3407 0.48772 0.55958 0.8660800000000001
5 0.292445 0.26228 0.42051000000000005 0.43188
5 0.393175 0.47011000000000003 0.7232299999999999 0.89388
5 0.41500499999999996 0.46038 0.76837 0.8633
5 0.410235 0.454125 0.73387 0.8192699999999999
5 0.03394 0.23099999999999998 0.015039999999999998 0.39342
5 0.335015 0.430495 0.6127900000000001 0.77201
5 0.01541 0.26552 0.00294 0.3494
5 0.05816 0.46223000000000003 0.0018400000000000014 0.72984
5 0.25007 0.5018549999999999 0.41794 0.95551
5 0.48289 0.42400000000000004 0.89386 0.7924
