4 0.44189999999999996 0.46594 0.29356 0.41473999999999994
6 0.32369499999999995 0.58109 0.07593 0.443
2 0.507265 0.424235 0.85641 0.73911
2 0.42155 0.40106499999999995 0.7335 0.72985
2 0.075935 0.45481499999999997 0.003129999999999994 0.79657
2 0.129755 0.43003 0.051269999999999996 0.80816
2 0.10861499999999999 0.47822000000000003 0.07633 0.85634
2 0.175155 0.33642 0.19218999999999997 0.6172399999999999
2 0.13523000000000002 0.34059500000000004 0.18748 0.64041
2 0.13895 0.36214 0.17614 0.6594
2 0.138365 0.385315 0.18279 0.68721
2 0.179855 0.40547 0.19530999999999998 0.7293799999999999
3 0.36616499999999996 0.14504 0.17653000000000002 0.07692
3 0.510005 0.056305 0.45325 0.026410000000000003
3 0.530945 0.339895 0.7205900000000001 0.08109
2 0.192965 0.313025 0.25441 0.57229
2 0.19844499999999998 0.29819 0.31391 0.5463399999999999
2 0.20549 0.321595 0.32174 0.58017
2 0.23054 0.35496 0.35147999999999996 0.6098199999999999
2 0.051275 0.406395 0.010169999999999998 0.7571899999999999
2 0.038555 0.433735 0.005089999999999997 0.7636700000000001
2 0.112535 0.40662499999999996 0.08884999999999998 0.71131
2 0.11174999999999999 0.4152 0.12956 0.7822
