6 0.20756 0.5185500000000001 0.11928 0.38086000000000003
0 0.10879 0.36084 0.07634 0.6083999999999999
0 0.095905 0.328125 0.03913 0.54687
0 0.12309999999999999 0.31299 0.12024 0.5126999999999999
0 0.138375 0.302735 0.16605 0.51953
3 0.20756 0.5185500000000001 0.11928 0.38086000000000003
4 0.196105 0.31689 0.01430999999999999 0.34082
7 0.48382499999999995 0.41113 0.40653 0.39257999999999993
7 0.53393 0.45117 0.68614 0.19922000000000006
7 0.36836 0.1709 0.32445999999999997 0.0957
7 0.45854000000000006 0.37793 0.50864 0.25195999999999996
7 0.118335 0.18994 0.06489 0.08495999999999998
