5 0.24962 0.261585 0.013379999999999975 0.13576999999999997
0 0.26814499999999997 0.33920500000000003 0.40317 0.58573
5 0.2057 0.279195 0.23024 0.39713000000000004
5 0.07909 0.28985 0.029160000000000005 0.5111199999999999
5 0.088355 0.290775 0.05867 0.5203899999999999
0 0.064335 0.234475 0.019549999999999998 0.33179000000000003
5 0.08887 0.197405 0.05009999999999999 0.30583000000000005
0 0.279125 0.08086 0.49787 0.08202000000000001
0 0.24447 0.127665 0.37914 0.14967000000000003
0 0.27089 0.163805 0.44846 0.25533
0 0.36542 0.252085 0.48242 0.26691
0 0.23092000000000001 0.294945 0.33282 0.5287299999999999
0 0.197635 0.38670000000000004 0.23195 0.70482
0 0.045975 0.43327 0.04941000000000001 0.7330800000000001
4 0.267805 0.4013 0.24739000000000003 0.55792
0 0.17773999999999998 0.23911000000000002 0.25528 0.43744
0 0.18442999999999998 0.25116 0.27964 0.46524
0 0.151145 0.18443 0.20346999999999998 0.29102
0 0.16932999999999998 0.18442999999999998 0.26454 0.31696
0 0.148915 0.14365 0.22371 0.24652
0 0.10362 0.164275 0.12351999999999999 0.28220999999999996
0 0.10928500000000001 0.17307499999999998 0.14445 0.30723
0 0.12867 0.223585 0.15852 0.37489
0 0.13828000000000001 0.22451 0.18460000000000001 0.39898
0 0.05696 0.203895 0.013720000000000003 0.35958999999999997
0 0.04392 0.19716999999999998 0.0 0.35542
0 0.043234999999999996 0.22242499999999998 0.005490000000000002 0.40037
0 0.061075000000000004 0.24629500000000001 0.021950000000000004 0.45737
0 0.07428499999999999 0.286375 0.03602999999999999 0.5208499999999999
0 0.08561 0.287075 0.06142000000000001 0.53151
0 0.1671 0.138555 0.27243999999999996 0.24003000000000002
0 0.18202 0.15663 0.29268 0.26505999999999996
0 0.201925 0.185355 0.32973 0.32623
0 0.20518499999999998 0.20459 0.32115 0.35541999999999996
0 0.09040999999999999 0.11191000000000001 0.10945999999999999 0.18118
0 0.08818000000000001 0.15454 0.030880000000000005 0.1886
0 0.11323 0.08433500000000001 0.16058 0.10565
0 0.12198 0.1418 0.18494 0.24652000000000002
0 0.12644 0.157785 0.18014000000000002 0.28776999999999997
0 0.28976 0.46686500000000003 0.29679999999999995 0.71687
0 0.238295 0.441615 0.24327000000000004 0.72753
5 0.1285 0.36446 0.09504000000000001 0.5899000000000001
5 0.14290999999999998 0.38114000000000003 0.12524 0.6455
5 0.21942 0.48308500000000004 0.25082000000000004 0.89017
5 0.26883 0.159405 0.45532 0.26321
5 0.26746000000000003 0.047965 0.48552 0.04217
5 0.27792500000000003 0.08363999999999999 0.49683000000000005 0.08757999999999999
