5 0.33915 0.302245 0.40323999999999993 0.40527
5 0.254255 0.05811 0.27761 0.028319999999999998
4 0.49238 0.231935 0.6418 0.09472999999999998
2 0.460545 0.17285 0.77847 0.16601999999999997
2 0.39348 0.507325 0.4304 0.92481
2 0.42234 0.50781 0.53228 0.9375
0 0.10866500000000001 0.476075 0.07471000000000001 0.8701099999999999
0 0.064945 0.13574 0.04499 0.20898
0 0.03311 0.16455 0.02886 0.28614
0 0.19482999999999998 0.037110000000000004 0.34552 0.035160000000000004
0 0.194405 0.015139999999999999 0.35824999999999996 0.004879999999999999
0 0.30604 0.498535 0.29968 0.9619099999999999
0 0.23473 0.285645 0.32004 0.51269
0 0.295855 0.263185 0.44909 0.45215
0 0.308165 0.26172 0.45333 0.47656
0 0.28481999999999996 0.256345 0.40324 0.48535
0 0.363765 0.206055 0.59171 0.34961
0 0.1579 0.29834 0.11206 0.5615199999999999
