0 0.24706 0.21525 0.2914 0.08757999999999999
0 0.16471000000000002 0.310245 0.09484000000000001 0.37024999999999997
0 0.14009 0.356115 0.1933 0.6510699999999999
0 0.04181 0.302825 0.018460000000000004 0.5259499999999999
0 0.048145 0.12326499999999999 0.0021700000000000053 0.16497
0 0.300455 0.12349500000000001 0.50389 0.17099
0 0.31403 0.156625 0.53828 0.22057
0 0.351495 0.145735 0.6276900000000001 0.23031000000000001
0 0.44344 0.27154500000000004 0.8043399999999999 0.48007000000000005
0 0.42588000000000004 0.27456 0.71566 0.462
0 0.358375 0.25232 0.6342099999999999 0.42864
0 0.49194499999999997 0.15894 0.89991 0.26228
0 0.40652 0.37650500000000003 0.5857000000000001 0.53615
0 0.42896 0.32298 0.73194 0.5681200000000001
0 0.39765 0.3355 0.7243400000000001 0.6228
0 0.46914 0.31094 0.8572 0.57368
0 0.32688 0.33804500000000004 0.5480600000000001 0.55931
0 0.30317 0.29610499999999995 0.5281399999999999 0.52549
0 0.307875 0.35403 0.53467 0.64504
0 0.290315 0.33827500000000005 0.47059 0.62095
0 0.289235 0.358435 0.49593 0.65199
0 0.27131 0.36352999999999996 0.45864000000000005 0.65478
0 0.22009 0.22382000000000002 0.3591 0.38832
0 0.233125 0.220805 0.38660999999999995 0.36933
0 0.257195 0.258575 0.41159 0.37256999999999996
0 0.258645 0.259965 0.44923 0.46060999999999996
0 0.337555 0.049585000000000004 0.60851 0.028730000000000006
0 0.3743 0.119555 0.66752 0.10565000000000001
0 0.43186 0.22590500000000002 0.78118 0.36839
0 0.44199 0.45227 0.7927599999999999 0.8118599999999999
1 0.593485 0.54541 0.015569999999999973 0.7127
5 0.057374999999999995 0.21246500000000001 0.0039900000000000005 0.29703
5 0.079275 0.20783 0.06733 0.34708
5 0.09086 0.21988000000000002 0.10208 0.37488
5 0.13502 0.09406999999999999 0.17014 0.10658
5 0.24217 0.369555 0.39312 0.67423
5 0.235115 0.39481 0.36887 0.6932400000000001
5 0.44234999999999997 0.23285499999999998 0.77032 0.35265
5 0.30009 0.33503499999999997 0.47276 0.51807
5 0.238735 0.41983499999999996 0.30805 0.69509
5 0.24597 0.49768500000000004 0.3848 0.89527
5 0.39584 0.0475 0.70046 0.04124
5 0.40507000000000004 0.067655 0.72326 0.08711
5 0.26878 0.31881499999999996 0.42752 0.53383
5 0.275115 0.401995 0.45901 0.7279899999999999
5 0.275475 0.37326000000000004 0.45539 0.7076
5 0.043255 0.302365 0.027149999999999997 0.5213099999999999
5 0.162895 0.3063 0.09557 0.37906
5 0.050675 0.155 0.01303 0.23772
5 0.27113 0.054215 0.45538 0.06395
