5 0.45326500000000003 0.436035 0.78413 0.7353500000000001
5 0.40784 0.221195 0.6206 0.25879
5 0.42888000000000004 0.19775500000000001 0.6818 0.19629
5 0.503945 0.25439500000000004 0.7248300000000001 0.13769000000000003
5 0.5202 0.27392500000000003 0.8682799999999999 0.34863
5 0.48721 0.1167 0.84054 0.09667999999999999
5 0.35429 0.10253999999999999 0.5747 0.07225999999999999
5 0.18359999999999999 0.43163999999999997 0.2601 0.77734
5 0.075545 0.419435 0.03633 0.7412099999999999
5 0.31604000000000004 0.42676000000000003 0.49056000000000005 0.75976
5 0.33803500000000003 0.39795 0.53455 0.7138599999999999
5 0.33277999999999996 0.470705 0.5202 0.80859
2 0.52068 0.166015 0.8807 0.08202999999999999
5 0.46235 0.46923499999999996 0.8061200000000001 0.84863
5 0.38728 0.34473000000000004 0.65216 0.5957
5 0.07171999999999999 0.33545 0.021039999999999996 0.55762
5 0.046375 0.342285 0.0028699999999999976 0.56347
5 0.322735 0.27881 0.48099000000000003 0.45996
5 0.356685 0.302735 0.59861 0.51953
5 0.51016 0.35791 0.8941 0.6181599999999999
5 0.113315 0.109865 0.12335000000000002 0.13769
5 0.44322 0.3916 0.76022 0.70508
5 0.39445 0.3999 0.69328 0.7333999999999999
5 0.39541 0.353515 0.70284 0.65235
5 0.37676499999999996 0.5009750000000001 0.60817 0.92383
5 0.21516 0.432615 0.34615999999999997 0.80273
5 0.22615000000000002 0.46289 0.35668 0.8711
5 0.200815 0.493655 0.30217 0.92871
5 0.110925 0.311525 0.09944999999999998 0.55273
