2 0.12638 0.23584 0.012379999999999988 0.35058
2 0.101635 0.306645 0.015910000000000007 0.48047000000000006
2 0.19178 0.180665 0.24570000000000003 0.28321
2 0.21254499999999998 0.21240499999999998 0.28723 0.32715
2 0.1962 0.230955 0.23686000000000001 0.38769000000000003
2 0.16836 0.219725 0.20945999999999998 0.35351
2 0.154215 0.23047 0.17057 0.375
2 0.20857 0.243655 0.04242000000000001 0.15527000000000002
2 0.07733000000000001 0.109865 0.034460000000000005 0.14551
2 0.057444999999999996 0.1167 0.0017700000000000007 0.15136
2 0.07468 0.15137 0.034460000000000005 0.029299999999999993
2 0.1255 0.06787 0.08838000000000001 0.045899999999999996
1 0.565175 0.586425 0.49757 0.42674999999999996
5 0.22625 0.294435 0.30047999999999997 0.5068299999999999
5 0.24259999999999998 0.32860999999999996 0.29076 0.56738
5 0.17764000000000002 0.261235 0.18206 0.44043
5 0.265135 0.43262 0.31462999999999997 0.75586
5 0.36633 0.457515 0.52408 0.8720699999999999
5 0.36456 0.49707 0.5064 0.94726
5 0.211225 0.29297 0.27397000000000005 0.5468799999999999
5 0.18338000000000002 0.390625 0.12638 0.6796899999999999
5 0.12373 0.294925 0.09898000000000001 0.54297
2 0.03358 0.141115 0.01414 0.22363
5 0.42863 0.156735 0.76182 0.27051000000000003
