2 0.74436 0.7446250000000001 0.44310000000000005 0.49121000000000004
2 0.353175 0.33545 0.36523 0.12988000000000005
2 0.40693999999999997 0.26073999999999997 0.5098400000000001 0.08007999999999998
2 0.23174499999999998 0.563965 0.07786999999999997 0.52247
2 0.544135 0.476075 0.62107 0.07325000000000004
2 0.27021 0.42627 0.24749999999999997 0.35644
2 0.184465 0.30859000000000003 0.17983000000000002 0.08593999999999996
2 0.252135 0.156735 0.29662999999999995 0.04199
2 0.11587 0.18262 0.06118000000000001 0.09570000000000001
2 0.09826 0.391115 0.04078000000000001 0.14551000000000003
2 0.16315 0.38916 0.03708 0.40722
2 0.198375 0.38916 0.18168999999999996 0.4384800000000001
2 0.397675 0.543945 0.11309000000000002 0.6894499999999999
