6 0.5141100000000001 0.554685 0.019140000000000046 0.65625
0 0.236175 0.42041 0.18007 0.72754
0 0.373625 0.513675 0.34013000000000004 0.83203
0 0.40624 0.281735 0.51324 0.28613
2 0.43016499999999996 0.18457 0.65155 0.23632
2 0.39276 0.08935499999999999 0.52108 0.010749999999999996
2 0.25053000000000003 0.26221 0.17746 0.36426000000000003
2 0.364055 0.35791 0.34535000000000005 0.54004
4 0.56326 0.59277 0.49672 0.41992000000000007
0 0.117435 0.30029500000000003 0.06785 0.54981
0 0.095255 0.38721000000000005 0.02871 0.69238
0 0.39580499999999996 0.460935 0.55847 0.84375
0 0.38797499999999996 0.47461000000000003 0.49759 0.85546
0 0.309685 0.48926 0.29577 0.91602
