2 0.418805 0.34033 0.38755 0.27832
2 0.526025 0.335935 0.79433 0.11719000000000002
2 0.506795 0.43408 0.7750900000000001 0.5126999999999999
2 0.373125 0.440425 0.5962299999999999 0.7246100000000001
2 0.40822499999999995 0.33447000000000005 0.70875 0.56348
2 0.284655 0.5170899999999999 0.29619000000000006 0.8583999999999999
2 0.182235 0.43994 0.09713 0.18066000000000004
2 0.07982 0.188475 0.024999999999999994 0.09571000000000002
2 0.15435 0.090825 0.09328 0.037110000000000004
5 0.551995 0.34570500000000004 0.51545 0.16797
3 0.674605 0.689455 0.40101000000000003 0.41015000000000007
2 0.448135 0.13281500000000002 0.8154899999999999 0.19531
2 0.43467 0.148925 0.8039400000000001 0.23145
0 0.44188 0.13281500000000002 0.8222200000000001 0.20313
0 0.49092499999999994 0.270995 0.82799 0.40527
0 0.495735 0.22411999999999999 0.90685 0.41308
0 0.512085 0.186035 0.8933899999999999 0.18847000000000003
