   0.00000    0.27572    0.40882    0.17794    0.00000
   0.00000    0.65755    0.47146    0.08341    0.00000
   0.00000    0.11121    0.36953    0.08017    0.00000
   0.00000    0.15014    0.36620    0.09546    0.00000
   0.00000    0.50093    0.42661    0.08341    0.00000
   0.00000    0.40686    0.49889    0.08619    0.00000
   0.00000    0.50139    0.37583    0.07692    0.00000
   0.00000    0.53522    0.39993    0.08341    0.00000
   0.00000    0.63531    0.39696    0.07044    0.00000
   0.00000    0.48471    0.57746    0.06766    0.00000
   0.00000    0.23494    0.06820    0.07970    0.00000
   0.00000    0.23401    0.10007    0.06858    0.00000
   0.00000    0.17563    0.18866    0.06858    0.00000
   0.00000    0.13716    0.59933    0.06580    0.00000
   0.00000    0.95042    0.49703    0.08526    5.00000
   0.00000    0.38276    0.38251    0.06951    5.00000
   0.00000    0.42447    0.45219    0.06766    5.00000
   0.00000    0.17053    0.42254    0.08804    5.00000
   0.00000    0.13902    0.42587    0.07322    5.00000
   0.00000    0.13670    0.59785    0.08341    5.00000
   0.00000    0.48424    0.57635    0.08341    5.00000
   0.00000    0.40500    0.50037    0.09731    5.00000
   0.00000    0.65524    0.46887    0.09175    5.00000
   0.00000    0.51854    0.41549    0.13160    5.00000
   0.00000    0.84059    0.51446    0.10287    5.00000
   0.00000    0.57275    0.72387    0.06766    5.00000
   0.00000    0.30769    0.72128    0.07136    5.00000
   0.00000    0.40083    0.08636    0.07414    5.00000
   0.00000    0.17563    0.18829    0.07785    5.00000
   0.00000    0.23309    0.08154    0.09082    5.00000
   0.00000    0.17285    0.42328    0.08341    0.00000
   0.00000    0.21779    0.31245    0.06951    0.00000
   0.13454    0.90176    0.17717    0.33457    1.00000
   0.00000    0.17053    0.42513    0.09175    5.00000
