   0.05469    0.60330    0.62500   -0.01736    6.00000
   0.00000    0.58681    0.59831   -0.15799    0.00000
   0.00000    0.62326    0.64193   -0.18229    0.00000
   0.00000    0.67535    0.59505   -0.16146    0.00000
   0.00000    0.58767    0.64453   -0.18056    0.00000
   0.03841    0.59201    0.06641    0.30382    2.00000
   0.00000    0.02951    0.29036   -0.19271    0.00000
   0.00000    0.09722    0.47526   -0.18576    0.00000
   0.00000    0.41667    0.28255   -0.19271    0.00000
   0.00000    0.51215    0.33333   -0.19271    0.00000
   0.00000    0.21354    0.37174   -0.17882    0.00000
