   0.39648    1.10449    0.69336    0.55273    4.00000
   0.40625    1.09375    0.48340    0.55469    6.00000
   0.11523    0.38086    0.46289    0.31641    2.00000
   0.10938    0.33301    0.50488    0.30273    2.00000
   0.10547    0.47656    0.40137    0.31250    2.00000
   0.10547    0.51758    0.12598    0.31250    2.00000
   0.11328    0.53320    0.21973    0.30859    2.00000
   0.09473    0.57812    0.09766    0.30859    2.00000
   0.07422    0.68750    0.08398    0.31250    2.00000
   0.13477    0.47266    0.92773    0.32812    2.00000
   0.23828    0.33301    0.60645    0.30273    2.00000
   0.11133    0.47266    0.93164    0.30859    0.00000
   0.21484    0.33594    0.58691    0.29688    0.00000
   0.10742    0.48340    0.41211    0.29492    0.00000
   0.10156    0.51562    0.12402    0.30078    0.00000
   0.08594    0.58105    0.09277    0.30273    0.00000
   0.07031    0.68457    0.07227    0.31445    0.00000
   0.09961    0.53320    0.21680    0.30859    0.00000
   0.08789    1.22266    1.00000    0.30078    2.00000
