   0.20089    0.24143    0.67717    0.15014    4.00000
   0.13936    0.27804    0.60341    0.05839    0.00000
   0.12824    0.26877    0.63936    0.05283    0.00000
   0.13417    0.40130    0.62750    0.07692    0.00000
   0.15196    0.14551    0.45923    0.06395    5.00000
   0.13343    0.07229    0.39733    0.06719    5.00000
   0.11935    0.11075    0.37695    0.04634    5.00000
   0.12750    0.12419    0.40919    0.05097    5.00000
   0.12528    0.19741    0.40586    0.06395    5.00000
   0.13491    0.21640    0.36768    0.04819    5.00000
   0.11935    0.18582    0.32654    0.04819    5.00000
   0.29355    0.38554    0.30319    0.36469    5.00000
   0.23944    0.66867    0.47924    0.14643    5.00000
   0.27576    0.90408    0.90808    0.22614    5.00000
   0.13566    0.32762    1.00000    0.08156    0.00000
   0.14752    0.56534    1.00000    0.06580    5.00000
   0.12750    0.53105    1.00000    0.04912    5.00000
   0.23647    0.81835    0.34396    0.36793    1.00000
   0.12898    0.13021    0.34173    0.06858    5.00000
   0.16901    0.41149    1.00000    0.19926    5.00000
   0.18013    0.20806    1.00000    0.15199    5.00000
   0.30838    0.78360    0.99778    0.35218    5.00000
   0.15864    0.73355    0.57302    0.06117    5.00000
   0.11861    0.61399    0.26390    0.03336    0.00000
   0.11342    0.45459    0.33692    0.02410    0.00000
   0.11045    0.40408    0.62231    0.02317    0.00000
   0.11045    1.00371    0.80170    0.02688    0.00000
   0.11193    0.98239    0.82691    0.02873    0.00000
   0.11045    0.96061    0.82468    0.03336    0.00000
   0.11119    1.00185    0.82135    0.02873    0.00000
   0.11490    0.91057    0.85137    0.02410    0.00000
   0.11119    0.92447    0.85322    0.03151    0.00000
   0.11268    0.95227    0.96071    0.03522    0.00000
   0.11268    0.99768    0.89474    0.02780    0.00000
   0.11119    0.98193    0.96442    0.02410    0.00000
   0.11119    0.90825    0.93403    0.02688    0.00000
   0.10971    0.90964    0.96961    0.02595    0.00000
   0.11193    0.84615    0.94403    0.02502    0.00000
   0.11342    0.96617    0.91586    0.02966    0.00000
