   0.12602    0.35449    0.28466    0.12975    4.00000
   0.04448    0.38554    0.76575    0.01576    5.00000
   0.05486    0.17006    0.65975    0.03151    5.00000
   0.04225    0.16265    0.54151    0.01668    5.00000
   0.04818    0.38693    0.56449    0.08712    5.00000
   0.04003    0.19694    0.59526   -0.00185    5.00000
   0.04225    0.67470    0.51186    0.00649    5.00000
   0.04003    0.74513    0.55152    0.00463    5.00000
   0.04522    0.89064    0.43403    0.01761    5.00000
   0.04374    0.43049    0.46145    0.00556    5.00000
   0.06375    0.51390    0.25426    0.06673    0.00000
   0.03781    0.62048    0.26872    0.00741    0.00000
   0.06968    0.21687    0.22758    0.03800    5.00000
   0.05263    0.15802    0.27168    0.02410    5.00000
   0.04299    0.19880    0.32394   -0.00371    5.00000
   0.04670    0.03800    0.33988   -0.00463    5.00000
   0.04299    0.05839    0.30912   -0.01019    5.00000
   0.04077    0.28962    0.36583   -0.00741    5.00000
   0.03706    0.25162    0.34099   -0.00556    0.00000
   0.05634    0.08573    0.19941    0.00371    0.00000
   0.03781    0.07368    0.16568   -0.00927    0.00000
   0.04893    0.12141    0.16605   -0.00278    0.00000
   0.07339    0.16543    0.11749    0.02224    0.00000
   0.03929    0.22753    0.04744    0.00185    0.00000
   0.03929    0.29333    0.17902   -0.00185    0.00000
   0.04744    0.15060    0.20460   -0.00741    0.00000
   0.03706    0.19277    0.14974   -0.00649    0.00000
   0.04077    0.57044    0.33395    0.01483    0.00000
   0.02595    0.25996    0.17013   -0.02224    0.00000
   0.02520    0.25579    0.19051   -0.02132    0.00000
   0.03039    0.36886    0.16938   -0.01946    0.00000
   0.02891    0.41798    0.21757   -0.02132    0.00000
   0.02743    0.43652    0.22943   -0.01946    0.00000
   0.02743    0.16867    0.66086   -0.01390    0.00000
   0.02669    0.16450    0.54411   -0.01854    0.00000
   0.02446    0.34801    0.56227   -0.02224    0.00000
   0.02891    0.38879    0.56523   -0.02224    0.00000
   0.02372    0.38786    0.76723   -0.00741    0.00000
   0.03039    0.01715    0.14937   -0.01854    5.00000
   0.33877    0.69231    0.85063    0.50695    1.00000
