   0.00000    0.60840    0.77344    0.03125    2.00000
   0.00000    0.79688    0.66602   -0.00977    2.00000
   0.00000    0.82715    0.66113   -0.06641    1.00000
   0.00000    0.84277    0.22949   -0.09375    2.00000
   0.36523    0.63281    0.70508    0.30176    3.00000
   0.00000    0.10645    0.15723   -0.08984    2.00000
   0.00000    0.16309    0.18848   -0.07812    2.00000
   0.00000    0.24707    0.27148   -0.05469    2.00000
   0.00000    0.22949    0.22168   -0.10938    5.00000
   0.00000    0.50586    0.35547   -0.10742    5.00000
   0.03711    0.42676    0.27344    0.26562    2.00000
