   0.00000    0.95922    0.56709    0.33642    0.00000
   0.00000    0.69138    0.64603    0.34384    0.00000
   0.00000    0.74838    0.66383    0.30769    0.00000
   0.00000    0.77711    0.69274    0.32994    0.00000
   0.00000    0.71223    0.37213    0.34847    0.00000
   0.00000    0.60287    0.52632    0.30399    0.00000
   0.00000    0.66172    0.51890    0.33272    0.00000
   0.00000    0.61353    0.49666    0.29935    0.00000
   0.00000    0.78638    0.36360    0.32067    0.00000
   0.00000    0.92539    0.33914    0.30028    0.00000
   0.00000    0.31418    0.08117    0.29194    0.00000
   0.00000    0.76599    0.12231    0.30399    0.00000
   0.00000    0.79703    0.11231    0.29379    0.00000
   0.00000    0.82669    0.12750    0.28452    0.00000
   0.00000    0.66960    0.29540    0.32808    0.00000
   0.00000    0.53383    0.08006    0.28638    0.00000
   0.00000    0.43095    0.14678    0.29379    0.00000
   0.00000    0.47729    0.17680    0.29379    0.00000
   0.00000    0.74096    0.59859    0.28916    0.00000
   0.00000    0.53568    0.49555    0.29379    0.00000
   0.00000    0.73216    0.18755    0.28823    0.00000
   0.00000    0.54356    0.08006    0.32994    5.00000
   0.00000    0.50649    0.09859    0.30769    5.00000
   0.00000    0.45042    0.11787    0.30306    5.00000
   0.00000    0.43049    0.14678    0.32437    5.00000
   0.00000    0.47266    0.18458    0.32345    5.00000
   0.00000    0.73726    0.28503    0.30213    5.00000
   0.00000    0.81464    0.34655    0.29935    5.00000
   0.00000    0.63160    0.17828    0.33550    5.00000
   0.00000    0.47359    0.35730    0.28638    0.00000
   0.00000    0.72753    0.13306    0.29379    5.00000
   0.09044    0.70343    0.38436    0.55514    5.00000
   0.00000    0.91891    0.51594    0.46339    5.00000
   0.00000    0.54310    0.63936    0.29564    5.00000
   0.00000    0.51622    0.72128    0.34013    5.00000
   0.00000    0.48146    0.64307    0.31696    5.00000
   0.00000    0.63624    0.34544    0.28545    0.00000
   0.00000    0.64319    0.32283    0.28823    0.00000
   0.00000    0.60982    0.36583    0.27711    0.00000
   0.00000    0.44347    0.15975    0.39110    5.00000
   0.00000    0.49212    0.09229    0.33642    5.00000
