   0.26983    0.21779    0.47887   -0.24282    0.00000
   0.24018    0.17980    0.42921   -0.25394    0.00000
   0.24240    0.46339    0.24500   -0.20945    0.00000
   0.25204    0.30352    0.33803   -0.21223    0.00000
   0.23870    0.46525    0.38176   -0.24282    0.00000
   0.25278    0.63948    0.76835   -0.23170    5.00000
   0.24240    0.25533    0.71127   -0.24004    5.00000
   0.24388    0.39203    0.96775   -0.24096    5.00000
   0.24314    0.56487    1.00000   -0.23633    5.00000
   0.26835    0.00000    0.77539   -0.25301    5.00000
   0.25945    0.00000    0.67680   -0.25487    5.00000
   0.24092    0.00000    0.27613   -0.24838    5.00000
   0.25649    0.21270    0.43217   -0.24004    5.00000
   0.24981    0.30630    0.34062   -0.21779    5.00000
   0.27947    0.50046    0.64752   -0.20019    5.00000
   0.24314    0.46617    0.45293   -0.24467    5.00000
   0.24981    0.30445    0.51112   -0.23818    5.00000
   0.26168    0.70806    0.53929   -0.24838    5.00000
   0.37806    0.00000    0.53818   -0.20621    4.00000
   0.45589    0.58017    0.99370   -0.00556    1.00000
   0.31727    0.23401    0.37361   -0.18258    4.00000
