   0.02372    0.23772    0.11527    0.02780    0.00000
   0.01853    0.20714    0.54337    0.00741    0.00000
   0.04522    0.13253    0.16308    0.04727    5.00000
   0.02965    0.03429    0.15011    0.00834    5.00000
   0.02595    0.84476    0.14678    0.02966    5.00000
   0.41735    0.15755    0.45886    0.07831    4.00000
   0.06190    0.64690    0.13047    0.31835    4.00000
   0.03855    0.63160    0.95960    0.05561    2.00000
   0.05041    0.74930    0.90178    0.04634    2.00000
   0.23277    0.18072    0.35248    0.09639    5.00000
   0.03706    0.16543    0.21238    0.01668    5.00000
   0.03706    0.00046    0.63714   -0.00185    5.00000
   0.00074    0.08248    0.27428   -0.01946    0.00000
   0.01038    0.10380    0.28428   -0.01761    0.00000
   0.00593    0.15292    0.31913    0.00649    0.00000
   0.00000    0.10241    0.58377   -0.01668    0.00000
   0.00000    0.00000    0.64826   -0.01205    0.00000
   0.00000    0.03892    0.29874   -0.01576    0.00000
   0.49296    0.81001    0.71386    0.28267    1.00000
