   0.11523    0.00000    0.18066   -0.08203    2.00000
   0.00977    0.12695    0.04590   -0.06836    2.00000
   0.00781    0.00000    0.08203   -0.12891    2.00000
   0.29102    0.77637    0.47949   -0.12109    2.00000
   0.04395    0.63379    0.09570    0.04688    1.00000
   0.20508    0.34082    0.33496   -0.05078    4.00000
   0.02148    0.12988    0.25488   -0.01953    2.00000
   0.01953    0.13867    0.38281   -0.12305    2.00000
   0.00000    0.12891    0.28027   -0.02148    2.00000
   0.00000    0.07129    0.06836   -0.14062    2.00000
   0.17969    0.40234    0.19141    0.40039    3.00000
