   0.71094    0.81836    0.90820    0.74023    4.00000
   0.36621    0.81836    0.61719    0.55273    6.00000
   0.36523    0.81934    0.61523    0.55078    3.00000
   0.61328    1.11523    1.00000    0.62305    3.00000
   0.15820    0.65918    0.59375    0.18359    2.00000
   0.15820    0.68066    0.54883    0.17969    2.00000
   0.19336    0.71875    0.49023    0.20898    2.00000
   0.15625    0.71973    0.41699    0.17188    2.00000
   0.15820    0.79004    0.42578    0.17188    2.00000
   0.22266    0.79004    0.28418    0.33984    2.00000
