   0.16797    0.00000    0.69141   -0.03320    5.00000
   0.00000    0.19629    0.72852   -0.14258    5.00000
   0.00000    0.37305    0.51074   -0.24219    5.00000
   0.00000    0.42871    0.44531   -0.23242    5.00000
   0.00000    0.47949    0.53711   -0.17773    5.00000
   0.00586    0.61523    0.45605   -0.10938    5.00000
   0.00000    0.46680    0.09277   -0.16406    5.00000
   0.34668    0.14258    0.42773    0.12500    4.00000
   0.00000    0.46777    0.09863   -0.22070    2.00000
   0.00000    0.05078    0.67188   -0.24609    2.00000
   0.00000    0.61035    0.44824   -0.17773    2.00000
   0.00000    0.44922    0.54297   -0.25000    2.00000
   0.00000    0.00000    0.61230   -0.25977    2.00000
   0.00000    0.37109    0.23047   -0.25000    2.00000
   0.00000    0.51562    0.16699   -0.25781    5.00000
   0.00000    0.60840    0.56348   -0.25195    5.00000
   0.00000    0.58398    0.60352   -0.25391    5.00000
   0.00000    0.00000    0.84277   -0.24023    2.00000
