   0.27930    0.21484    0.84180    0.21094    5.00000
   0.08789    0.59180    0.71484    0.04688    5.00000
   0.18164    0.78223    0.64453    0.10352    5.00000
   0.13086    0.64844    0.28125    0.01953    5.00000
   0.37109    0.25098    0.49121    0.12305    4.00000
   0.05273    0.52246    0.40820   -0.06055    5.00000
   0.05078    0.73828    0.77441   -0.06641    5.00000
   0.06836    0.39941    0.90430   -0.05273    5.00000
   0.06445    0.43066    0.95312   -0.06445    5.00000
   0.04492    0.58691    0.64258   -0.07227    5.00000
   0.03711    0.65039    0.37695   -0.07422    5.00000
