   0.01389    0.30556    0.61892    0.28472    2.00000
   0.00000    1.22396    0.07292    0.30556    2.00000
   0.00000    0.40451    0.34462    0.30556    0.00000
   0.00000    0.42101    0.41493    0.27951    0.00000
   0.00000    0.32812    0.47396    0.28819    0.00000
   0.00000    0.40017    0.53819    0.27951    0.00000
   0.00000    0.45052    0.62240    0.27604    0.00000
   0.00000    0.47135    0.64410    0.28299    0.00000
   0.00000    0.69705    0.50521    0.27604    0.00000
   0.05295    0.61806    0.22917    0.50694    4.00000
   0.19358    0.81771    0.51389    0.60417    4.00000
   0.04688    1.11979    0.04861    0.40278    4.00000
   0.00000    0.31597    0.37847    0.26736    0.00000
   0.00000    0.32465    0.32378    0.27083    0.00000
