   0.25391    0.22363    0.83594    0.22070    5.00000
   0.14648    0.48633    0.88770    0.13281    5.00000
   0.05078    0.70703    0.67969    0.05469    5.00000
   0.07812    0.74219    0.21680    0.10938    5.00000
   0.11719    0.88184    0.60938    0.18164    5.00000
   0.18750    0.95117    0.61328    0.03906    1.00000
   0.46094    0.37891    0.46875    0.34570    4.00000
   0.07031    0.62207    0.36523    0.04102    5.00000
   0.03906    0.70898    0.23438    0.02344    2.00000
   0.00195    0.61719    0.37988    0.00391    2.00000
