   0.10304    0.11724    0.45997   -0.16960    0.00000
   0.15493    0.00000    0.44366   -0.21316    0.00000
   0.06153    0.00000    0.36509   -0.23355    0.00000
   0.07042    0.00000    0.32950   -0.22892    0.00000
   0.05930    0.00000    0.30467   -0.24004    0.00000
   0.07413    0.00000    0.27947   -0.23448    0.00000
   0.07265    0.00000    0.24981   -0.22521    0.00000
   0.05263    0.00000    0.22424   -0.23633    0.00000
   0.08895    0.00000    0.18755   -0.21965    0.00000
   0.09340    0.00000    0.11861   -0.21409    0.00000
   0.06597    0.00000    0.21460   -0.23818    0.00000
   0.08377    0.00000    0.63047   -0.22243    0.00000
   0.07116    0.00000    0.63529   -0.24004    0.00000
   0.07265    0.00000    0.60193   -0.23077    0.00000
   0.05634    0.00000    0.44107   -0.24004    0.00000
   0.06746    0.00000    0.41475   -0.23633    0.00000
   0.06820    0.00000    0.39733   -0.23911    0.00000
   0.10526    0.25533    0.24685   -0.20853    0.00000
   0.08080    0.35032    0.25093   -0.21872    0.00000
   0.09192    0.41659    0.30467   -0.20667    0.00000
   0.07858    0.46803    0.35137   -0.22057    0.00000
   0.07709    0.47034    0.41809   -0.20853    0.00000
   0.07635    0.41798    0.53113   -0.21316    0.00000
   0.05708    0.34152    0.61342   -0.24004    0.00000
   0.09044    0.62419    0.12528   -0.18258    0.00000
   0.07561    0.67006    0.18384   -0.19462    0.00000
   0.07413    0.35264    0.73314   -0.23077    0.00000
   0.05189    0.34801    0.76205   -0.23448    0.00000
   0.05708    0.35542    0.78391   -0.23262    0.00000
   0.06301    0.38925    0.83803   -0.22057    0.00000
   0.06301    0.33642    1.00000   -0.22614    0.00000
   0.07413    0.68953    0.74722   -0.19648    0.00000
   0.06894    0.67377    0.63566   -0.22057    0.00000
   0.05041    0.57600    0.65530   -0.23818    0.00000
   0.05115    0.62651    0.66234   -0.24652    0.00000
   0.10971    0.51344    0.70126   -0.04078    0.00000
   0.06301    0.60704    0.51186   -0.21687    0.00000
   0.06968    0.00000    0.23054   -0.23262    0.00000
   0.06004    0.00000    0.22128   -0.23633    0.00000
   0.06153    0.00000    0.16864   -0.22243    0.00000
   0.05634    0.31789    0.45589   -0.24282    0.00000
   0.05189    0.37071    0.45145   -0.24282    0.00000
   0.03632    0.68397    0.69125   -0.24467    0.00000
   0.06227    0.26182    0.72424   -0.23448    0.00000
   0.06375    0.32530    0.95256   -0.23726    5.00000
   0.05189    0.39991    0.44996   -0.24930    5.00000
   0.05263    0.39991    0.40511   -0.24930    5.00000
   0.05337    0.48100    0.09711   -0.24282    5.00000
   0.09414    0.27943    0.55560   -0.23818    0.00000
   0.06301    0.31928    0.55263   -0.22892    0.00000
   0.05708    0.34476    0.58451   -0.24282    0.00000
   0.06079    0.21640    0.50630   -0.23077    0.00000
   0.06004    0.23957    0.47776   -0.24745    0.00000
   0.05634    0.26182    0.50334   -0.24745    0.00000
   0.05782    0.27896    0.49222   -0.24096    0.00000
   0.05856    0.24050    0.52001   -0.24374    0.00000
   0.21201    0.31881    0.39733   -0.10751    4.00000
