   0.27344    0.36621    0.86328    0.23242    5.00000
   0.24023    0.41602    0.97949    0.30371    5.00000
   0.19727    0.50000    1.00000    0.15234    5.00000
   0.64355    0.65234    0.78320    0.59180    3.00000
   0.08008    0.32617    0.08203    0.10938    2.00000
   0.13086    0.24316    1.00000    0.20117    2.00000
   0.09766    0.77832    0.86914    0.15820    2.00000
   0.10156    0.63770    0.12109    0.13867    5.00000
   0.09961    0.75684    0.25488    0.10742    5.00000
   0.10938    0.88672    0.48047    0.12891    5.00000
   0.11133    0.85742    0.53027    0.13281    5.00000
   0.09961    0.85645    0.88379    0.09570    5.00000
   0.12891    0.88086    0.96094    0.14062    5.00000
   0.10156    0.87207    0.74609    0.10742    5.00000
   0.09180    1.05859    0.42285    0.08203    0.00000
