   0.00000    0.41406    0.18262    0.27344    2.00000
   0.00000    0.38867    0.76855    0.20703    2.00000
   0.00000    0.15137    0.75195    0.12305    2.00000
   0.00000    0.26270    0.63477    0.10742    2.00000
   0.00000    0.36035    0.61816    0.11523    2.00000
   0.00000    0.41797    0.48828    0.14844    2.00000
   0.00000    0.64453    0.58691    0.14453    2.00000
   0.00000    0.88770    0.75586    0.16992    2.00000
   0.00000    0.67480    0.75488    0.13477    2.00000
   0.00000    0.54883    0.77734    0.11719    2.00000
   0.00000    0.61914    0.15332    0.14453    5.00000
   0.00000    0.84082    0.29688    0.10352    5.00000
   0.00000    0.46582    0.12402    0.11914    0.00000
   0.00000    0.36523    0.22949    0.09766    0.00000
   0.00000    0.33887    0.19629    0.08789    0.00000
   0.06250    0.44336    0.27539    0.25684    4.00000
   0.00000    1.00586    0.51172    0.17188    2.00000
   0.00000    0.26562    0.12988    0.12891    2.00000
   0.00000    0.17383    0.20801    0.13281    2.00000
