   0.00000    0.94625    0.46368    0.31696    1.00000
   0.00000    0.45551    0.30096    0.26228    0.00000
   0.00000    0.63855    0.31097    0.23911    0.00000
   0.00000    0.27433    0.17346    0.24467    0.00000
   0.23425    0.70065    0.57821    0.47915    4.00000
   0.00000    0.92678    0.23351    0.25579    0.00000
   0.00000    1.00046    0.28391    0.24745    0.00000
   0.00000    1.05700    0.25760    0.23448    0.00000
   0.00000    0.92030    0.33988    0.22984    0.00000
   0.00000    0.96247    0.32691    0.23633    0.00000
   0.00000    0.93883    0.37176    0.24467    0.00000
   0.00000    0.88693    0.39844    0.24096    0.00000
   0.00000    0.70204    0.14122    0.21594    0.00000
   0.00000    0.63253    0.14900    0.22150    0.00000
   0.00000    0.58851    0.16308    0.22984    0.00000
   0.00000    0.52224    0.22609    0.25301    0.00000
   0.00000    0.57739    0.22090    0.25023    0.00000
   0.00000    0.56905    0.24944    0.22614    0.00000
   0.00000    0.62929    0.50482    0.22428    0.00000
   0.00000    0.71733    0.56375    0.27062    0.00000
   0.00000    0.60704    0.44292    0.22428    0.00000
   0.00000    0.62558    0.37287    0.21501    0.00000
   0.00000    0.62234    0.34359    0.21409    0.00000
   0.00000    0.63716    0.47702    0.23077    5.00000
   0.00000    0.50417    0.69792    0.26691    5.00000
   0.00000    0.43559    0.47294    0.23726    5.00000
   0.00000    0.63392    0.34025    0.27989    5.00000
   0.00000    0.59870    0.12380    0.44856    5.00000
   0.00000    0.42493    0.11749    0.21965    0.00000
   0.00000    0.38184    0.10638    0.21872    0.00000
   0.00000    0.43837    0.47702    0.21687    0.00000
   0.08377    1.00046    0.37472    0.60519    1.00000
   0.00000    1.12929    0.41920    0.34754    1.00000
