   0.30078    0.35254    0.44238    0.09570    2.00000
   0.33203    0.52637    0.91504    0.08789    2.00000
   0.29102    0.51953    0.90234    0.08203    0.00000
   0.25781    0.33594    0.43262    0.05469    0.00000
   0.50195    0.89062    0.57227    0.20703    6.00000
   0.24609    0.80957    0.63770    0.04492    2.00000
   0.24609    0.80078    0.60840    0.02734    2.00000
   0.23828    0.81055    0.63770    0.02344    0.00000
   0.54004    0.82324    0.85547    0.35742    4.00000
   0.72070    0.78320    1.00000    0.39551    3.00000
