   0.08789    0.84766    0.75391    0.26172    5.00000
   0.16211    0.45410    0.65430    0.29883    5.00000
   0.44434    0.70508    0.57031    0.62793    4.00000
   0.24414    1.06738    0.86914    0.43945    1.00000
   0.03320    0.47754    0.66797    0.23633    2.00000
   0.12891    0.48926    0.93066    0.25586    2.00000
   0.06445    0.84863    0.75391    0.24805    2.00000
   0.08203    0.50391    0.80176    0.28125    2.00000
   0.01758    0.72168    0.57422    0.22461    2.00000
   0.02344    0.75879    0.62012    0.23633    2.00000
   0.03320    0.76953    0.65430    0.25000    2.00000
   0.06641    0.98828    0.80176    0.26953    2.00000
   0.10742    1.00391    0.81836    0.32031    5.00000
