   0.38184    0.90039    0.86133    0.42090    2.00000
   0.02148    0.15820    0.36035    0.10156    2.00000
   0.05859    0.41211    0.10156    0.17188    2.00000
   0.03125    0.70215    0.07617    0.11914    2.00000
   0.00000    0.61230    0.59473   -0.03320    5.00000
   0.00000    0.56836    0.58008   -0.04688    5.00000
   0.00000    0.62305    0.40625   -0.05078    5.00000
   0.00000    0.53320    0.50293   -0.03906    5.00000
   0.00000    0.52246    0.37695   -0.05273    5.00000
   0.00000    0.54785    0.33203   -0.05273    5.00000
   0.00000    0.38574    0.33398   -0.04492    5.00000
   0.00000    0.75488    0.63965   -0.04102    5.00000
   0.00000    0.60547    0.34961   -0.03906    5.00000
