   0.00977    0.57227    0.75684    0.48340    5.00000
   0.08984    0.50684    0.63086    0.36133    5.00000
   0.00000    1.12793    0.22168    0.25977    5.00000
   0.00000    1.00293    0.52051    0.39648    5.00000
   0.00000    1.12402    0.73535    0.27930    5.00000
   0.00000    0.84375    0.73340    0.22656    5.00000
   0.00000    0.95215    0.27441    0.24023    5.00000
   0.00000    0.83008    0.07031    0.25781    5.00000
   0.00000    0.25000    0.30664    0.22852    5.00000
   0.00000    0.28711    0.55859    0.24512    5.00000
   0.00000    1.04492    0.19141    0.23047    5.00000
   0.00000    1.15820    0.13770    0.21484    5.00000
   0.00000    0.96875    0.72656    0.21094    5.00000
   0.00000    1.13965    0.68555    0.23242    5.00000
   0.00000    0.82031    0.82422    0.21875    5.00000
   0.00000    0.42969    0.70898    0.23047    2.00000
   0.00000    0.35449    0.81543    0.24414    2.00000
   0.00000    1.01660    0.52441    0.24023    2.00000
   0.00000    1.14062    0.22168    0.24219    2.00000
   0.00000    0.85156    0.62793    0.21094    2.00000
