   0.43143    0.36793    0.52446    0.17424    4.00000
   0.00000    0.00000    0.51927   -0.03892    0.00000
   0.00890    0.36376    0.71646    0.00371    0.00000
   0.00000    0.49954    0.64863   -0.02502    0.00000
   0.00000    0.62048    0.67865    0.05190    0.00000
   0.00000    0.50371    0.57042   -0.04078    0.00000
   0.09118    0.84940    0.12528    0.04634    1.00000
   0.46219    0.58017    0.68199    0.52919    3.00000
   0.00000    0.05746    0.31134    0.04124    7.00000
   0.07709    0.22057    0.19385    0.07831    7.00000
   0.00000    0.02641    0.55226   -0.05561    0.00000
   0.00000    0.81418    0.73647   -0.04078    0.00000
   0.41401    0.90454    0.90882    0.42400    3.00000
   0.00000    0.02549    0.57746    0.00000    5.00000
   0.00000    0.15616    0.42142   -0.02966    5.00000
   0.00000    0.18258    0.47109   -0.04912    5.00000
   0.00000    0.24189    0.31394    0.04356    5.00000
   0.00000    0.38415    0.37732   -0.02780    5.00000
   0.03484    0.00000    0.65234   -0.04171    5.00000
   0.00000    0.00000    0.76761   -0.01946    5.00000
   0.00000    0.00000    0.43810   -0.06858    5.00000
   0.00000    0.05700    0.16494   -0.02039    5.00000
   0.00000    0.29194    0.47405   -0.04912    5.00000
   0.00000    0.20667    0.52965   -0.03429    5.00000
