   0.14844    0.37402    0.59473    0.16016    0.00000
   0.00000    0.24414    0.77539    0.19336    0.00000
   0.11523    0.15039    0.50586    0.12305    0.00000
   0.06445    0.15918    0.52734    0.10547    2.00000
   0.10742    0.37109    0.60547    0.13086    2.00000
   0.00781    0.63770    0.00977    0.39062    2.00000
   0.00000    0.70215    0.04492    0.29688    2.00000
   0.14258    0.04297    0.26367    0.02148    2.00000
   0.03320    0.56641    0.52930    0.04102    2.00000
   0.00000    0.34180    0.06543    0.01367    0.00000
   0.44043    0.82617    0.60547    0.17773    3.00000
   0.04102    0.00586    0.25195   -0.01758    0.00000
   0.00000    0.06055    0.12500    0.03711    0.00000
   0.00000    0.24512    0.77539    0.18359    2.00000
