   0.46875    0.44922    0.59375    0.42578    4.00000
   0.10742    0.80566    0.81543    0.11523    5.00000
   0.06250    0.64551    0.73828    0.08008    5.00000
   0.12305    0.41504    0.89746    0.06445    5.00000
   0.03516    0.89160    0.13867    0.00586    2.00000
   0.04883    0.93164    0.85059    0.03906    5.00000
   0.02539    0.30566    0.68262    0.00977    5.00000
   0.02148    0.50879    0.61621    0.00195    5.00000
   0.01758    0.37305    0.81934    0.01172    5.00000
   0.02539    0.81348    0.47168    0.00586    5.00000
   0.01953    0.46582    0.57812   -0.00195    5.00000
