   0.26172    0.38574    0.31250    0.03516    2.00000
   0.23633    0.52148    0.26953    0.04102    2.00000
   0.21484    0.29688    0.51562    0.01367    2.00000
   0.20898    0.35059    0.56152    0.02344    2.00000
   0.21484    0.39941    0.51758    0.01172    2.00000
   0.20117    0.37109    0.46973    0.01758    2.00000
   0.20508    0.39258    0.43262    0.01758    2.00000
   0.34570    0.29590    0.41016    0.14062    2.00000
   0.22070    0.15723    0.27441    0.01172    2.00000
   0.21484    0.16699    0.23242    0.01562    2.00000
   0.21973    0.14062    0.25977    0.11133    2.00000
   0.25391    0.06543    0.35547    0.01953    2.00000
   0.43945    0.77441    1.00000    0.34766    1.00000
   0.19922    0.52246    0.58398    0.01562    5.00000
   0.21680    0.58691    0.59668    0.01953    5.00000
   0.21875    0.45605    0.46484    0.01562    5.00000
   0.20703    0.78516    0.63477    0.02930    5.00000
   0.19336    0.86816    0.86426   -0.00391    5.00000
   0.19336    0.94531    0.85254   -0.00195    5.00000
   0.19531    0.54102    0.55469   -0.00586    5.00000
   0.22852    0.70508    0.44043    0.02539    5.00000
   0.19531    0.54102    0.36133   -0.00195    5.00000
   0.19141    0.22754    0.19922    0.00391    2.00000
   0.19531    0.26660    1.00000   -0.00391    5.00000
