   0.28516    0.34570    1.00000    0.26855    5.00000
   0.30664    0.29004    0.87012    0.05273    5.00000
   0.18359    0.76074    0.47070    0.00586    5.00000
   0.20703    0.84668    0.50195    0.00586    5.00000
   0.21289    0.85352    0.97559    0.03516    5.00000
   0.18359    0.74316    0.76953    0.06055    5.00000
   0.19336    0.01953    0.58496    0.00391    5.00000
   0.19727    0.05859    0.82520    0.00391    5.00000
   0.16797    0.61914    0.88477    0.01562    5.00000
   0.21094    0.67285    0.56250    0.01758    5.00000
   0.16211    0.55957    0.34863   -0.00977    5.00000
   0.15430    0.44922    0.19824   -0.00781    5.00000
   0.16602    0.16699    0.17480   -0.01758    2.00000
   0.14648    0.06152    0.17480   -0.03320    2.00000
   0.14453    0.18750    0.97070   -0.01172    2.00000
   0.16602    0.12598    1.00000    0.00195    2.00000
   0.14258    0.60645    0.98340   -0.02148    5.00000
   0.15430    0.59473    1.00000   -0.01758    5.00000
   0.15820    0.92383    0.34668   -0.01953    5.00000
   0.14062    0.83496    0.80273   -0.02930    5.00000
   0.14648    0.55371    0.16309   -0.02539    5.00000
   0.13867    0.07324    0.79004   -0.02539    5.00000
   0.16797    0.87207    0.98438   -0.01367    2.00000
   0.15039    0.84570    0.49512    0.00000    2.00000
