   0.00000    0.00000    0.21275   -0.13902    0.00000
   0.00000    0.00000    0.23573   -0.14829    0.00000
   0.00000    0.00000    0.24129   -0.14272    0.00000
   0.00000    0.00000    0.28614   -0.14458    0.00000
   0.00000    0.00000    0.34766   -0.14272    0.00000
   0.00000    0.00000    0.34989   -0.14458    0.00000
   0.00000    0.02502    0.38028   -0.12048    0.00000
   0.00000    0.00000    0.43217   -0.13809    0.00000
   0.00000    0.26830    0.12936   -0.04356    5.00000
   0.00000    0.44161    0.21646   -0.09175    5.00000
   0.00000    0.33272    0.30652   -0.12790    5.00000
   0.00000    0.24930    0.25093   -0.12604    5.00000
   0.00000    0.20899    0.26983   -0.14180    5.00000
   0.00000    0.15477    0.25649   -0.14643    5.00000
   0.00000    0.13577    0.32468   -0.13253    5.00000
   0.00000    0.17933    0.35100   -0.13438    5.00000
   0.00000    0.13207    0.29837   -0.13624    5.00000
   0.00000    0.45042    0.16086   -0.11863    5.00000
   0.00000    0.39759    0.12973   -0.14458    5.00000
   0.00000    0.07831    0.17865   -0.13438    5.00000
   0.00000    0.05978    0.39474   -0.13253    5.00000
   0.00000    0.00000    0.43551   -0.13346    5.00000
   0.00000    0.76506    0.59822   -0.13624    0.00000
   0.00000    0.66497    0.63862   -0.13438    0.00000
   0.16345    0.36515    0.58710    0.10287    4.00000
   0.00000    0.65709    0.14678    0.25070    3.00000
   0.00000    0.00000    0.05226   -0.01576    7.00000
   0.00000    0.05422    0.13417   -0.01019    7.00000
   0.00000    0.30677    0.05152    0.02039    7.00000
   0.00000    0.37118    0.19199   -0.07136    7.00000
   0.00000    0.27340    0.11712   -0.16126    0.00000
   0.00000    0.30028    0.12491   -0.15755    0.00000
   0.00000    0.22753    0.13862   -0.14736    0.00000
   0.00000    0.25348    0.13566   -0.15848    0.00000
   0.00000    0.00000    0.33173   -0.07878    0.00000
   0.00000    0.00000    0.32061   -0.11863    0.00000
   0.00000    0.00000    0.18458   -0.15014    0.00000
   0.00000    0.52132    0.44996   -0.14180    0.00000
   0.00000    0.47405    0.46294   -0.14551    0.00000
   0.00000    0.49629    0.45219   -0.15477    0.00000
   0.00000    0.55746    0.52187   -0.06395    1.00000
   0.00000    0.39110    0.53855   -0.02966    1.00000
   0.00000    0.00000    0.46924   -0.12048    5.00000
   0.00000    0.00000    0.41475   -0.07414    5.00000
   0.00000    0.00000    0.13380   -0.13531    5.00000
   0.00000    0.43744    0.27354   -0.11307    5.00000
   0.00000    0.72521    0.14159   -0.01761    7.00000
   0.00000    0.74513    0.07524   -0.02224    7.00000
   0.00000    0.22196    0.44477    0.11585    7.00000
   0.00000    0.63624    0.34804   -0.15107    0.00000
   0.00000    0.66775    0.40289   -0.15107    0.00000
   0.00000    0.67980    0.46738   -0.15107    0.00000
   0.00000    0.68304    0.52446   -0.04449    1.00000
   0.00000    0.72150    0.47813   -0.14365    0.00000
   0.00000    0.73448    0.46034   -0.15107    0.00000
   0.00000    0.29750    0.60230   -0.15385    0.00000
   0.00000    0.00000    0.61045   -0.13902    1.00000
   0.00000    0.00000    0.61231   -0.15477    0.00000
   0.00000    0.00000    0.45923   -0.15338    0.00000
   0.00000    0.67516    0.61675   -0.14921    0.00000
