   0.00000    0.74219    0.69434   -0.05078    1.00000
   0.00000    0.43262    0.69824    0.01367    2.00000
   0.00000    0.15430    0.64941   -0.10156    2.00000
   0.04492    0.00000    0.34375   -0.09082    2.00000
   0.00000    0.79199    0.41406   -0.11523    2.00000
   0.00000    0.11523    0.07812   -0.08203    2.00000
   0.23926    0.64648    0.60547    0.34473    3.00000
   0.00000    0.00000    0.24902   -0.11719    2.00000
   0.00000    0.00000    0.45898   -0.11230    2.00000
   0.00000    0.61621    0.74414   -0.13477    0.00000
   0.00000    0.41699    0.13086   -0.13086    2.00000
   0.00000    0.35645    0.09473   -0.11523    2.00000
