   0.32715    0.75000    0.35352    0.20508    2.00000
   0.31641    0.60059    1.00000    0.15625    0.00000
   0.72852    0.74219    0.86035    0.57324    3.00000
   0.45508    0.60156    0.55762    0.31836    4.00000
   0.43359    0.90430    0.50391    0.43945    3.00000
   0.66211    0.95898    1.00000    0.31836    3.00000
   0.43457    0.45312    0.55273    0.32910    3.00000
   0.63770    0.88477    0.84570    0.46289    7.00000
   0.51172    0.63672    0.93164    0.54102    7.00000
   0.38867    0.96289    1.00000    0.25586    7.00000
   0.37891    0.75781    1.00000    0.21680    7.00000
   0.34473    0.90234    0.34961    0.18164    2.00000
