   0.58333    1.05417    0.77656    0.44815    1.00000
   0.49688    0.64630    0.53594    0.41713    4.00000
   0.34531    0.91343    0.45755    0.71481    4.00000
   0.49688    0.36296    0.86510    0.27639    4.00000
   0.36354    0.52500    0.99844    0.49907    4.00000
   0.23802    0.83519    0.40859    0.21574    0.00000
   0.24375    1.07361    0.48073    0.23333    0.00000
   0.23646    1.08056    0.50104    0.21944    0.00000
   0.24010    0.77083    0.48359    0.21667    0.00000
   0.24062    0.66620    0.49688    0.22037    0.00000
   0.24896    0.56806    0.47396    0.22037    0.00000
   0.24063    0.58889    0.43021    0.22130    0.00000
   0.24062    0.58148    0.52917    0.21759    0.00000
   0.23854    0.75324    0.95000    0.24074    0.00000
   0.23802    0.53472    0.76745    0.21667    0.00000
   0.23854    0.57454    0.75104    0.22222    0.00000
