   0.15820    1.01465    0.55859    0.15234    5.00000
   0.20312    0.91602    0.22754    0.18555    5.00000
   0.19531    0.88184    0.58301    0.17969    5.00000
   0.13867    0.91504    0.81055    0.14844    5.00000
   0.13281    0.54297    0.67090    0.15039    5.00000
   0.15625    0.91309    0.47949    0.14453    5.00000
   0.12500    0.54297    0.50879    0.15039    5.00000
   0.22070    0.27148    0.44727    0.24805    0.00000
   0.19336    0.33594    0.74609    0.27148    0.00000
   0.23438    0.35742    0.83301    0.24609    0.00000
   0.16016    0.54395    0.89160    0.40234    0.00000
   0.16602    0.63477    1.00000    0.33398    0.00000
   0.15625    0.93164    1.00000    0.21680    0.00000
   0.16406    0.35254    0.17090    0.30078    0.00000
   0.20312    0.47949    0.29590    0.24219    0.00000
   0.22656    0.25977    0.60840    0.24023    0.00000
   0.26172    0.73828    0.42480    0.31055    0.00000
   0.21289    0.76074    0.22852    0.27734    0.00000
   0.28516    0.18164    0.29590    0.15430    0.00000
   0.15234    0.30078    0.28223    0.24023    0.00000
   0.18164    0.34766    0.37109    0.28320    0.00000
   0.15430    0.42285    0.48438    0.19531    0.00000
   0.19336    0.61035    0.55469    0.30078    0.00000
   0.23047    1.05859    0.45801    0.19336    0.00000
   0.15430    0.75391    0.94531    0.22070    0.00000
   0.19922    0.83203    1.00000    0.30664    0.00000
   0.18164    1.06250    0.96484    0.17773    0.00000
   0.19531    1.04492    0.83496    0.18164    0.00000
   0.22266    0.34766    0.92676    0.25293    0.00000
   0.22266    0.29492    1.00000    0.21289    0.00000
   0.12891    0.30273    1.00000    0.16992    0.00000
   0.17188    0.42578    1.00000    0.25195    0.00000
   0.18555    0.45996    0.79883    0.28125    0.00000
   0.18359    0.45020    0.62012    0.18750    0.00000
   0.16211    0.45410    0.62109    0.18359    5.00000
   0.17383    0.60547    0.57617    0.27930    5.00000
   0.21289    0.75000    0.82031    0.22852    5.00000
   0.21094    0.74023    0.81934    0.25195    0.00000
   0.17773    0.33691    0.54102    0.13672    5.00000
   0.16211    0.87598    0.41797    0.14844    5.00000
   0.14258    0.85547    0.47461    0.14258    5.00000
   0.11914    0.88574    0.39062    0.12891    5.00000
   0.12891    0.92773    0.36035    0.15820    5.00000
   0.24023    1.06738    0.31641    0.17969    5.00000
   0.12109    1.01562    0.28027    0.14258    5.00000
   0.12500    0.75879    0.56543    0.16406    5.00000
   0.12109    0.78906    0.54590    0.13477    5.00000
   0.11523    0.65918    0.49023    0.13672    5.00000
   0.17578    0.65137    0.55762    0.17578    5.00000
   0.12891    0.19043    0.41895    0.13672    5.00000
   0.15430    0.25488    0.63477    0.14844    5.00000
   0.13477    0.53418    0.75000    0.15234    5.00000
   0.13672    0.45020    0.14746    0.21484    0.00000
   0.13281    0.41992    0.21582    0.15430    0.00000
   0.12500    0.39258    0.28027    0.16602    0.00000
   0.23828    0.15234    0.43066    0.14746    0.00000
   0.23242    0.18457    0.56445    0.18359    0.00000
   0.49414    0.49609    0.88867    0.30371    0.00000
   0.14844    0.58594    0.85840    0.28320    0.00000
   0.14453    0.82910    0.32715    0.23047    0.00000
   0.15625    0.87695    0.30566    0.13477    0.00000
   0.16602    0.98047    1.00000    0.20117    0.00000
   0.10938    0.94238    0.90332    0.12500    0.00000
   0.10742    0.95605    0.92773    0.13281    0.00000
   0.12500    0.86035    0.95605    0.14453    0.00000
   0.14844    0.79297    0.60254    0.19336    0.00000
   0.11133    0.64746    0.53906    0.14844    0.00000
   0.11523    0.66992    0.58789    0.15820    0.00000
   0.14062    0.50391    0.46777    0.13086    0.00000
   0.14844    0.35742    0.45605    0.16211    0.00000
   0.13477    0.37891    0.99609    0.16602    0.00000
