   0.00000    0.33411    0.24537    0.13994    0.00000
   0.00000    0.34291    0.34322    0.08526    0.00000
   0.00000    0.39249    0.39511    0.07136    0.00000
   0.00000    0.33550    0.56079    0.08526    0.00000
   0.00000    0.38091    0.56709    0.06302    0.00000
   0.00000    0.38693    0.62342    0.10287    0.00000
   0.00000    0.57183    0.85137    0.10936    0.00000
   0.00000    0.64643    0.85360    0.07692    0.00000
   0.00000    0.54819    0.53484    0.09175    0.00000
   0.00000    0.63531    0.53484    0.09546    0.00000
   0.00000    0.59963    0.44514    0.08526    0.00000
   0.00000    0.63438    0.38844    0.09361    0.00000
   0.00000    0.66867    0.45070    0.08063    0.00000
   0.00000    0.46339    0.31987    0.09824    0.00000
   0.00000    0.44949    0.23017    0.08712    0.00000
   0.00000    0.75394    0.28354    0.07878    0.00000
   0.00000    0.77665    0.38510    0.08712    0.00000
   0.00000    0.86237    0.33358    0.08063    0.00000
   0.02372    0.95134    0.27761    0.11770    0.00000
   0.00000    0.76043    0.19607    0.08619    0.00000
   0.00000    0.82298    0.21905    0.07970    0.00000
   0.00000    0.06395    0.36694    0.05422    0.00000
   0.04596    0.82206    0.27613    0.32808    7.00000
   0.11342    0.53614    0.31134    0.20853    7.00000
   0.00000    0.83596    0.83024    0.07785    5.00000
   0.00000    0.83735    0.82543    0.06209    0.00000
