   0.12602    0.81279    0.28688   -0.03522    0.00000
   0.12528    0.80074    0.37695   -0.03151    0.00000
   0.12750    0.82715    0.38399   -0.03614    0.00000
   0.13343    0.86330    0.42105   -0.01946    0.00000
   0.13714    0.83411    0.43699   -0.02224    0.00000
   0.12898    0.74560    0.41438   -0.03058    0.00000
   0.12602    0.77062    0.44922   -0.03614    0.00000
   0.12602    0.72011    0.42179   -0.03151    0.00000
   0.12898    0.78406    0.40252   -0.03707    0.00000
   0.12824    0.04356    0.63269   -0.03336    0.00000
   0.13195    0.06673    0.64566   -0.02410    0.00000
   0.12750    0.59500    1.00000   -0.02966    0.00000
   0.13566    0.47312    0.72461   -0.02688    0.00000
   0.13417    0.49954    0.73128   -0.03151    0.00000
   0.14010    0.52549    0.71720   -0.02410    0.00000
   0.13714    0.25440    0.29392   -0.01761    5.00000
   0.16086    0.12790    0.16938    0.02224    5.00000
   0.13121    0.19555    0.13491   -0.02780    5.00000
   0.16901    0.51807    0.73017    0.07044    5.00000
   0.12898    0.56348    0.72424   -0.02780    5.00000
   0.12380    0.72335    0.49703   -0.02132    5.00000
   0.12602    0.63392    0.54930   -0.03151    5.00000
   0.12454    0.65199    0.51594   -0.03244    5.00000
   0.29429    0.90037    0.90845    0.03429    0.00000
   0.23944    0.81789    0.98554    0.04356    0.00000
   0.13566    0.78082    1.00000    0.00463    0.00000
   0.32802    0.93791    0.54188    0.44856    4.00000
   0.12454    0.10519    0.17420   -0.03058    0.00000
   0.12083    0.08526    0.18718   -0.04078    0.00000
   0.12083    0.14458    0.16716   -0.04078    0.00000
   0.12009    0.10982    0.35137   -0.03985    0.00000
   0.11935    0.12651    0.35248   -0.04171    0.00000
   0.24166    0.26552    0.36916    0.13068    5.00000
   0.27650    0.52085    0.40956    0.27247    5.00000
   0.24388    0.81418    0.48740    0.19741    5.00000
   0.12157    0.48703    0.59451   -0.03800    0.00000
   0.28614    0.41242    0.88362    0.20019    1.00000
