   0.21484    0.77539    0.78516    0.22656    2.00000
   0.04883    1.01855    0.24902    0.16992    2.00000
   0.02734    1.09766    0.19336    0.19141    2.00000
   0.03125    0.77930    0.54688    0.18750    2.00000
   0.05664    0.75488    0.62012    0.16211    2.00000
   0.04297    1.01270    0.52148    0.23633    0.00000
   0.01562    1.09082    0.52539    0.18555    0.00000
   0.39453    0.98535    0.45312    0.41992    6.00000
   0.45898    0.89355    0.64160    0.44727    4.00000
   0.23926    0.85547    0.38086    0.49609    7.00000
   0.47070    1.12891    0.96094    0.63477    3.00000
