   0.36035    0.18945    0.83398    0.12598    2.00000
   0.04297    0.85840    0.28711    0.10352    2.00000
   0.00000    0.58398    0.32031    0.16797    2.00000
   0.00000    0.49902    0.59961    0.25586    2.00000
   0.00000    0.34473    0.01953    0.09570    2.00000
   0.00000    0.33008    0.10254    0.07812    2.00000
   0.00000    0.38867    0.26465    0.00781    2.00000
   0.00586    0.54395    0.14941    0.16992    2.00000
   0.00000    0.50879    0.04492   -0.01758    2.00000
   0.03320    0.73926    0.07324    0.15430    2.00000
   0.35547    0.93555    0.85156    0.43848    2.00000
