   0.00000    0.21223    0.34655    0.16960    0.00000
   0.06079    0.46061    0.39177    0.22521    0.00000
   0.00000    0.62326    0.47554    0.02039    0.00000
   0.00000    0.59129    0.50890    0.01390    0.00000
   0.00000    0.74838    0.53373    0.15941    0.00000
   0.00000    0.87998    0.61453    0.00556    0.00000
   0.00000    0.94300    0.58821    0.01854    0.00000
   0.00000    0.94486    0.53410    0.00556    0.00000
   0.00000    0.79194    0.32135    0.02039    0.00000
   0.00000    0.05746    0.69941    0.01205    5.00000
   0.00000    0.14968    0.74203    0.03151    5.00000
   0.00000    0.07275    0.76390    0.00556    5.00000
   0.00000    0.05375    0.78021    0.01019    5.00000
   0.00000    0.06348    0.81950    0.00741    5.00000
   0.00000    0.10056    0.84692    0.02039    5.00000
   0.00000    0.13809    0.86212    0.01390    5.00000
   0.00000    0.14690    0.77428    0.02224    5.00000
   0.00000    0.17980    0.70126    0.01019    5.00000
   0.00000    0.07739    0.65789    0.01483    5.00000
   0.00000    0.00927    0.18458   -0.00232    0.00000
   0.00000    0.02132    0.24166    0.01576    0.00000
   0.00000    0.01946    0.39622    0.00278    0.00000
   0.00000    0.28452    0.57153    0.02502    5.00000
   0.00000    0.23957    0.59081    0.00741    5.00000
   0.00000    0.30399    0.67939    0.01205    5.00000
   0.00000    0.29194    0.76205    0.01390    5.00000
   0.00000    0.88137    0.55671    0.03244    4.00000
   0.00000    0.86654    0.56375    0.00649    0.00000
   0.00000    0.30677    0.67791   -0.00463    0.00000
   0.11416    0.23355    0.71572    0.13299    5.00000
   0.00000    0.71733    0.79800    0.00834    5.00000
   0.00000    0.54402    0.67309    0.00278    5.00000
   0.00000    0.79055    0.32061    0.01205    5.00000
   0.00000    0.90871    0.32061   -0.00371    5.00000
   0.00000    0.62651    0.52965    0.01946    5.00000
