   0.13672    0.37891    0.15430    0.19531    0.00000
   0.10059    0.51855    0.10938    0.14258    0.00000
   0.32422    0.19336    0.58887    0.17578    0.00000
   0.47070    0.94336    0.83008    0.33203    4.00000
   0.58691    0.46875    1.00000    0.28711    3.00000
   0.49805    0.94238    0.50977    0.37305    6.00000
   0.40039    0.74512    0.41602    0.17773    7.00000
   0.13867    0.31641    0.43750    0.14453    0.00000
   0.16406    0.30176    0.95020    0.15430    0.00000
   0.13477    0.37207    0.24805    0.13477    0.00000
