   0.00000    0.37303    0.31060    0.22335    0.00000
   0.00000    0.35403    0.22498    0.20019    0.00000
   0.00000    0.32484    0.23795    0.19555    0.00000
   0.00000    0.32484    0.43069    0.19555    0.00000
   0.00000    0.22104    0.56931    0.21223    0.00000
   0.00000    0.26691    0.58525    0.19462    0.00000
   0.00000    0.78360    0.27279    0.19555    0.00000
   0.00000    0.80862    0.36916    0.18443    0.00000
   0.00000    0.94856    0.24166    0.19370    0.00000
   0.00000    0.40918    0.17198    0.20297    0.00000
   0.00000    0.43327    0.19681    0.20297    0.00000
   0.00000    0.85728    0.52039    0.19277    0.00000
   0.00000    0.92447    0.10638    0.19370    0.00000
   0.00000    0.54912    0.17569    0.18814    0.00000
   0.00000    0.50880    0.24092    0.18906    0.00000
   0.00000    0.63855    0.08673    0.19462    0.00000
   0.00000    0.48703    0.10638    0.20111    0.00000
   0.00000    0.87720    0.24166    0.19184    0.00000
   0.00000    0.43791    0.26390    0.20667    0.00000
   0.00000    0.64968    0.66976    0.22799    5.00000
   0.00000    0.75070    0.69681    0.36515    5.00000
   0.00000    0.58017    0.39733    0.38369    5.00000
   0.00000    0.63068    0.22721    0.40871    5.00000
   0.00000    0.80074    0.33766    0.27618    5.00000
   0.00000    0.98471    0.28947    0.39203    5.00000
   0.00000    0.44532    0.52224    0.30306    5.00000
   0.00000    0.86330    0.55819    0.32159    5.00000
   0.00000    0.73170    0.04596    0.51622    5.00000
   0.00000    0.25857    0.13010    0.23216    5.00000
   0.00000    1.14365    0.47109    0.22614    1.00000
   0.00000    0.70992    0.03410    0.51900    7.00000
   0.00000    0.62187    0.19533    0.38554    7.00000
   0.00000    0.62651    0.51668    0.28730    7.00000
   0.00000    0.80584    0.47702    0.34013    7.00000
   0.00000    0.99490    0.30801    0.36793    7.00000
   0.00000    0.31789    0.15493    0.31186    7.00000
   0.00000    0.30955    0.30764    0.25116    7.00000
   0.00000    0.34754    0.56338    0.27016    7.00000
   0.00000    0.60287    0.19904    0.22892    0.00000
   0.00000    0.91103    0.26056    0.20019    0.00000
   0.00000    0.87210    0.23944    0.20389    0.00000
   0.00000    0.79703    0.67272    0.24838    0.00000
   0.00000    0.74652    0.70793    0.30491    1.00000
   0.00000    0.45088    0.54151    0.22892    0.00000
   0.00000    0.39991    0.51964    0.20853    0.00000
   0.00000    0.50232    0.34470    0.20389    0.00000
   0.00000    0.54819    0.42995    0.28267    0.00000
   0.00000    0.64736    0.45256    0.19370    0.00000
   0.00000    0.57275    0.60304    0.19462    0.00000
   0.00000    0.81418    0.39474    0.22521    0.00000
   0.00000    0.59314    0.09155    0.21687    0.00000
   0.00000    0.26413    0.16753    0.18906    0.00000
