   0.29883    0.64941    0.30371   -0.03711    2.00000
   0.25000    0.63867    0.87891   -0.08594    5.00000
   0.25781    0.13477    1.00000    0.12500    5.00000
   0.28711    0.12109    0.88184   -0.08984    5.00000
   0.18164    0.48145    0.52441   -0.16992    5.00000
   0.61816    0.18945    0.71680    0.15332    4.00000
   0.13086    0.00000    0.23145   -0.21289    5.00000
   0.13867    0.00000    0.28613   -0.20117    5.00000
   0.12891    0.00000    0.28125   -0.21484    5.00000
   0.12891    0.00000    0.42188   -0.21680    5.00000
   0.15234    0.00000    0.62305   -0.20508    5.00000
   0.15820    0.00000    0.84668   -0.17773    5.00000
   0.13086    0.00000    0.79785   -0.20703    5.00000
   0.13086    0.00000    0.16113   -0.21094    2.00000
   0.12500    0.47754    0.52930   -0.19727    2.00000
   0.12305    0.17871    0.26855   -0.21289    2.00000
   0.12109    0.19043    0.32031   -0.22070    2.00000
   0.14062    0.62012    0.91602   -0.17773    2.00000
   0.15625    0.72559    0.32227   -0.18555    5.00000
   0.12500    0.54297    0.73438   -0.19141    5.00000
