   0.21875    0.43848    0.62988    0.34961    5.00000
   0.00000    0.74707    0.64551    0.27539    5.00000
   0.00000    0.83887    0.80176    0.27539    5.00000
   0.00000    0.98047    0.83789    0.34766    5.00000
   0.00000    0.91113    0.34570    0.43555    5.00000
   0.32422    0.69922    0.41602    0.56836    4.00000
   0.12500    1.09180    0.73340    0.41797    1.00000
   0.00000    0.69824    0.54688    0.22852    2.00000
   0.00000    0.84180    0.79980    0.25391    2.00000
   0.00000    0.40625    0.57422    0.22266    2.00000
   0.00000    0.43555    0.68262    0.23438    2.00000
   0.00000    0.75195    0.61328    0.23828    2.00000
