   0.18310    0.43281    0.88028   -0.12882    5.00000
   0.17124    0.40825    0.84099   -0.14643    5.00000
   0.16531    0.44347    0.83580   -0.13716    5.00000
   0.17124    0.45320    0.79281   -0.13994    5.00000
   0.17939    0.50000    0.77910   -0.11677    5.00000
   0.17124    0.52178    0.72980   -0.13624    5.00000
   0.16827    0.56580    0.75204   -0.14087    5.00000
   0.16605    0.58434    0.78206   -0.14087    5.00000
   0.16976    0.42030    0.73054   -0.13902    5.00000
   0.16086    0.46061    0.72090   -0.15107    5.00000
   0.16531    0.47127    0.74759   -0.13346    5.00000
   0.16012    0.43605    0.69978   -0.13902    5.00000
   0.16234    0.46200    0.68162   -0.13902    5.00000
   0.17272    0.51297    0.69199   -0.11863    5.00000
   0.19199    0.42539    0.64381   -0.11214    5.00000
   0.16976    0.48656    0.65641   -0.13068    5.00000
   0.17346    0.51668    0.64196   -0.13902    5.00000
   0.16160    0.53475    0.61898   -0.15107    5.00000
   0.18903    0.49768    0.57932   -0.12141    5.00000
   0.17124    0.44625    0.59637   -0.13902    5.00000
   0.16383    0.45459    0.54596   -0.14272    5.00000
   0.19051    0.45737    0.50297   -0.13716    5.00000
   0.19570    0.51158    0.51964   -0.11585    5.00000
   0.16679    0.45227    0.43032   -0.13809    5.00000
   0.17198    0.48749    0.41957   -0.13994    5.00000
   0.18903    0.49861    0.46516   -0.11399    5.00000
   0.20830    0.56209    0.41698   -0.08526    5.00000
   0.17939    0.58434    0.47665   -0.11307    5.00000
   0.16308    0.54217    0.47665   -0.14921    5.00000
   0.18532    0.68072    0.43958   -0.12048    5.00000
   0.17643    0.62836    0.41883   -0.13624    5.00000
   0.18977    0.65338    0.38325   -0.09917    5.00000
   0.16012    0.60519    0.35285   -0.14180    5.00000
   0.16976    0.54727    0.56375   -0.13902    5.00000
   0.16827    0.64180    0.32950   -0.13902    5.00000
   0.19941    0.66497    0.29985   -0.12048    5.00000
   0.18755    0.47915    0.35693   -0.10473    5.00000
   0.17494    0.47127    0.31208   -0.13346    5.00000
   0.15567    0.44625    0.26835   -0.14643    5.00000
   0.15715    0.46617    0.28836   -0.13068    5.00000
   0.16679    0.32252    0.16938   -0.13253    5.00000
   0.16383    0.56812    0.17457   -0.12882    5.00000
   0.16531    0.55097    0.19311   -0.12604    5.00000
   0.16308    0.72984    0.47961   -0.14272    5.00000
   0.15641    0.72567    0.45404   -0.14736    5.00000
   0.16234    0.68072    0.34878   -0.15199    5.00000
   0.16531    0.79147    0.56746   -0.14551    5.00000
   0.15864    0.77294    0.53373   -0.15292    5.00000
   0.16012    0.55375    0.59377   -0.14829    5.00000
   0.15864    0.66960    0.24240   -0.15014    5.00000
   0.20534    0.58063    0.52817   -0.09453    5.00000
   0.16827    0.51529    0.81653   -0.10473    5.00000
   0.16012    0.46154    0.93996   -0.14921    5.00000
   0.15789    0.44300    0.95812   -0.15292    5.00000
   0.16605    0.47127    0.97183   -0.14458    5.00000
   0.15864    0.56951    1.00000   -0.14087    5.00000
   0.16827    0.57414    0.97294   -0.14458    5.00000
   0.15419    0.57739    0.94589   -0.15107    5.00000
   0.15567    0.58109    0.92587   -0.15107    5.00000
   0.16679    0.58480    0.90104   -0.15107    5.00000
   0.16012    0.42215    0.20682   -0.12975    0.00000
   0.17124    0.71131    0.28947   -0.14087    0.00000
   0.15715    0.74699    0.28540   -0.15292    0.00000
   0.16827    0.65848    0.28799   -0.12790    0.00000
   0.17643    0.73401    0.52335   -0.14180    0.00000
   0.16679    0.66821    0.55041   -0.12882    0.00000
   0.16827    0.64968    0.60749   -0.14736    0.00000
   0.16827    0.68258    0.60082   -0.14087    0.00000
   0.17346    0.71131    0.81245   -0.14087    0.00000
   0.16012    0.66358    0.81616   -0.14736    0.00000
   0.15493    0.67655    0.84396   -0.14921    0.00000
   0.15938    0.54866    0.85360   -0.15477    0.00000
   0.16531    0.51854    0.86620   -0.14272    0.00000
   0.15715    0.51761    0.82580   -0.14829    0.00000
   0.15567    0.41196    1.00000   -0.15014    0.00000
   0.16827    0.58943    0.47257   -0.13068    0.00000
   0.15567    0.59639    0.50630   -0.14829    0.00000
   0.16160    0.63021    0.48703   -0.13253    0.00000
   0.16160    0.66960    0.47887   -0.15014    0.00000
   0.15864    0.70065    0.49518   -0.14921    0.00000
   0.52557    0.20575    0.90437    0.01900    1.00000
   0.19199    0.74374    0.76612   -0.12234    5.00000
   0.21794    0.30120    0.64715   -0.13068    5.00000
   0.16234    0.74004    0.90178   -0.15385    5.00000
   0.16160    0.71501    0.94663   -0.14829    5.00000
   0.17494    0.68675    0.92439   -0.13253    5.00000
   0.16234    0.25070    0.18125   -0.14272    5.00000
   0.16012    0.63948    0.78725   -0.13253    5.00000
   0.14900    0.26321    0.15567   -0.08619    5.00000
   0.19088    0.65014    0.19644   -0.07970    5.00000
   0.17124    0.80259    0.60304   -0.15292    5.00000
   0.16753    0.64319    1.00000   -0.14921    5.00000
