   0.80566    1.01855    0.98047    0.41992    2.00000
   0.46875    0.52148    1.00000    0.41797    5.00000
   0.37305    0.49805    1.00000    0.39746    5.00000
   0.38477    0.50098    0.72656    0.32227    2.00000
   0.23438    1.05078    1.00000    0.25391    5.00000
   0.24609    1.00098    1.00000    0.26367    5.00000
   0.27930    0.65918    1.00000    0.30273    5.00000
   0.24219    0.64453    1.00000    0.26953    5.00000
   0.23438    1.08203    0.63965    0.25391    5.00000
   0.24414    1.04102    0.86523    0.25391    5.00000
   0.22852    0.99023    0.78711    0.24609    5.00000
   0.23242    0.93457    0.76953    0.24805    5.00000
   0.24023    0.90039    0.81055    0.25000    5.00000
   0.23828    0.91992    1.00000    0.25781    5.00000
   0.23633    0.25781    0.85742    0.25195    5.00000
   0.35547    0.58203    0.69238    0.30469    4.00000
