   0.00977    0.42383    0.19141    0.34863    1.00000
   0.00000    0.71191    0.20898    0.32617    2.00000
   0.00000    0.90234    0.16016    0.33203    2.00000
   0.00000    0.71973    0.16699    0.32227    2.00000
   0.18555    1.26172    0.55762    0.76758    3.00000
   0.00000    0.45996    0.29492    0.31445    5.00000
   0.00000    0.99805    0.73438    0.33594    2.00000
   0.00000    0.33789    0.32324    0.30566    2.00000
   0.00000    0.38281    0.71387    0.31250    2.00000
   0.00000    0.88379    0.55469    0.31836    2.00000
   0.00000    0.84277    0.15918    0.31445    2.00000
