   0.23242    0.58008    0.25879   -0.14258    5.00000
   0.22266    0.61523    0.32812   -0.15820    5.00000
   0.25977    0.72070    0.33105   -0.10352    5.00000
   0.39062    0.70801    0.94336   -0.06641    5.00000
   0.50781    0.35840    0.98828    0.05859    5.00000
   0.55176    0.20703    0.55273    0.00098    5.00000
   0.25781    0.00000    0.85156   -0.09961    5.00000
   0.25195    0.25586    0.32031   -0.02148    5.00000
   0.29883    0.45312    0.41797   -0.06055    5.00000
   0.22070    0.69922    0.55566   -0.02148    2.00000
   0.21484    0.71680    0.66016   -0.10352    2.00000
   0.24023    0.68262    0.77246   -0.11328    2.00000
   0.21875    0.46875    0.60156   -0.14258    2.00000
   0.20898    0.37109    0.77441   -0.12305    2.00000
   0.25586    0.27051    0.54199   -0.15234    2.00000
   0.21484    0.69141    0.40234   -0.13867    2.00000
   0.21875    0.64941    0.44727   -0.14062    2.00000
   0.68359    0.56445    1.00000    0.35938    3.00000
   0.21484    0.00000    0.85156   -0.13281    2.00000
   0.48633    0.17773    0.56738    0.00195    2.00000
   0.23828    0.25098    0.28906   -0.04297    2.00000
   0.37695    0.32715    0.93848   -0.03125    2.00000
   0.26172    0.30859    1.00000   -0.14648    2.00000
   0.18945    0.61523    0.32715   -0.17383    2.00000
   0.20703    0.70312    0.40430   -0.16602    5.00000
   0.28809    0.66406    0.34961    0.03711    5.00000
   0.19922    0.36133    0.53906   -0.16211    2.00000
   0.21289    0.46191    1.00000   -0.16016    2.00000
