   0.25195    0.03320    0.87305   -0.00195    5.00000
   0.09961    0.09766    0.73242   -0.12695    5.00000
   0.08203    0.55469    0.87793   -0.16602    5.00000
   0.08398    0.63965    0.90430   -0.17969    5.00000
   0.10547    0.69629    0.69824   -0.19531    5.00000
   0.09375    0.73340    0.43457   -0.20312    5.00000
   0.08594    0.60938    0.62598   -0.18555    5.00000
   0.10352    0.19434    0.98828   -0.16016    5.00000
   0.04883    0.23828    0.95508   -0.22461    5.00000
   0.05078    0.49707    0.63574   -0.21875    5.00000
   0.05664    0.54980    0.59180   -0.21484    5.00000
   0.05859    0.56836    0.34473   -0.21680    5.00000
   0.06250    0.36523    0.06836   -0.16992    5.00000
   0.07812    0.36621    0.10645   -0.18359    5.00000
   0.08203    0.33691    0.18457   -0.20703    5.00000
   0.06250    0.00000    0.66309   -0.19727    5.00000
   0.06250    0.00000    0.66504   -0.21484    5.00000
   0.08008    0.00000    0.98633   -0.15820    5.00000
   0.06836    0.14160    0.85938   -0.19141    5.00000
   0.05273    0.39062    0.74219   -0.21680    5.00000
   0.05664    0.42285    0.77344   -0.21875    5.00000
   0.05273    0.41504    0.99023   -0.21484    5.00000
   0.04102    0.53125    1.00000   -0.20898    5.00000
   0.07812    0.70117    0.89941   -0.21680    5.00000
   0.05273    0.58203    0.41406   -0.22070    5.00000
   0.05273    0.51660    0.76562   -0.21875    5.00000
   0.06445    0.49121    0.85156   -0.21484    5.00000
   0.05273    0.31152    0.68359   -0.21094    5.00000
   0.04492    0.00000    0.93359   -0.20703    0.00000
   0.04883    0.00000    0.95508   -0.22461    0.00000
   0.06055    0.00000    0.97461   -0.17969    0.00000
   0.15625    0.10156    0.51270   -0.20508    4.00000
