   0.04374    0.64180    0.60526    0.36052    5.00000
   0.02669    0.64551    0.32987    0.35310    5.00000
   0.05486    0.72660    0.36546    0.35218    5.00000
   0.05856    0.63021    0.49333    0.37257    5.00000
   0.08970    1.00463    0.34433    0.35589    5.00000
   0.04077    0.99722    0.65864    0.38925    5.00000
   0.03929    1.07507    0.48295    0.34106    5.00000
   0.08451    1.23216    0.37658    0.39203    5.00000
   0.11119    0.52363    0.73832    0.36330    5.00000
   0.54003    0.40037    0.54188    0.35403    4.00000
   0.02224    0.82206    0.34248    0.31696    5.00000
   0.02595    0.88276    0.41401    0.31789    5.00000
   0.01853    0.98239    0.41846    0.32623    5.00000
   0.02446    0.96061    0.53188    0.31789    5.00000
   0.01779    0.99537    0.52483    0.31325    5.00000
   0.02001    1.21501    0.64233    0.32067    5.00000
   0.02298    1.12187    0.45330    0.31789    5.00000
   0.02595    0.72150    0.45404    0.31974    5.00000
   0.02520    0.94393    0.22609    0.31418    5.00000
   0.01853    0.74282    0.55560    0.31418    5.00000
   0.02001    0.44439    0.37176    0.30862    5.00000
   0.01779    0.49351    0.23054    0.30862    5.00000
   0.03336    0.39991    0.79800    0.31789    5.00000
   0.02150    0.36006    0.79059    0.30677    5.00000
   0.01260    1.13346    0.84841    0.31511    5.00000
   0.01853    1.13994    0.89140    0.30955    5.00000
   0.01557    0.50185    0.08043    0.31047    0.00000
   0.02224    0.52456    0.04670    0.31511    0.00000
   0.00964    0.99027    0.35397    0.29935    0.00000
   0.00890    1.00046    0.37287    0.30306    0.00000
   0.01705    0.94208    0.22424    0.30677    0.00000
   0.02372    0.88879    0.59674    0.31696    0.00000
   0.01038    0.92215    0.60934    0.30955    0.00000
   0.02965    0.73772    0.67976    0.33179    0.00000
   0.02669    0.81001    0.70497    0.31511    0.00000
   0.12305    0.77943    0.80208    0.39296    0.00000
   0.01334    0.76784    0.73091    0.30491    0.00000
   0.05337    0.65107    0.95997    0.37720    0.00000
   0.04299    0.55792    0.90734    0.36886    0.00000
   0.01631    0.51437    0.92661    0.30399    0.00000
   0.01334    0.58156    0.87620    0.32715    0.00000
   0.01927    0.63809    0.89325    0.31974    0.00000
   0.01927    0.71038    0.91327    0.31974    0.00000
   0.01260    0.70204    0.86842    0.31047    0.00000
   0.01186    0.73401    0.89029    0.30584    0.00000
   0.01112    0.64411    0.81208    0.30955    0.00000
   0.01705    0.67563    0.75797    0.30769    0.00000
   0.02076    1.16033    0.87398    0.31325    0.00000
   0.01408    1.12558    0.86694    0.30862    0.00000
   0.01779    0.55885    0.35211    0.30399    0.00000
   0.01631    0.56951    0.39807    0.30491    0.00000
   0.07191    0.52224    0.53781    0.32345    0.00000
   0.01557    0.55700    0.53039    0.30769    0.00000
   0.01408    0.56163    0.51334    0.30584    0.00000
   0.02001    1.14087    0.37546    0.31881    5.00000
   0.04522    1.08341    0.67346    0.36330    5.00000
   0.01705    1.19045    0.86471    0.30491    0.00000
   0.01927    1.20528    0.82876    0.32530    0.00000
   0.07116    0.90639    0.13936    0.84152    1.00000
