   0.43880    0.67014    0.98763    0.17535    6.00000
   0.41927    0.74913    0.99479    0.01736    1.00000
   0.32292    0.34028    0.78906   -0.04340    0.00000
   0.29688    0.13455    0.70833   -0.06597    0.00000
   0.40690    0.66840    0.44401    0.45312    2.00000
   0.28906    0.62674    0.70703   -0.07812    0.00000
   0.31120    0.52257    0.64388   -0.08160    0.00000
   0.27865    0.51997    0.69271   -0.09028    0.00000
   0.32161    0.24479    0.90039   -0.06076    0.00000
   0.27865    0.33247    0.83854   -0.08681    0.00000
