   0.37305    1.06836    0.87109    0.57422    3.00000
   0.00000    1.01172    0.43457    0.14648    2.00000
   0.00000    0.66895    0.27832    0.15234    2.00000
   0.00000    0.52051    0.13477    0.16797    2.00000
   0.00000    0.45801    0.35254    0.14062    2.00000
   0.17188    0.64160    0.18750    0.41016    6.00000
   0.21289    0.65918    0.62402    0.48828    3.00000
   0.21680    0.86230    0.27344    0.33594    3.00000
   0.36230    0.41211    0.38477    0.29297    3.00000
   0.15430    0.59082    0.20605    0.35938    3.00000
