   0.12046    1.12187    0.28021    0.39481    1.00000
   0.00000    0.27804    0.34099    0.27572    0.00000
   0.00000    0.37349    0.41698    0.31233    0.00000
   0.00000    0.38647    0.49703    0.33457    0.00000
   0.00000    0.36793    0.59711    0.25487    0.00000
   0.00000    0.58434    0.61193    0.26691    0.00000
   0.00000    0.90500    0.73684    0.31696    0.00000
   0.00000    0.84615    0.58191    0.33086    0.00000
   0.00000    0.93095    0.44737    0.34291    0.00000
   0.00000    0.58897    0.38732    0.36330    0.00000
   0.00000    0.44903    0.40289    0.28360    0.00000
   0.00000    0.52224    0.46108    0.35403    0.00000
   0.00000    0.53012    0.52965    0.29379    0.00000
   0.00000    0.34384    0.16420    0.27525    0.00000
   0.00000    0.37442    0.24018    0.27525    0.00000
   0.00000    0.47220    0.26649    0.31881    0.00000
   0.00000    0.48378    0.18495    0.35310    0.00000
   0.00000    0.58943    0.21053    0.29750    0.00000
   0.00000    0.58156    0.28466    0.30769    0.00000
   0.00000    0.74930    0.20163    0.28916    0.00000
   0.00000    0.86515    0.16457    0.32623    0.00000
   0.00000    0.86932    0.26501    0.33272    0.00000
   0.17124    0.36237    0.40474    0.30399    7.00000
   0.00000    0.46710    0.18050    0.44903    7.00000
   0.00074    0.47173    0.30022    0.29564    7.00000
   0.01853    0.60658    0.40104    0.38925    7.00000
   0.00000    0.63948    0.28836    0.40315    7.00000
   0.03855    0.73818    0.23684    0.56719    7.00000
   0.02965    1.00417    0.50593    0.44300    7.00000
   0.00000    0.79286    0.58710    0.41891    7.00000
   0.04299    0.88137    0.68162    0.33828    7.00000
   0.00519    0.69231    0.70941    0.33828    7.00000
   0.00000    0.50695    0.70534    0.38647    7.00000
   0.00000    0.58665    0.60119    0.35681    7.00000
   0.00000    0.95459    0.17457    0.24189    0.00000
   0.00000    0.73309    0.40919    0.31418    5.00000
   0.00000    0.79703    0.50408    0.35310    5.00000
