   0.06449    0.59500    0.17235    0.29008    5.00000
   0.00000    0.53197    0.21683    0.18999    5.00000
   0.04781    0.69601    0.12824    0.22706    5.00000
   0.00000    0.77479    0.25130    0.20297    5.00000
   0.10749    0.78591    0.40586    0.22521    5.00000
   0.00519    0.80445    0.54522    0.26228    5.00000
   0.00000    0.96478    0.66086    0.30862    5.00000
   0.00000    0.56812    0.55819    0.17887    5.00000
   0.00000    0.57878    0.60304    0.20389    5.00000
   0.04003    0.66080    0.51742    0.24374    5.00000
   0.00000    0.52734    0.66345    0.17702    5.00000
   0.00000    0.42354    0.57005    0.17702    5.00000
   0.00000    0.42261    0.62787    0.18258    5.00000
   0.16827    0.38462    0.66976    0.26784    5.00000
   0.00000    0.17794    0.33469    0.15894    0.00000
   0.00000    0.17053    0.38473    0.16450    0.00000
   0.00000    0.18675    0.42735    0.18536    0.00000
   0.00000    0.20992    0.43662    0.17053    0.00000
   0.00000    0.23494    0.41327    0.16867    0.00000
   0.00000    0.29101    0.42068    0.16775    0.00000
   0.00000    0.25672    0.38547    0.16775    0.00000
   0.00000    0.32391    0.37880    0.17609    0.00000
   0.00000    0.25023    0.34248    0.20667    0.00000
   0.00000    0.32067    0.28614    0.16960    0.00000
   0.00000    0.33364    0.32728    0.18814    0.00000
   0.00000    0.37210    0.35656    0.18536    0.00000
   0.00000    0.27433    0.07005    0.19370    0.00000
   0.00000    0.56580    0.14455    0.20019    0.00000
   0.00000    0.60334    0.20089    0.16775    0.00000
   0.00000    0.52456    0.21794    0.18258    0.00000
   0.00000    0.63253    0.16827    0.17238    0.00000
   0.00000    0.64968    0.21868    0.16589    0.00000
   0.00000    0.76552    0.43699    0.16960    0.00000
   0.00000    0.76182    0.23795    0.15848    0.00000
   0.00000    0.79055    0.26538    0.15848    0.00000
   0.00000    0.23587    0.60304    0.16311    0.00000
   0.00000    0.26135    0.62639    0.16219    0.00000
   0.00000    0.27989    0.64826    0.18443    0.00000
   0.00000    0.29750    0.68681    0.16775    0.00000
   0.00000    0.19972    0.68755    0.19092    0.00000
   0.00000    1.10241    0.56894    0.17609    0.00000
   0.00000    1.12790    0.59489    0.15663    0.00000
   0.00000    1.10195    0.57005    0.17887    5.00000
   0.00000    1.12280    0.59563    0.16497    5.00000
   0.09155    0.81094    0.25278    0.32901    5.00000
   0.21423    0.84337    0.40808    0.32901    5.00000
   0.18681    0.97868    0.62120    0.45134    5.00000
   0.29874    1.03939    0.42661    0.32994    4.00000
   0.09859    1.04124    0.20163    0.31511    4.00000
