   0.34173    1.17516    0.79911    0.72243    3.00000
   0.14603    1.04356    0.28910    0.54032    1.00000
   0.00000    0.75487    0.49963    0.31881    2.00000
   0.00000    0.59824    0.53336    0.30399    2.00000
   0.00000    0.54032    0.03039    0.41242    5.00000
   0.00000    0.34245    0.13899    0.29101    5.00000
   0.00000    0.50232    0.21016    0.28267    5.00000
   0.37064    0.68582    0.43736    0.47590    4.00000
   0.00000    0.46247    0.43847    0.25857    5.00000
   0.00000    0.33457    0.44885    0.26784    5.00000
   0.00000    0.33874    0.52224    0.25579    5.00000
   0.00000    0.40593    0.52261    0.26228    5.00000
