   0.00000    0.04595    0.71488    0.03501    2.00000
   0.01672    0.89168    0.56355    0.06783    2.00000
   0.00000    0.92998    0.12542   -0.00875    2.00000
   0.00000    0.67068    0.69732   -0.01094    2.00000
   0.00000    0.20678    0.29766   -0.02407    2.00000
   0.00000    0.22976    0.25585   -0.02626    2.00000
   0.00000    0.88621    0.23411   -0.02188    2.00000
   0.00000    0.52626    0.31689   -0.01969    2.00000
   0.00000    0.86761    0.08863   -0.01969    2.00000
   0.00000    0.21772    0.06856   -0.03282    2.00000
