   0.21349    0.42678    0.39881   -0.21501    0.00000
   0.21497    0.36654    0.45738   -0.20019    0.00000
   0.21794    0.34430    0.48629   -0.21131    0.00000
   0.22016    0.32530    0.43551   -0.21779    0.00000
   0.21794    0.30028    0.41586   -0.22335    0.00000
   0.23573    0.15616    0.73165   -0.21687    0.00000
   0.24685    0.34708    0.66160   -0.20204    0.00000
   0.22758    0.62975    0.67939   -0.21131    0.00000
   0.22165    0.61214    0.71794   -0.20760    0.00000
   0.21794    0.61909    0.75982   -0.21409    0.00000
   0.21127    0.61121    0.78391   -0.22614    0.00000
   0.22165    0.56256    0.84692   -0.21038    0.00000
   0.21646    0.67563    0.69459   -0.22150    0.00000
   0.21497    0.60473    0.62936   -0.21687    0.00000
   0.22016    0.72104    0.82172   -0.21965    0.00000
   0.22313    0.70575    1.00000   -0.20945    0.00000
   0.21053    0.31233    0.95849   -0.22335    0.00000
   0.22016    0.34198    0.96331   -0.21594    0.00000
   0.25945    0.00000    1.00000   -0.19648    0.00000
   0.21349    0.00000    1.00000   -0.20945    0.00000
   0.26316    0.00000    0.96553   -0.21409    0.00000
   0.21646    0.07044    1.00000   -0.22335    0.00000
   0.25204    0.00000    0.88955   -0.21409    0.00000
   0.23425    0.00000    0.83692   -0.21779    0.00000
   0.22683    0.00000    0.79763   -0.21965    0.00000
   0.21572    0.00000    0.76612   -0.22892    0.00000
   0.23128    0.03244    0.73388   -0.21594    0.00000
   0.21497    0.02780    0.67902   -0.22150    0.00000
   0.21053    0.08943    0.69607   -0.22984    0.00000
   0.21201    0.12234    0.65975   -0.21779    0.00000
   0.20904    0.27804    0.53966   -0.21965    0.00000
   0.21646    0.25394    0.55152   -0.22706    0.00000
   0.22906    0.21779    0.57561   -0.21594    0.00000
   0.21868    0.47127    0.25834   -0.20760    0.00000
   0.21942    0.44300    0.27650   -0.21965    0.00000
   0.21497    0.42632    0.76427   -0.21965    0.00000
   0.21868    0.41381    0.79503   -0.22614    0.00000
   0.21201    0.39713    0.76427   -0.23170    0.00000
   0.21201    0.36886    0.80133   -0.22335    0.00000
   0.21201    0.59592    0.96071   -0.22335    0.00000
   0.21646    0.52363    0.96145   -0.21594    0.00000
   0.20534    0.55422    0.97813   -0.21779    0.00000
   0.21127    0.53939    0.90771   -0.22335    0.00000
   0.22387    0.44069    0.94218   -0.21131    0.00000
   0.20756    0.48749    0.93403   -0.22335    0.00000
   0.22313    0.62002    0.58821   -0.21965    0.00000
   0.21572    0.00000    0.40289   -0.21779    0.00000
   0.20756    0.00000    0.39881   -0.21965    0.00000
   0.21868    0.00000    0.34507   -0.22335    0.00000
   0.21201    0.00000    0.32543   -0.22150    0.00000
   0.21942    0.00000    0.29429   -0.22614    0.00000
   0.20904    0.00000    0.29355   -0.22150    0.00000
   0.20904    0.48471    0.74351   -0.21965    0.00000
   0.20460    0.43003    0.54188   -0.22150    0.00000
   0.20830    0.10936    0.59266   -0.21965    0.00000
   0.20979    0.12419    0.61119   -0.22150    0.00000
   0.21942    0.33040    0.86657   -0.21501    0.00000
   0.22609    0.53661    0.36657   -0.20482    5.00000
   0.23944    0.67655    0.82320   -0.20297    5.00000
   0.25649    0.59963    0.94292   -0.19926    5.00000
   0.24537    0.44578    0.93736   -0.11770    5.00000
   0.22461    0.62141    0.58747   -0.20945    5.00000
   0.21646    0.48517    0.74426   -0.20019    5.00000
   0.22313    0.54495    0.68162   -0.12882    5.00000
   0.25500    0.31789    0.42476   -0.17146    5.00000
   0.28206    0.44625    0.28243   -0.14087    5.00000
   0.24759    0.08156    0.64566   -0.18999    5.00000
   0.21201    0.71826    1.00000   -0.21965    5.00000
   0.21349    0.68628    1.00000   -0.21872    5.00000
   0.21794    0.08665    0.64566   -0.21501    0.00000
   0.22980    0.00000    0.43588   -0.19741    0.00000
   0.30467    0.35264    0.77798   -0.16126    4.00000
   0.22313    0.00000    0.29466   -0.20667    5.00000
   0.22535    0.00000    0.44033   -0.21131    5.00000
   0.22906    0.00000    0.39844   -0.21409    5.00000
   0.22758    0.00000    0.34359   -0.20853    5.00000
   0.21201    0.00000    0.39362   -0.22243    5.00000
   0.22165    0.00000    0.32431   -0.21409    5.00000
