   0.17578    0.20117    0.35938    0.11621    0.00000
   0.00000    0.87695    0.49512    0.06641    2.00000
   0.12109    0.38184    0.58789    0.25586    4.00000
   0.15820    0.20703    0.35254    0.11133    2.00000
   0.00000    0.12109    0.67188    0.06250    2.00000
   0.00000    0.12305    0.73438    0.10938    2.00000
   0.00000    0.17773    0.77734    0.17578    2.00000
   0.00000    0.33984    0.80859    0.18359    2.00000
   0.00000    0.44922    0.22461    0.16797    2.00000
   0.00000    0.11328    0.66992    0.06250    0.00000
   0.00000    0.11230    0.74121    0.10352    0.00000
   0.00000    0.16992    0.77734    0.16797    0.00000
   0.00000    0.30762    0.80371    0.24023    0.00000
   0.00000    0.44238    0.22266    0.15820    0.00000
   0.00000    0.54492    0.21680    0.02734    0.00000
   0.00000    0.56641    0.27832    0.02344    0.00000
   0.00781    0.28613    0.53711    0.05273    2.00000
   0.00000    0.49023    0.81348    0.08594    2.00000
