   0.29115    0.17500    0.46771   -0.01667    4.00000
   0.00000    0.47639    0.57500    0.39074    4.00000
   0.00000    0.12639    0.41276   -0.15556    0.00000
   0.00000    0.19676    0.50547   -0.18519    0.00000
   0.00000    0.47454    0.36901   -0.12778    0.00000
   0.00000    0.55370    0.37812   -0.18056    0.00000
   0.00000    0.63704    0.40156   -0.16204    0.00000
   0.00000    0.65602    0.44193   -0.15370    0.00000
   0.00000    0.71111    0.41094   -0.17500    0.00000
   0.00000    0.70741    0.44193   -0.18241    0.00000
   0.00000    0.57824    0.31250   -0.14815    0.00000
   0.00000    0.52037    0.29635   -0.16389    0.00000
   0.00000    0.45648    0.27187   -0.16759    0.00000
   0.00000    0.42083    0.25885   -0.17778    0.00000
   0.00000    0.35093    0.21641   -0.12315    0.00000
   0.00000    0.75926    0.23542   -0.16389    0.00000
   0.00000    0.47500    0.51432   -0.15833    0.00000
   0.00000    0.53889    0.52708   -0.16389    0.00000
   0.00000    0.61852    0.55651   -0.18796    0.00000
   0.00000    0.05231    0.21953   -0.18889    0.00000
   0.00000    0.01250    0.21146   -0.18704    0.00000
   0.00000    0.54352    0.08854    0.10648    1.00000
   0.00000    0.38333    0.24349    0.06389    1.00000
   0.00000    0.32130    0.47396   -0.15278    0.00000
