   0.23568    0.32899    1.00000    0.01910    0.00000
   0.20703    0.30295    0.73047   -0.05035    0.00000
   0.21094    0.13628    0.63346   -0.03646    0.00000
   0.19922    0.18316    0.70443   -0.02257    0.00000
   0.19531    0.21528    0.63346   -0.05208    0.00000
   0.20182    0.05816    0.62109   -0.06076    0.00000
   0.19792    0.19792    0.83789   -0.00694    0.00000
   0.28125    0.61458    0.31120    0.43229    2.00000
   0.17839    0.58681    0.54948   -0.05903    0.00000
   0.16016    0.47483    0.56771   -0.08507    0.00000
   0.16797    0.53646    0.69661   -0.09028    0.00000
   0.15885    0.53559    1.00000   -0.07812    0.00000
   0.15234    0.07726    0.57161   -0.09896    0.00000
   0.15365    0.00608    0.56706   -0.10243    0.00000
   0.15234    0.00000    0.59896   -0.10590    0.00000
