   0.38547    0.48749    0.59414    0.48332    5.00000
   0.22980    0.36562    0.78984    0.28916    5.00000
   0.27205    0.68628    0.96664    0.38184    5.00000
   0.24092    0.82298    1.00000    0.39018    5.00000
   0.35767    0.44393    0.41216    0.42725    5.00000
   0.24537    0.75394    0.29948    0.29842    5.00000
   0.23351    0.86932    0.23647    0.32715    5.00000
   0.22683    1.09639    0.25389    0.31233    5.00000
   0.25352    0.81001    0.74759    0.35125    5.00000
   0.22906    0.46108    0.79911    0.29472    0.00000
   0.23128    0.55422    0.79355    0.32530    0.00000
   0.24314    0.64597    0.80689    0.30491    0.00000
   0.23425    0.69509    0.81653    0.28082    0.00000
   0.22090    0.72845    0.80170    0.27896    0.00000
   0.24240    0.79379    0.86509    0.29101    0.00000
   0.22906    0.85542    0.84433    0.27711    0.00000
   0.22609    1.06812    0.83840    0.28174    5.00000
   0.21794    1.09129    0.84989    0.27433    5.00000
   0.25130    1.14319    0.88510    0.31325    5.00000
   0.22906    1.21918    0.86805    0.27062    0.00000
   0.21572    1.22243    0.83173    0.26413    0.00000
   0.23277    0.88693    0.66383    0.29564    5.00000
   0.34989    0.82669    0.53929    0.37905    5.00000
   0.26019    0.93837    0.60267    0.31140    5.00000
   0.24166    0.54032    0.91067    0.33086    5.00000
   0.21646    0.52456    0.94255    0.27525    0.00000
   0.21053    0.55514    0.95515    0.26599    0.00000
   0.21942    0.36469    0.90400    0.28360    0.00000
   0.23499    0.32808    0.92735    0.28499    0.00000
   0.21572    0.27711    0.95552    0.25950    0.00000
   0.23944    0.53614    0.76353    0.33550    0.00000
   0.23277    0.61399    0.76093    0.29286    0.00000
   0.22609    0.70158    0.76575    0.29750    0.00000
   0.22090    0.42030    0.75871    0.29657    0.00000
   0.22016    0.82113    0.96738    0.27711    0.00000
   0.21497    0.76460    0.97072    0.26784    5.00000
   0.23054    0.89388    0.99110    0.34476    5.00000
   0.22832    0.62465    1.00000    0.36052    0.00000
   0.22387    0.77201    1.00000    0.31789    0.00000
   0.22313    0.49027    1.00000    0.28267    0.00000
   0.22239    0.45412    1.00000    0.29379    0.00000
   0.24981    0.50834    1.00000    0.28916    0.00000
   0.22832    1.02271    0.69941    0.28545    5.00000
   0.21053    0.48146    0.48814    0.26321    0.00000
   0.20534    0.52456    0.50704    0.25116    0.00000
   0.23499    0.44717    0.59007    0.32994    0.00000
   0.22980    0.43327    0.66605    0.30584    0.00000
   0.21127    0.46988    0.65234    0.26228    0.00000
   0.20979    0.47266    0.63677    0.25857    0.00000
   0.20830    0.40547    0.61305    0.25579    0.00000
   0.21794    0.43883    0.54374    0.25950    0.00000
   0.21572    0.48517    0.54262    0.25765    0.00000
   0.20904    0.48007    0.52150    0.25301    0.00000
   0.21275    0.47081    0.55893    0.27896    0.00000
   0.21868    0.52502    0.56264    0.25765    0.00000
   0.20979    0.52502    0.53744    0.25579    0.00000
   0.22535    0.44254    0.62750    0.27062    0.00000
   0.21572    0.41010    0.33432    0.26135    0.00000
   0.20979    0.37905    0.28021    0.25301    0.00000
   0.21053    0.39342    0.29763    0.26321    0.00000
   0.20904    0.40686    0.31987    0.25301    0.00000
   0.20904    0.43373    0.38139    0.25487    0.00000
   0.20979    0.43420    0.36249    0.25765    0.00000
   0.21497    0.43373    0.32431    0.26784    0.00000
   0.22313    0.72567    0.51297    0.28082    0.00000
   0.21720    1.10241    0.25352    0.27618    0.00000
   0.22016    0.87210    0.22758    0.29935    0.00000
   0.21053    0.75023    0.28799    0.26135    0.00000
   0.20756    0.81557    0.49778    0.25672    0.00000
   0.21349    0.88184    0.65789    0.26506    0.00000
   0.20830    1.13994    0.90511    0.26784    0.00000
   0.21794    1.15060    0.86990    0.26135    0.00000
   0.20904    0.67841    0.96256    0.25857    0.00000
   0.21646    0.72335    0.95293    0.26321    0.00000
   0.20904    0.73309    0.97146    0.26228    0.00000
   0.20608    0.49861    0.91735    0.25672    0.00000
   0.21868    0.80491    1.00000    0.29101    0.00000
   0.21275    0.81233    1.00000    0.25950    0.00000
   0.21053    0.85264    1.00000    0.26228    0.00000
   0.21201    0.70760    0.90845    0.25950    0.00000
   0.20756    1.18350    0.88251    0.25301    0.00000
   0.21868    0.96942    0.79837    0.26969    5.00000
   0.23351    0.64875    0.67828    0.29008    5.00000
   0.20904    0.56534    1.00000    0.25672    0.00000
   0.20756    0.56117    0.98554    0.25394    0.00000
   0.21497    0.71826    1.00000    0.26784    0.00000
   0.21646    0.32669    0.98332    0.26321    0.00000
   0.26835    0.66636    0.33580    0.61260    1.00000
