   0.07227    1.01953    0.32031    0.76367    4.00000
   0.21094    1.13477    0.58398    0.54492    1.00000
   0.00000    0.60645    0.03711    0.57422    7.00000
   0.22656    0.55273    0.29492    0.53320    7.00000
   0.00000    0.90234    0.58594    0.88379    7.00000
   0.00000    0.47754    0.65918    0.39453    7.00000
   0.00000    0.33984    0.38184    0.32715    0.00000
   0.00000    0.35645    0.41504    0.29297    0.00000
   0.00000    0.29102    0.32910    0.28516    0.00000
   0.00000    0.30176    0.34473    0.29688    0.00000
   0.00000    0.33301    0.34375    0.30469    0.00000
   0.00000    0.32617    0.55371    0.30469    0.00000
   0.00000    0.32324    0.66211    0.29688    0.00000
   0.00000    0.34082    0.64062    0.29688    0.00000
   0.00000    0.86328    0.62012    0.30664    0.00000
