   0.44531    0.85742    0.86914    0.52246    4.00000
   0.19336    0.84375    0.65820    0.41016    5.00000
   0.08984    0.94043    0.53809    0.35352    5.00000
   0.14648    0.63379    0.82031    0.47070    5.00000
   0.30469    0.52734    0.49121    0.34766    5.00000
   0.10547    0.43359    0.64160    0.33594    5.00000
   0.29102    0.86523    0.36523    0.71875    6.00000
   0.00000    1.02441    0.55176    0.20508    0.00000
   0.00977    0.93066    0.65625    0.21680    0.00000
   0.00000    0.26465    0.18457    0.21289    0.00000
   0.00000    0.29492    0.29004    0.20312    0.00000
   0.00000    0.25000    0.29297    0.20312    0.00000
   0.00000    0.42773    0.23633    0.20312    0.00000
   0.02344    0.53809    0.35840    0.24805    0.00000
   0.00000    0.54883    0.45703    0.20312    0.00000
   0.00000    0.24219    0.78809    0.21484    0.00000
   0.00000    0.23242    0.84375    0.20703    0.00000
   0.00000    0.35840    0.77441    0.20508    0.00000
   0.00000    0.40820    0.80469    0.21094    0.00000
   0.00000    0.51855    0.84961    0.21289    0.00000
   0.00000    0.54883    0.83789    0.21094    0.00000
   0.00000    0.29199    0.50586    0.20117    0.00000
   0.00000    0.29883    0.44922    0.20703    0.00000
   0.14453    0.97754    0.77246    0.34180    1.00000
   0.04688    0.96875    0.79395    0.29688    0.00000
   0.15234    1.10156    0.53027    0.26562    7.00000
   0.00000    0.80273    0.60156    0.19141    2.00000
   0.00000    0.73047    0.55859    0.18750    0.00000
   0.00000    0.42285    0.89355    0.20117    5.00000
