   0.26172    0.49023    0.27637    0.20312    5.00000
   0.22656    0.15820    0.33691    0.14844    5.00000
   0.21484    0.65234    0.85059    0.11328    5.00000
   0.19727    0.79102    0.84766    0.10938    5.00000
   0.45703    0.30078    0.81348    0.18945    1.00000
   0.22070    0.85742    0.63477    0.14062    0.00000
   0.24219    0.90234    0.56543    0.19922    0.00000
   0.19531    0.74902    0.41113    0.10352    0.00000
   0.18945    0.46582    0.35547    0.09961    0.00000
   0.21484    0.68652    0.97363    0.13867    5.00000
   0.18164    0.46875    0.34766    0.09375    5.00000
   0.19922    0.11523    0.78223    0.10156    5.00000
   0.19531    0.15527    0.74902    0.10352    5.00000
   0.16797    0.88672    0.42676    0.07031    0.00000
   0.16797    0.91797    0.43848    0.08203    0.00000
   0.20703    0.73340    0.78027    0.11523    0.00000
   0.19336    0.45898    0.27148    0.09766    0.00000
   0.16211    0.50781    0.25781    0.06250    0.00000
   0.16797    0.44824    0.29590    0.06836    0.00000
   0.16406    0.50586    0.29199    0.07422    0.00000
   0.27344    0.52246    0.96973    0.18555    5.00000
   0.17188    0.49316    0.98535    0.08398    2.00000
   0.17188    0.54590    0.97754    0.07617    2.00000
   0.16211    0.66602    0.96875    0.07422    2.00000
   0.16211    0.69824    0.99609    0.06445    2.00000
   0.20508    0.73438    0.78125    0.10938    2.00000
   0.17383    0.62207    0.42383    0.12305    0.00000
   0.16797    0.62793    0.45215    0.08398    0.00000
   0.17773    0.66895    0.38867    0.07617    0.00000
   0.16406    0.61035    0.47363    0.06445    0.00000
   0.18555    0.64551    0.47656    0.06836    0.00000
   0.17188    0.70508    0.55762    0.06641    0.00000
   0.16797    0.77148    0.61230    0.06641    0.00000
   0.16602    0.14355    0.33203    0.06445    0.00000
   0.16797    0.17969    0.32715    0.06250    0.00000
