   0.00781    0.10059    0.30566   -0.10742    0.00000
   0.02930    0.06836    0.20117   -0.07031    0.00000
   0.00781    0.08301    0.93652   -0.09570    0.00000
   0.11719    0.29395    0.20020    0.05664    4.00000
   0.25391    0.75195    0.35840    0.02344    7.00000
   0.26953    0.72461    0.63770    0.07422    7.00000
   0.08203    0.22461    0.33105   -0.04688    7.00000
   0.10449    0.61426    0.21875    0.27148    7.00000
   0.14062    0.73926    0.85449    0.04102    1.00000
   0.37305    0.20898    0.74414    0.19922    3.00000
   0.16406    0.58105    0.85645    0.31445    3.00000
   0.00781    0.09863    0.25488   -0.07617    7.00000
   0.00781    0.16699    0.22559   -0.07617    7.00000
