   0.01562    0.60352    0.80371    0.17383    2.00000
   0.00000    0.59277    0.88477    0.17188    2.00000
   0.00586    0.36914    0.89844    0.16602    2.00000
   0.00000    0.44727    0.91113    0.16602    2.00000
   0.00000    0.17285    0.69824    0.16016    2.00000
   0.00000    0.24805    0.74805    0.22461    2.00000
   0.02344    1.07031    0.16895    0.21289    2.00000
   0.00195    1.01465    0.55469    0.19531    2.00000
   0.00000    1.08301    0.68066    0.16406    2.00000
   0.00000    1.10352    0.74121    0.14648    2.00000
   0.00000    0.52930    0.43652    0.16211    5.00000
   0.00000    1.09375    0.58398    0.16211    2.00000
   0.03320    0.16797    0.48242    0.15820    2.00000
   0.26953    0.55078    0.44434    0.46582    4.00000
   0.01562    0.43164    0.09570    0.27539    1.00000
   0.00000    0.53027    0.43945    0.14453    2.00000
   0.00000    0.43652    0.51367    0.14062    5.00000
