   0.58933    1.12790    1.00000    0.63299    2.00000
   0.15196    0.40871    0.42698    0.22150    0.00000
   0.12157    0.38925    0.33617    0.23077    0.00000
   0.13491    0.45505    0.37769    0.34569    0.00000
   0.22239    0.50324    0.22276    0.44300    0.00000
   0.19051    0.68026    0.20979    0.21223    0.00000
   0.14603    0.27989    0.29800    0.25672    0.00000
   0.12602    0.23309    0.35619    0.16682    0.00000
   0.10749    0.47822    0.30170    0.17887    0.00000
   0.14307    0.58573    0.33877    0.20482    0.00000
   0.12528    0.50324    0.41809    0.18814    0.00000
   0.13343    0.74838    0.60971    0.19648    2.00000
   0.16976    0.53892    0.61749    0.23355    2.00000
   0.22980    0.41844    0.59192    0.20760    2.00000
   0.13269    0.65246    0.47813    0.18814    2.00000
   0.13269    0.61816    0.41438    0.16960    2.00000
   0.13047    0.63207    0.36434    0.17516    2.00000
   0.15567    0.53985    0.48888    0.20389    2.00000
   0.14307    0.31001    0.46256    0.19092    2.00000
   0.11712    0.26923    0.36286    0.15570    2.00000
   0.11416    0.67331    0.28947    0.16311    2.00000
   0.16160    0.45690    0.47109    0.23262    2.00000
   0.12454    0.50093    0.41920    0.18721    2.00000
   0.11193    0.44254    0.28095    0.17980    2.00000
   0.12676    0.58480    0.32394    0.21223    2.00000
