   0.00000    0.46525    0.22869    0.11399    5.00000
   0.00000    0.51251    0.25315    0.11585    5.00000
   0.03039    0.22938    0.23054    0.16497    5.00000
   0.02001    0.14643    0.38176    0.11724    5.00000
   0.00000    0.61307    0.93032    0.13346    5.00000
   0.07339    0.86098    0.18606    0.69138    1.00000
   0.23573    0.89574    0.32357    0.45227    1.00000
   0.17791    0.20667    0.24685    0.14921    4.00000
   0.00000    0.45412    0.55597    0.10843    0.00000
   0.00445    0.47590    0.60007    0.11677    0.00000
   0.00000    0.44115    0.70274    0.11399    0.00000
   0.00000    0.40083    0.78428    0.10751    0.00000
   0.00000    0.25626    0.73870    0.11492    0.00000
   0.02817    0.28638    0.69570    0.11029    0.00000
   0.00371    0.12882    0.49592    0.11029    0.00000
   0.00000    0.15292    0.56709    0.10473    0.00000
   0.00000    0.18536    0.56783    0.10287    0.00000
   0.00741    0.31279    0.81727    0.18721    0.00000
   0.00000    0.65338    0.75389    0.18072    0.00000
   0.00000    0.19880    0.82357    0.10936    0.00000
   0.00000    0.12558    0.37361    0.12234    0.00000
   0.00000    0.49722    0.48851    0.12234    5.00000
   0.00000    0.81974    0.31431    0.11492    5.00000
   0.00000    0.50649    0.32617    0.10936    5.00000
   0.00000    0.28916    0.46701    0.10473    5.00000
   0.00000    0.32159    0.31319    0.12141    5.00000
   0.00000    0.17238    0.75056    0.13253    5.00000
   0.00000    0.15431    0.70645    0.11307    5.00000
   0.00000    0.42493    0.65234    0.11121    5.00000
   0.00000    0.38740    0.65159    0.10473    5.00000
   0.00000    0.39203    0.69496    0.12882    5.00000
   0.00000    0.43234    0.74166    0.14458    5.00000
   0.01112    0.34893    0.71609    0.14643    5.00000
   0.00074    0.61446    0.80430    0.12326    5.00000
   0.06449    0.20528    0.67087    0.18350    4.00000
