   0.35547    0.55664    0.77734    0.50977    7.00000
   0.08203    0.45996    0.85352    0.03906    7.00000
   0.02148    0.71289    0.87598   -0.00195    7.00000
   0.01562    0.05176    0.84180   -0.05469    2.00000
   0.00781    0.73828    0.38086   -0.07227    2.00000
   0.00000    0.39551    0.81543   -0.09766    2.00000
   0.00000    0.51270    0.68945   -0.08594    2.00000
   0.00000    0.47363    0.23926   -0.08203    2.00000
   0.06836    0.20312    0.47363   -0.01758    4.00000
   0.00000    0.73340    0.55176   -0.07812    0.00000
   0.00000    0.74121    0.48535   -0.10156    0.00000
   0.00000    0.39355    0.85059   -0.10547    0.00000
   0.13477    0.79980    0.73926   -0.02734    1.00000
