   0.23242    0.10156    0.63672    0.00684    2.00000
   0.22949    0.52930    0.35156    0.10352    2.00000
   0.33984    0.42578    0.94824    0.36621    2.00000
   0.45703    0.60059    0.57715   -0.04297    2.00000
   0.14258    0.12793    0.16602   -0.09375    0.00000
   0.19141    0.05469    0.36816   -0.04492    2.00000
   0.23438    0.32715    0.47754   -0.06641    2.00000
   0.18555    0.38477    0.38672   -0.05273    2.00000
   0.23633    0.37207    0.26367   -0.01172    2.00000
   0.15820    0.00000    0.22852   -0.13770    2.00000
   0.11426    0.11621    0.13672   -0.09375    2.00000
   0.19922    0.00000    0.50684   -0.14453    2.00000
   0.18750    0.09766    0.75879   -0.03613    2.00000
   0.20117    0.19922    0.55859   -0.06055    2.00000
   0.18359    0.26660    0.65723   -0.13281    2.00000
   0.13867    0.17285    0.74805   -0.19141    2.00000
   0.25391    0.40723    0.68848   -0.10156    2.00000
   0.69043    0.43457    0.87500    0.29297    2.00000
   0.23242    0.22559    0.37695   -0.23438    2.00000
   0.14648    0.27832    0.20508   -0.08984    2.00000
   0.17773    0.01367    0.55859   -0.05664    2.00000
   0.19531    0.28320    0.83496   -0.02930    2.00000
   0.58691    0.71484    1.00000    0.22363    2.00000
