   0.18750    0.51855    0.46484    0.21289    2.00000
   0.30078    0.24414    0.82617    0.21777    2.00000
   0.20508    0.45996    0.80957    0.21289    2.00000
   0.19141    0.58301    0.82031    0.20117    2.00000
   0.24805    0.84570    0.80957    0.28516    2.00000
   0.39062    1.02148    1.00000    0.27344    1.00000
   0.20605    0.98535    0.26758    0.29492    1.00000
   0.63867    1.11133    1.00000    0.61621    3.00000
   0.20703    1.07422    0.36719    0.18750    2.00000
   0.25586    0.75293    0.36719    0.31445    5.00000
   0.27539    0.62500    0.33105    0.18359    5.00000
   0.20703    0.56348    0.37695    0.21680    5.00000
   0.15137    0.74414    0.15430    0.16016    0.00000
   0.16309    0.79785    0.16992    0.15430    0.00000
