   0.00000    0.42969    0.16016   -0.08203    0.00000
   0.00000    0.65918    0.36328   -0.06445    0.00000
   0.00000    0.66602    0.25781   -0.06641    0.00000
   0.00000    0.53320    0.50293   -0.07422    0.00000
   0.00000    0.00000    0.04688   -0.06250    5.00000
   0.00000    0.00000    0.50195   -0.10352    5.00000
   0.00000    0.48633    0.69727   -0.06641    5.00000
   0.00000    0.00000    0.46582   -0.10742    5.00000
   0.00000    0.50195    0.26758   -0.10547    0.00000
   0.00000    0.27637    0.07324   -0.09570    0.00000
   0.00000    0.29102    0.23926   -0.10156    0.00000
   0.00000    0.45117    0.57227   -0.08203    5.00000
   0.00000    0.38965    0.60156   -0.09180    5.00000
   0.00000    0.54590    0.64355   -0.09961    5.00000
   0.00000    0.25879    0.65039   -0.10742    5.00000
   0.00000    0.73535    0.29297   -0.08398    0.00000
   0.00000    0.71094    0.14941   -0.09766    0.00000
   0.00000    0.54102    0.12793   -0.12109    0.00000
   0.00000    0.47559    0.10352   -0.13086    0.00000
   0.00000    0.29297    0.69531   -0.12891    0.00000
   0.00000    0.35059    0.69238   -0.12695    0.00000
   0.00000    0.30469    0.70312   -0.12891    0.00000
   0.00000    0.57617    0.33105   -0.12891    0.00000
