   0.41602    0.69531    0.73047    0.41602    3.00000
   0.27930    0.52539    0.40625    0.36230    4.00000
   0.10938    0.65137    0.83203    0.01367    0.00000
   0.17383    0.81348    0.94238    0.08398    1.00000
   0.09766    0.87402    0.68945   -0.01367    2.00000
   0.11719    0.06445    0.69141   -0.00684    2.00000
   0.07031    0.01074    0.75000   -0.02539    2.00000
   0.08398    0.00000    0.75684   -0.04883    2.00000
   0.16602    0.18457    0.35059    0.06055    2.00000
   0.11328    0.31738    0.43945    0.04883    2.00000
