   0.40234    0.12500    0.63965    0.06934    2.00000
   0.31836    0.10254    0.55078    0.01562    2.00000
   0.31250    0.16602    0.39551    0.00195    2.00000
   0.32227    0.14355    1.00000    0.09766    2.00000
   0.32031    0.26660    0.35254    0.07812    2.00000
   0.29883    0.38965    0.68750    0.00391    0.00000
   0.34961    0.91699    0.60352    0.00000    0.00000
   0.31250    0.15430    0.45215    0.00586    0.00000
   0.32617    0.77441    0.37695    0.01562    0.00000
   0.30469    0.72949    0.32324    0.00391    0.00000
   0.28027    0.68066    0.29297    0.01172    0.00000
   0.32031    0.63770    0.86230    0.00391    0.00000
   0.30273    0.05469    1.00000    0.00195    0.00000
   0.56250    0.83008    1.00000    0.44141    4.00000
   0.30273    0.77832    0.55469   -0.01562    0.00000
   0.29297    0.84375    0.57520   -0.00977    0.00000
   0.28711    0.76562    0.69727   -0.02148    0.00000
   0.29297    0.81250    0.74121   -0.02148    0.00000
   0.28320    0.78223    0.76172   -0.03125    0.00000
   0.32422    0.54102    0.70801    0.01758    0.00000
   0.30664    0.68848    0.49219    0.01562    0.00000
   0.32227    0.41504    0.64453   -0.02344    0.00000
   0.35742    0.02637    0.39453    0.00391    2.00000
   0.30762    0.10352    0.31641    0.02539    2.00000
   0.32227    0.00000    0.89258   -0.01660    2.00000
   0.36328    0.11035    1.00000    0.08203    2.00000
