   0.27734    0.41699    0.98730    0.37891    5.00000
   0.20508    0.74219    0.80078    0.17773    5.00000
   0.23242    0.93750    0.75977    0.26367    5.00000
   0.23828    0.78613    0.38379    0.21094    5.00000
   0.53711    0.43945    0.63281    0.38086    4.00000
   0.15430    0.66797    0.53516    0.08789    5.00000
   0.12109    0.78711    0.50488    0.08008    5.00000
   0.11523    0.69434    0.46094    0.07422    5.00000
   0.13086    0.44629    0.30664    0.09375    5.00000
   0.14648    0.61914    1.00000    0.10352    5.00000
   0.14258    0.88379    0.87305    0.08594    5.00000
   0.17676    0.94043    0.18750    0.19922    0.00000
   0.29102    1.00195    0.81055    0.15430    1.00000
