   0.37762    0.53337    0.58841    0.46912    4.00000
   0.00000    0.31325    0.06444    0.17629    0.00000
   0.00799    0.25299    0.40210    0.21713    0.00000
   0.00000    0.30528    0.39161    0.16036    0.00000
   0.00000    0.16235    0.27872    0.15339    0.00000
   0.00000    0.18625    0.29620    0.16335    0.00000
   0.00000    0.17181    0.36364    0.16036    0.00000
   0.00000    0.19373    0.41908    0.16434    0.00000
   0.00000    0.18825    0.46653    0.15936    0.00000
   0.00000    0.20767    0.48651    0.15438    0.00000
   0.00000    0.21165    0.51898    0.20817    0.00000
   0.00000    0.25448    0.55045    0.17829    0.00000
   0.00000    0.29930    0.49550    0.15837    0.00000
   0.00000    0.30179    0.54246    0.15737    0.00000
   0.00000    0.32520    0.54496    0.16036    0.00000
   0.00000    0.29731    0.56993    0.15837    0.00000
   0.00000    0.32221    0.57992    0.16235    0.00000
   0.00000    0.32869    0.60689    0.18526    0.00000
   0.00000    0.31424    0.64086    0.17829    0.00000
   0.00000    1.06076    0.15884    0.18127    0.00000
   0.00000    0.81175    0.19081    0.16335    0.00000
   0.00000    0.55677    0.29121    0.22112    2.00000
   0.00000    0.64841    0.22378    0.17131    2.00000
   0.00000    0.88795    0.63337    0.25598    2.00000
   0.00000    0.75946    0.78671    0.15837    2.00000
   0.00000    0.81026    0.79520    0.18625    2.00000
   0.00000    0.98556    0.79670    0.19223    2.00000
   0.00000    1.00797    0.71479    0.16534    2.00000
   0.02098    1.09761    0.69530    0.20717    2.00000
   0.00000    1.03735    0.45005    0.16036    2.00000
   0.00000    1.10807    0.55495    0.15637    2.00000
   0.00000    1.12002    0.34565    0.15438    2.00000
   0.00000    1.03486    0.25524    0.16534    2.00000
   0.00000    1.06275    0.15634    0.18924    2.00000
   0.00000    0.59711    0.08392    0.33964    1.00000
   0.02597    0.25498    0.41708    0.25100    1.00000
   0.00000    0.80976    0.07493    0.38645    6.00000
