   0.06836    0.44531    0.71777    0.21582    2.00000
   0.15039    0.60156    0.61816    0.21289    2.00000
   0.16992    0.21289    0.60449    0.07031    2.00000
   0.34668    0.89844    0.71289    0.42090    4.00000
   0.00977    0.80859    0.30566   -0.02539    2.00000
   0.01758    0.23535    0.31348   -0.01172    2.00000
   0.01172    0.00000    0.18555   -0.03711    2.00000
   0.16992    0.72070    0.85449    0.48828    1.00000
   0.00000    0.00000    0.81348   -0.05469    0.00000
   0.00195    0.10059    0.91895   -0.03906    0.00000
   0.00000    0.18652    0.95312   -0.04297    0.00000
   0.00000    0.25488    0.95801   -0.04297    0.00000
   0.00000    0.08789    0.93652   -0.05273    0.00000
   0.00391    0.55176    0.54883   -0.05469    0.00000
   0.00000    0.86035    0.25781   -0.05859    2.00000
   0.00000    0.87695    0.31641   -0.04883    2.00000
   0.00000    0.64355    0.13379   -0.04688    2.00000
   0.00000    0.66504    0.15332   -0.04688    2.00000
   0.00977    0.00000    0.30566   -0.06055    2.00000
   0.00000    0.90527    0.29004   -0.05469    2.00000
