   0.64551    0.46680    0.76758    0.31445    3.00000
   0.50195    0.13379    0.92480    0.03906    5.00000
   0.24609    0.67480    1.00000    0.04688    5.00000
   0.22656    0.52246    1.00000   -0.02344    5.00000
   0.60547    0.49219    0.71875    0.29590    4.00000
   0.40625    0.75879    0.97070    0.11719    1.00000
   0.16016    0.39355    0.77930   -0.08984    2.00000
   0.17188    0.43555    0.84766   -0.07227    2.00000
   0.20898    0.52441    1.00000   -0.06250    2.00000
   0.20703    0.11914    0.91211   -0.05273    2.00000
   0.21094    0.65723    1.00000    0.00391    2.00000
   0.18359    0.53125    0.92383   -0.08398    2.00000
