   0.44629    0.69141    0.60742    0.31641    6.00000
   0.34570    0.65918    0.39746    0.05664    0.00000
   0.37695    0.60742    0.46191    0.04297    0.00000
   0.31250    0.57031    0.57422    0.01562    0.00000
   0.31836    0.58984    0.53613    0.01953    0.00000
   0.33789    0.46973    1.00000    0.04492    2.00000
   0.33008    0.33789    1.00000    0.01953    2.00000
   0.39258    0.26074    0.66309    0.12305    4.00000
   0.65430    0.92285    0.84668    0.06445    1.00000
   0.33789    0.23926    0.64746    0.01367    2.00000
   0.30469    0.24414    0.60156    0.00391    2.00000
   0.31055    0.59375    0.32910   -0.00391    2.00000
