   0.00000    0.36426    0.24902    0.00195    2.00000
   0.00000    0.15820    0.41504    0.02734    2.00000
   0.00000    0.44629    0.30078   -0.00195    2.00000
   0.00000    0.71582    0.28027    0.01367    2.00000
   0.00000    0.64746    0.14355    0.00977    2.00000
   0.00000    0.23340    0.19824    0.08789    2.00000
   0.00000    0.37988    0.61719    0.09961    2.00000
   0.00000    0.41895    0.46094   -0.02148    2.00000
   0.00000    0.37402    0.51855   -0.02930    2.00000
   0.00000    0.50000    0.51855    0.01562    2.00000
   0.00000    0.54102    0.42871    0.12109    2.00000
   0.00000    0.71289    0.58105    0.05859    2.00000
   0.00000    0.55566    0.60840   -0.01367    2.00000
   0.00000    0.43164    0.12402   -0.00781    2.00000
   0.00000    0.00000    0.11035   -0.06250    2.00000
   0.00000    0.02930    0.21484    0.01855    2.00000
   0.00000    0.83789    0.34082   -0.03125    2.00000
