   0.63281    0.38477    1.00000    0.36621    5.00000
   0.46484    0.61426    1.00000    0.31055    5.00000
   0.33594    0.58398    1.00000    0.25391    5.00000
   0.44141    1.02832    0.78613    0.41211    5.00000
   0.41016    0.86523    0.50879    0.25781    5.00000
   0.35938    0.83203    0.87793    0.23828    5.00000
   0.73633    0.54102    0.78320    0.52344    4.00000
   0.59961    1.06738    1.00000    0.36133    1.00000
   0.31836    0.79785    0.63867    0.20117    5.00000
   0.32031    0.95020    0.90527    0.20117    5.00000
   0.30859    0.89160    0.59473    0.19336    5.00000
   0.32617    0.82910    0.81445    0.20508    5.00000
   0.36523    0.29102    1.00000    0.29004    5.00000
   0.30469    0.62695    1.00000    0.18359    0.00000
   0.31641    0.25879    1.00000    0.18945    0.00000
   0.30469    0.33496    1.00000    0.18945    0.00000
   0.30273    0.66602    1.00000    0.18359    0.00000
   0.39062    1.03125    0.79785    0.34766    2.00000
   0.31055    0.85645    0.51953    0.22070    2.00000
   0.31641    0.83301    0.88770    0.20898    2.00000
   0.33594    0.75684    1.00000    0.26367    5.00000
