   0.00000    1.00649    0.54151    0.26135    0.00000
   0.00000    0.95320    0.55115    0.27525    0.00000
   0.00000    0.93049    0.22980    0.24838    0.00000
   0.00000    0.97451    0.23202    0.25672    0.00000
   0.00000    0.71965    0.19644    0.25857    0.00000
   0.00000    0.75811    0.35582    0.25023    0.00000
   0.00000    0.79147    0.35730    0.25209    0.00000
   0.00000    0.70111    0.34692    0.25301    0.00000
   0.00000    0.68026    0.32765    0.24467    0.00000
   0.00000    0.71362    0.33062    0.24282    0.00000
   0.00000    0.71038    0.66271    0.25857    0.00000
   0.00000    0.75718    0.64937    0.25209    0.00000
   0.00000    0.72984    0.68532    0.25487    0.00000
   0.00000    0.63763    0.64122    0.24282    0.00000
   0.00000    0.68953    0.61231    0.24652    0.00000
   0.00000    0.68072    0.62824    0.24930    0.00000
   0.00000    0.26043    0.09451    0.25996    0.00000
   0.00000    0.82113    0.36620    0.24838    0.00000
   0.00000    0.39574    0.12973    0.25023    5.00000
   0.00000    0.43003    0.13936    0.24652    5.00000
   0.00000    0.44208    0.10007    0.27433    5.00000
   0.00000    0.48100    0.14344    0.29286    5.00000
   0.00000    0.66775    0.13640    0.28638    5.00000
   0.00000    0.74050    0.08858    0.24652    5.00000
   0.00000    0.71084    0.09933    0.24838    5.00000
   0.00000    0.77155    0.08414    0.25301    5.00000
   0.00000    0.81650    0.07784    0.25950    5.00000
   0.00000    0.74189    0.17791    0.26228    5.00000
   0.00000    0.75394    0.14566    0.25487    5.00000
   0.00000    0.73309    0.22609    0.28174    5.00000
   0.00000    0.78313    0.28799    0.24838    5.00000
   0.00000    0.80120    0.30986    0.25301    5.00000
   0.00000    0.81372    0.33210    0.24838    5.00000
   0.00000    0.62048    0.29207    0.33642    5.00000
   0.00000    0.59731    0.41364    0.29564    5.00000
   0.00000    0.64365    0.50222    0.34754    5.00000
   0.00000    0.61631    0.56894    0.27989    5.00000
   0.00000    0.77525    0.47183    0.28082    5.00000
   0.00000    0.93791    0.65085    0.24838    5.00000
   0.00000    0.95551    0.63603    0.24652    5.00000
   0.00000    0.90315    0.67087    0.25116    5.00000
   0.00000    0.87488    0.68125    0.25023    5.00000
   0.00000    0.75116    0.25945    0.24560    5.00000
   0.04374    0.37442    0.44033    0.29935    1.00000
   0.00000    0.46339    0.14640    0.23726    0.00000
   0.00000    0.48842    0.13010    0.24467    0.00000
   0.00000    0.43281    0.10897    0.24652    0.00000
   0.00000    0.39203    0.12824    0.23726    0.00000
   0.00000    0.93559    0.70460    0.25487    0.00000
   0.00000    0.91566    0.64085    0.24096    0.00000
   0.00000    0.54449    0.73054    0.27711    5.00000
