   0.00000    1.17871    0.32324    0.29883    5.00000
   0.00000    1.04590    0.35449    0.34961    5.00000
   0.00000    0.80957    0.31445    0.31445    5.00000
   0.00000    0.70020    0.27637    0.30664    5.00000
   0.00000    0.67969    0.52832    0.31641    5.00000
   0.00000    1.08398    0.12793    0.31641    5.00000
   0.00000    0.45312    0.05273    0.40625    0.00000
   0.00000    0.50781    0.51758    0.41016    0.00000
   0.00000    0.89453    0.17578    0.46484    0.00000
   0.00000    0.43555    0.70996    0.40332    0.00000
   0.00000    0.36523    0.56348    0.32324    0.00000
   0.00000    1.10059    0.80957    0.37695    0.00000
   0.00000    0.90820    0.72461    0.37891    0.00000
   0.01758    0.46680    0.19727    0.38379    0.00000
   0.00000    0.33203    0.05566    0.29883    0.00000
   0.00000    0.70117    0.65820    0.53906    0.00000
   0.00000    0.91211    0.58789    0.37109    5.00000
   0.00000    1.08398    0.57422    0.30859    5.00000
   0.00000    0.92383    0.03320    0.42969    0.00000
   0.00000    0.92285    0.33398    0.32617    5.00000
   0.00000    0.99902    0.26660    0.32227    5.00000
   0.00195    0.63379    0.05469    0.44336    0.00000
   0.00000    0.50488    0.15234    0.41992    0.00000
   0.00000    0.57422    0.25195    0.33984    0.00000
   0.00000    0.65137    0.23145    0.33398    0.00000
   0.06836    0.45898    0.37109    0.39746    0.00000
   0.00000    0.41992    0.81738    0.38770    0.00000
   0.00000    0.45996    0.80469    0.33398    0.00000
   0.00000    0.58203    0.80273    0.41406    0.00000
   0.00000    0.73340    0.83105    0.36523    0.00000
   0.00000    0.84668    0.81738    0.43164    0.00000
   0.00000    0.98438    0.76660    0.39844    0.00000
   0.00000    1.10449    0.68652    0.34180    0.00000
   0.00000    1.21289    0.73633    0.35156    0.00000
   0.00000    1.11719    0.80273    0.39453    0.00000
   0.00000    1.06445    0.24512    0.31641    5.00000
   0.00000    1.17773    0.04883    0.31641    5.00000
   0.00000    0.71582    0.35352    0.34570    5.00000
   0.00000    0.70898    0.44336    0.32422    5.00000
   0.00000    0.43359    0.39160    0.36328    5.00000
   0.00000    0.52051    0.47168    0.32227    5.00000
   0.00000    0.73730    0.63770    0.45117    0.00000
   0.00000    0.46582    0.62793    0.41211    0.00000
   0.00000    0.30664    0.61914    0.28613    0.00000
   0.00000    0.29883    0.74121    0.29004    0.00000
   0.00000    0.32324    0.77637    0.30664    0.00000
   0.00000    0.35449    0.80566    0.31055    0.00000
   0.00000    0.41309    0.83496    0.36914    0.00000
   0.00000    0.94629    0.37598    0.34180    0.00000
   0.00000    0.99023    0.35742    0.28516    0.00000
   0.00000    0.93262    0.25781    0.35742    0.00000
   0.00000    1.21777    0.23730    0.34570    0.00000
   0.00000    0.70703    0.50781    0.29297    5.00000
   0.00000    0.81934    0.26074    0.29102    5.00000
   0.00000    0.81152    0.15430    0.30273    5.00000
   0.00000    1.19434    0.60352    0.34180    5.00000
   0.00000    1.18555    0.63086    0.30469    0.00000
   0.00000    1.21973    0.58008    0.29102    0.00000
   0.00000    0.92188    0.57812    0.29297    0.00000
   0.00000    0.93555    0.54102    0.29297    0.00000
   0.00000    1.08301    0.57227    0.29883    0.00000
   0.00000    0.95898    0.09375    0.29297    0.00000
   0.00000    1.00098    0.09766    0.29102    0.00000
   0.00000    1.03516    0.07617    0.29297    0.00000
   0.00000    1.07324    0.13379    0.28320    0.00000
   0.00000    1.17383    0.05078    0.28516    0.00000
   0.00000    1.17480    0.33984    0.28320    0.00000
   0.00000    1.18359    0.31152    0.28516    0.00000
   0.00000    0.95898    0.69531    0.29297    0.00000
   0.00000    0.98047    0.65137    0.29297    0.00000
   0.00000    1.02441    0.60059    0.28320    0.00000
   0.00000    0.28320    0.49512    0.27441    0.00000
   0.00000    0.60742    0.54492    0.30469    0.00000
   0.00000    0.59570    0.57520    0.35156    0.00000
   0.00000    0.85059    0.67188    0.30273    0.00000
   0.00000    0.81152    0.35742    0.28320    0.00000
   0.00000    0.80371    0.30859    0.30273    0.00000
   0.00000    0.83887    0.35254    0.28711    0.00000
   0.00000    0.81348    0.14941    0.29492    0.00000
