   0.00000    0.85867    0.74092    0.16404    0.00000
   0.00000    0.80538    0.65159    0.13716    0.00000
   0.11861    1.06580    0.61453    0.17980    0.00000
   0.00000    0.96525    0.63714    0.14365    0.00000
   0.00000    0.91381    0.60082    0.15014    0.00000
   0.01668    1.09731    0.10897    0.61075    1.00000
   0.00000    0.47220    0.38732    0.18443    5.00000
   0.00000    0.34893    0.49185    0.14180    5.00000
   0.00000    0.27201    0.51668    0.13809    5.00000
   0.00000    0.22335    0.52298    0.13346    5.00000
   0.00000    0.66358    0.35174    0.26506    5.00000
   0.00000    0.70992    0.42476    0.22428    5.00000
   0.00000    0.47729    0.45552    0.18906    5.00000
   0.00000    0.46617    0.50630    0.19277    5.00000
   0.00000    0.41566    0.52335    0.16404    5.00000
   0.00000    0.37257    0.53595    0.15385    5.00000
   0.00000    0.31835    0.59451    0.19741    5.00000
   0.00000    0.29611    0.64640    0.18628    5.00000
   0.00000    0.21872    0.61861    0.15199    5.00000
   0.00000    0.15477    0.61268    0.13114    5.00000
   0.00000    0.31835    0.41030    0.17702    5.00000
   0.00000    0.29796    0.45145    0.16960    5.00000
   0.00000    0.29703    0.48517    0.16775    5.00000
   0.00000    0.35728    0.44181    0.14736    5.00000
   0.00000    0.40778    0.38695    0.14829    5.00000
   0.00000    0.23587    0.39659    0.14180    5.00000
   0.00000    0.22892    0.41883    0.13902    5.00000
   0.00000    0.26321    0.42476    0.13531    5.00000
   0.00000    0.55190    0.37843    0.16589    5.00000
   0.00000    0.56905    0.42365    0.22799    5.00000
   0.00000    0.55792    0.53521    0.15385    5.00000
   0.00000    0.66821    0.52632    0.18536    5.00000
   0.00000    0.87535    0.13084    0.56441    5.00000
   0.00000    0.46386    0.05930    0.16775    5.00000
   0.00000    0.53939    0.05374    0.15755    5.00000
   0.00000    0.55468    0.07932    0.18072    5.00000
   0.00000    0.44717    0.14678    0.18999    5.00000
   0.00000    0.48517    0.12342    0.18999    5.00000
   0.00000    0.37303    0.75389    0.14180    5.00000
   0.00000    0.84940    0.21164    0.14921    5.00000
   0.00000    1.07553    0.21497    0.14365    5.00000
   0.00000    1.06951    0.30096    0.15941    5.00000
   0.52632    0.86191    0.61675    0.59314    4.00000
   0.00000    0.45598    0.38695    0.12048    0.00000
   0.00000    0.46061    0.40400    0.12604    0.00000
   0.00000    0.36793    0.08562    0.12234    0.00000
   0.00000    0.46293    0.05930    0.13994    0.00000
   0.00000    0.80399    0.12194    0.11956    0.00000
   0.00000    0.81974    0.10860    0.12141    0.00000
   0.00000    0.88462    0.11453    0.16219    0.00000
   0.00000    0.93234    0.10971    0.12419    0.00000
   0.00000    1.09129    0.13454    0.13438    0.00000
   0.00000    0.55839    0.09896    0.12141    0.00000
   0.00000    0.40871    0.11712    0.13716    0.00000
