   0.05273    0.60742    0.82715    0.57910    5.00000
   0.15234    0.58691    0.67969    0.42383    5.00000
   0.01172    1.14160    0.73633    0.36914    5.00000
   0.00000    1.10156    0.30762    0.35547    5.00000
   0.00000    1.10352    0.57324    0.44922    5.00000
   0.00000    0.84473    0.16016    0.29102    5.00000
   0.00000    0.90039    0.75586    0.28516    5.00000
   0.00000    0.89746    0.66211    0.29492    5.00000
   0.00000    0.93555    0.66797    0.29297    5.00000
   0.00000    0.96289    0.34082    0.29688    5.00000
   0.00000    0.93945    0.38867    0.29688    5.00000
   0.00000    0.87500    0.47852    0.29297    5.00000
   0.00000    0.85547    0.51270    0.29297    5.00000
   0.00000    0.80176    0.49707    0.28320    5.00000
   0.02539    0.40039    0.63379    0.34473    5.00000
   0.00000    0.45508    0.74512    0.33203    5.00000
   0.00000    0.79102    0.87988    0.32031    5.00000
   0.00000    1.13281    0.74316    0.33594    2.00000
   0.00000    1.22070    0.78418    0.31641    2.00000
   0.00000    1.10254    0.30371    0.31836    2.00000
   0.00000    1.17578    0.16895    0.30469    2.00000
   0.00000    1.05078    0.57129    0.33203    2.00000
   0.00000    1.22656    0.69727    0.32031    2.00000
   0.00000    1.23828    0.08887    0.29688    2.00000
   0.00000    0.32715    0.39941    0.32227    5.00000
   0.00000    0.89062    0.83594    0.30078    5.00000
   0.15039    0.64648    0.45996    0.45703    4.00000
