   0.00000    0.27351    0.05920    0.20483    4.00000
   0.00740    0.85272    0.62997    0.42884    6.00000
   0.00000    0.59406    0.66466    0.08663    0.00000
   0.00000    0.14480    0.63182    0.08230    0.00000
   0.21092    0.08292    0.41166    0.04022    6.00000
   0.00000    0.10272    0.02960    0.05012    6.00000
   0.02035    0.88614    0.54672    0.14356    6.00000
   0.00000    0.12005    0.10083    0.07240    4.00000
   0.00000    0.48639    0.27151    0.03465    2.00000
   0.00000    0.16832    0.61887    0.07550    1.00000
