   0.68652    0.77148    0.73438    0.66211    4.00000
   0.55664    0.49219    0.97656    0.37305    5.00000
   0.39258    0.38477    1.00000    0.29883    5.00000
   0.35156    0.49219    1.00000    0.32617    5.00000
   0.37305    0.50977    1.00000    0.35352    5.00000
   0.37500    0.89258    1.00000    0.31836    5.00000
   0.40234    1.03809    1.00000    0.39844    5.00000
   0.50195    1.12695    1.00000    0.42773    1.00000
   0.32227    0.90039    0.99219    0.26758    5.00000
   0.32617    0.80664    0.97266    0.29492    5.00000
   0.32812    0.80176    0.92871    0.27734    5.00000
   0.31055    0.51172    1.00000    0.27148    0.00000
   0.36133    1.05566    1.00000    0.31641    0.00000
   0.34180    0.99219    1.00000    0.28320    0.00000
   0.32031    0.90332    1.00000    0.25391    0.00000
