2 0.121855 0.26329 0.10533000000000001 0.22971999999999998
0 0.085725 0.568395 0.040749999999999995 0.17081000000000007
0 0.0615 0.61375 0.012299999999999998 0.76572
2 0.08342 0.70092 0.04536 0.08245999999999998
2 0.334815 0.44294 0.5250900000000001 0.45236000000000004
2 0.02383 0.180825 0.0015399999999999997 0.23443000000000003
2 0.07342499999999999 0.096005 0.06380999999999999 0.06478999999999999
2 0.31174999999999997 0.11898 0.50356 0.02592
2 0.37556 0.17376000000000003 0.5758399999999999 0.1826
0 0.006535 0.4182 0.0023099999999999996 0.27094
0 0.10878499999999999 0.110145 0.17145 0.14019
0 0.08034 0.1767 0.133 0.28744
0 0.09956000000000001 0.231485 0.13454 0.32631
0 0.20796 0.04771 0.36364 0.0035400000000000015
2 0.21219 0.056545000000000005 0.35058 0.028270000000000003
2 0.30521499999999996 0.117215 0.56123 0.08835000000000001
2 0.130315 0.5413 0.22064999999999999 0.9553800000000001
2 0.34596 0.35341 0.6427200000000001 0.5843
