5 0.16307500000000003 0.165375 0.27159 0.28042999999999996
5 0.176715 0.184985 0.29886999999999997 0.31669
5 0.189325 0.09156500000000001 0.22322999999999998 0.05142999999999999
5 0.267865 0.039405 0.40345 0.02331
5 0.521865 0.232155 0.95775 0.38291
1 0.1885 0.553835 0.12566 0.13540999999999997
1 0.355705 0.47226 0.09797 0.35406000000000004
4 0.280685 0.07621 0.07689000000000001 0.045880000000000004
0 0.34847500000000003 0.158715 0.63081 0.27598999999999996
0 0.380925 0.17074 0.6642899999999999 0.28672
0 0.43446 0.155755 0.7862399999999999 0.26119
0 0.475795 0.137075 0.88545 0.23419
0 0.45243500000000003 0.08232 0.83047 0.11284
0 0.447475 0.09249 0.74449 0.14058
0 0.32243000000000005 0.0296 0.54896 0.014799999999999997
0 0.35054 0.036995 0.65148 0.038470000000000004
0 0.35013 0.049205 0.65396 0.06584999999999999
0 0.5037 0.13374 0.90322 0.10026
0 0.46215 0.267115 0.8449399999999999 0.37737
0 0.49108999999999997 0.05716 0.9425 0.07139999999999999
0 0.24513000000000001 0.033115000000000006 0.43074 0.002590000000000002
5 0.30838 0.18147000000000002 0.56054 0.2993
5 0.2071 0.307255 0.37451999999999996 0.5627099999999999
5 0.216195 0.17998999999999998 0.38279 0.31706
5 0.292255 0.09138 0.54483 0.14724
5 0.209375 0.11098999999999999 0.36749000000000004 0.15982
5 0.45326500000000003 0.055865 0.85527 0.03181
5 0.42743 0.04088 0.80856 0.032920000000000005
5 0.39643 0.14817 0.7498600000000001 0.25045999999999996
5 0.39849500000000004 0.1306 0.74407 0.22568
5 0.42308999999999997 0.14207 0.79162 0.21014
5 0.455745 0.16445 0.8304699999999999 0.22974
5 0.44934 0.131895 0.7862399999999999 0.16167
5 0.49274 0.22863999999999998 0.8962 0.39216
4 0.45389 0.08934500000000001 0.67628 0.017390000000000003
