6 0.442545 0.50998 0.5401900000000001 0.62066
0 0.378825 0.431425 0.60803 0.74479
0 0.390555 0.4375 0.66699 0.80556
0 0.365195 0.47396000000000005 0.62895 0.8368
0 0.38231499999999996 0.42057500000000003 0.68855 0.76823
2 0.16643 0.66493 0.01966000000000001 0.2882
0 0.202885 0.13541999999999998 0.35759 0.22222
0 0.30116 0.172745 0.5211600000000001 0.28299
0 0.204155 0.32899500000000004 0.33983 0.60937
0 0.23522500000000002 0.37673999999999996 0.37661 0.70486
0 0.25519000000000003 0.234375 0.41148 0.39237
