6 0.37741499999999994 0.55971 0.48762999999999995 0.68118
0 0.32314 0.47348999999999997 0.55054 0.81742
0 0.33343500000000004 0.48016 0.60453 0.8841
0 0.310055 0.520175 0.57113 0.9184100000000001
0 0.32676 0.46158 0.62234 0.84314
2 0.13165 0.72977 0.023940000000000003 0.3163
0 0.17535 0.14862499999999998 0.31952 0.24388999999999997
0 0.261075 0.18959 0.46425000000000005 0.31058
0 0.17201 0.36107500000000003 0.31284 0.66879
0 0.19817 0.41347500000000004 0.34736 0.77359
0 0.2196 0.25723 0.37018 0.43062
