0 0.313775 0.218825 0.54803 0.33904999999999996
0 0.318875 0.22069 0.59907 0.38370000000000004
0 0.28261 0.219055 0.5115 0.39347
0 0.26058000000000003 0.217195 0.49322000000000005 0.39719
0 0.25051 0.22278 0.46126 0.39346
0 0.22781 0.229285 0.41908 0.41021
0 0.240705 0.23022 0.43627000000000005 0.39718000000000003
0 0.189795 0.364865 0.32263 0.6646099999999999
0 0.23197 0.470905 0.42847999999999997 0.87669
0 0.220015 0.47672 0.40565 0.89762
0 0.20564500000000002 0.47858 0.37583 0.90134
0 0.194365 0.49532499999999996 0.35541 0.93111
0 0.19087 0.47787999999999997 0.34842 0.90926
0 0.19570500000000002 0.47346 0.36885 0.90228
0 0.24594 0.45114 0.46072 0.8501799999999999
0 0.297655 0.504155 0.5652299999999999 0.95995
0 0.217595 0.39347 0.40511 0.7348399999999999
0 0.227 0.389745 0.42392 0.7311300000000001
0 0.24231 0.361375 0.45454 0.6594899999999999
0 0.12545499999999998 0.36928000000000005 0.19932999999999998 0.64554
0 0.107725 0.369975 0.18537 0.69717
0 0.145875 0.350915 0.26381000000000004 0.64415
0 0.172735 0.31022 0.31539 0.56462
0 0.199865 0.28231 0.31807 0.46416
0 0.174615 0.281845 0.29551 0.48555
0 0.15675 0.301845 0.27803999999999995 0.51811
0 0.09241 0.42719 0.15044 0.80042
0 0.08301 0.45067 0.14667999999999998 0.8529800000000001
0 0.07495 0.45323 0.09187999999999999 0.7967
0 0.073335 0.41463 0.11659 0.7529800000000001
0 0.06555 0.379975 0.10316 0.71903
0 0.11417 0.197665 0.17462 0.29487
0 0.117395 0.18441 0.20684999999999998 0.29253999999999997
0 0.095905 0.20022 0.13809000000000002 0.30928
0 0.09967000000000001 0.18069 0.1542 0.28138
0 0.1088 0.167435 0.16388 0.24929
0 0.08260999999999999 0.16906000000000002 0.03734 0.23208
0 0.07858 0.14487499999999998 0.1131 0.21718999999999997
0 0.18066000000000002 0.11953 0.31512 0.14976
0 0.16387 0.129995 0.24391999999999997 0.08696999999999999
0 0.13727499999999998 0.10581 0.24016999999999997 0.14278
0 0.04137 0.35997999999999997 0.0505 0.66042
0 0.26393999999999995 0.35300000000000004 0.50532 0.66508
0 0.273745 0.36974999999999997 0.5174099999999999 0.6502
0 0.03882 0.349515 0.04432 0.63019
0 0.045535 0.33626500000000004 0.06851 0.62043
0 0.051175 0.3351 0.07763 0.61624
0 0.34708500000000003 0.360445 0.65979 0.6725300000000001
0 0.21411000000000002 0.035815 0.39598 0.008370000000000002
0 0.20685499999999998 0.03744 0.38577 0.03953999999999999
0 0.07952 0.1265 0.1268 0.20836
0 0.084485 0.136735 0.14640999999999998 0.22882999999999998
0 0.08704 0.116505 0.1397 0.18279
0 0.185095 0.08929999999999999 0.34655 0.1265
4 0.238955 0.376955 0.37152999999999997 0.65159
