4 0.49609375 0.4267578125 0.09375 0.154296875
5 0.44970703125 0.30810546875 0.7080078125 0.4716796875
5 0.51123046875 0.35400390625 0.9013671875 0.5712890625
5 0.54541015625 0.1787109375 0.5869140625 0.107421875
5 0.45166015625 0.1748046875 0.4462890625 0.115234375
5 0.23193359375 0.45703125 0.3818359375 0.8359375
1 0.54541015625 0.52783203125 0.5322265625 0.8095703125
2 0.443359375 0.126953125 0.80078125 0.20703125
2 0.44287109375 0.10400390625 0.8271484375 0.1572265625
2 0.39404296875 0.1142578125 0.6982421875 0.166015625
