5 0.17765 0.10217999999999999 0.22368000000000005 0.03568
5 0.12048 0.18767499999999998 0.04287999999999999 0.14551
5 0.1258 0.37812500000000004 0.024919999999999998 0.47081
4 0.34748999999999997 0.179795 0.43706 0.12605
0 0.24578 0.10102 0.40913999999999995 0.14644000000000001
0 0.24645 0.12349 0.39849999999999997 0.1747
0 0.20540000000000003 0.10009 0.3337 0.11492
0 0.21553499999999998 0.083645 0.34865 0.08017
0 0.22601 0.065335 0.37624 0.04540999999999999
0 0.33785 0.11214 0.58928 0.14644
0 0.36859 0.12279999999999999 0.64944 0.17146
0 0.37657 0.14064 0.64678 0.2164
0 0.35529499999999997 0.19532 0.47927 0.22938000000000003
0 0.287995 0.266685 0.44437 0.32391000000000003
0 0.30826499999999996 0.25740999999999997 0.46896999999999994 0.33874
0 0.38255 0.23031000000000001 0.5802999999999999 0.41242
0 0.38786499999999996 0.234705 0.62285 0.27479
0 0.39219 0.245365 0.6501 0.42957
0 0.400165 0.28336500000000003 0.62883 0.50185
0 0.342505 0.40337999999999996 0.46963000000000005 0.73448
0 0.30145500000000003 0.414275 0.36759000000000003 0.73957
0 0.22966 0.297035 0.29846 0.5050899999999999
0 0.26207 0.27363000000000004 0.35396 0.47868000000000005
0 0.27519499999999997 0.29285999999999995 0.38687 0.48933999999999994
0 0.2855 0.287995 0.41546 0.47405
0 0.28334000000000004 0.30051 0.40182 0.5250199999999999
0 0.206565 0.18582 0.30677 0.28638
1 0.189115 0.60009 0.03256999999999999 0.35496
0 0.491065 0.38716500000000004 0.77607 0.66867
0 0.07378499999999999 0.30167 0.006650000000000003 0.56256
0 0.081265 0.297035 0.01761 0.54587
0 0.09605 0.32136000000000003 0.031240000000000004 0.58526
0 0.08675 0.32738500000000004 0.01396 0.60843
0 0.09090000000000001 0.12419000000000001 0.10336000000000001 0.21872
0 0.08458500000000001 0.14458000000000001 0.08807000000000001 0.2595
0 0.07794 0.161955 0.06148 0.27387
0 0.15272 0.07785 0.25094 0.1075
0 0.14757 0.08897000000000001 0.23664000000000002 0.13346
0 0.153055 0.06186 0.26091 0.09592
0 0.447525 0.33897 0.73951 0.64272
0 0.349315 0.26344 0.53777 0.45088
0 0.33087 0.269 0.5022 0.4583
0 0.31923500000000005 0.191845 0.52281 0.33921
0 0.37340999999999996 0.39226 0.49954 0.6751600000000001
0 0.39086 0.021315 0.71258 0.012969999999999999
5 0.103035 0.33619000000000004 0.04386999999999999 0.62234
5 0.33735000000000004 0.40199 0.47794000000000003 0.74652
5 0.292645 0.40871 0.37789 0.7506999999999999
5 0.138095 0.20227 0.14325 0.33226
