2 0.682125 0.558105 0.17284999999999995 0.22948999999999997
2 0.739255 0.04834 0.09960999999999998 0.024419999999999997
2 0.89502 0.16210999999999998 0.06738 0.027340000000000003
2 0.76123 0.5249 0.07323999999999997 0.81934
5 0.63916 0.1875 0.6084 0.23438000000000003
2 0.5708 0.25684 0.792 0.44336
2 0.52832 0.414555 0.7324200000000001 0.5595699999999999
2 0.5166000000000001 0.302245 0.8808600000000001 0.53027
5 0.541505 0.423825 0.82715 0.73047
0 0.6582049999999999 0.161135 0.62891 0.27538999999999997
0 0.65137 0.166015 0.6660200000000001 0.29297
0 0.91699 0.32811999999999997 0.11914000000000002 0.625
