2 0.155725 0.220215 0.10559000000000002 0.25683
2 0.392635 0.30322000000000005 0.49068999999999996 0.43848000000000004
0 0.36823999999999996 0.29686999999999997 0.51642 0.4375
0 0.129995 0.191405 0.13221 0.28125
6 0.336295 0.54492 0.0017699999999999938 0.6836
2 0.23913 0.42334000000000005 0.28659999999999997 0.76464
2 0.224935 0.41016 0.25821000000000005 0.77344
0 0.234695 0.41308500000000004 0.29193 0.78711
4 0.486695 0.58643 0.24401 0.46581999999999996
3 0.729375 0.58545 0.4081699999999999 0.3877
