0 0.189315 0.34557 0.29864999999999997 0.65458
0 0.22586 0.355155 0.3681 0.66883
0 0.227385 0.36428 0.37817 0.6925
0 0.23926999999999998 0.389315 0.40696 0.71525
0 0.25033 0.38059000000000004 0.41144000000000003 0.69972
0 0.24774 0.341475 0.38382 0.63805
0 0.258535 0.35295 0.42017 0.6706799999999999
0 0.252165 0.332605 0.38719 0.62333
0 0.239795 0.351285 0.38335 0.66701
0 0.40538 0.118915 0.41874 0.19735
0 0.408795 0.132915 0.42893000000000003 0.20995
0 0.51493 0.37654 0.86016 0.7077
0 0.401375 0.28955 0.57113 0.52512
0 0.40126 0.298105 0.5838800000000001 0.5497299999999999
0 0.394655 0.30894000000000005 0.57159 0.5574
5 0.250795 0.15386 0.17989 0.2396
5 0.21917999999999999 0.10853499999999999 0.027999999999999997 0.07830999999999999
5 0.19178499999999998 0.10583000000000001 0.04774999999999999 0.16152
5 0.402665 0.34613499999999997 0.5384099999999999 0.47967
5 0.38959000000000005 0.320685 0.59448 0.59249
5 0.28001000000000004 0.34772 0.44772000000000006 0.64016
5 0.31178 0.3196 0.47184 0.5973200000000001
5 0.29613500000000004 0.320855 0.45017 0.60199
0 0.489305 0.51324 0.66469 0.79524
0 0.50554 0.49007 0.7517800000000001 0.76648
0 0.508715 0.4612 0.90921 0.8231400000000001
4 0.310955 0.6286700000000001 0.26911 0.41181999999999996
0 0.21416 0.07696 0.06694 0.11153999999999999
0 0.220885 0.067445 0.07830999999999999 0.10925
0 0.206935 0.085935 0.07421 0.14623
0 0.28367 0.09961999999999999 0.21491999999999997 0.17268
0 0.28233 0.105 0.22012 0.18652
5 0.30667 0.23643999999999998 0.12897999999999998 0.1328
5 0.296935 0.3897 0.15618999999999997 0.21594000000000002
5 0.29313 0.474475 0.31836 0.51173
0 0.34345499999999995 0.270245 0.48338999999999993 0.51043
1 0.50841 0.392895 0.52024 0.32077
