0 0.2495 0.46132999999999996 0.39690000000000003 0.84644
0 0.178035 0.110065 0.29481 0.13389
0 0.167185 0.060425000000000006 0.29353 0.05867000000000001
0 0.160805 0.085495 0.28077 0.10880999999999999
0 0.16463 0.077725 0.30374 0.10329000000000002
0 0.18713000000000002 0.13138 0.31682 0.18252000000000002
0 0.18808 0.18679 0.34425999999999995 0.28332
0 0.19335 0.213865 0.34586 0.34549
0 0.21967 0.20058 0.39468 0.34900000000000003
0 0.186965 0.2422 0.30247 0.39614
0 0.22557 0.26351 0.42052 0.46082
0 0.20978 0.30162 0.29832 0.43273999999999996
0 0.21281 0.29886 0.36946 0.3851
0 0.213765 0.251975 0.40201000000000003 0.44177
0 0.217915 0.367555 0.40521 0.67895
0 0.21313 0.370065 0.39308 0.67995
0 0.20482999999999998 0.366555 0.37904 0.67695
0 0.33692500000000003 0.11107 0.63811 0.15594000000000002
0 0.26769000000000004 0.06619 0.49964000000000003 0.07622000000000001
0 0.09763 0.147925 0.16208 0.22765
0 0.134165 0.08274000000000001 0.22621 0.1053
0 0.1273 0.050644999999999996 0.21632 0.03711
0 0.13145 0.03811 0.22462000000000001 0.00802
0 0.197175 0.31590999999999997 0.36373 0.57966
0 0.242005 0.32819499999999996 0.44954999999999995 0.59421
0 0.21584 0.071955 0.38445999999999997 0.08574999999999999
0 0.19893000000000002 0.05666499999999999 0.3583 0.061169999999999995
0 0.197815 0.07371 0.37011 0.09928000000000001
0 0.10464999999999999 0.050894999999999996 0.17612 0.04763
0 0.09763 0.034600000000000006 0.15698 0.021060000000000002
0 0.2227 0.18278 0.41988000000000003 0.29134000000000004
0 0.249505 0.53529 0.47603 1.01642
5 0.35957500000000003 0.03811 0.68853 0.00802
5 0.35128000000000004 0.0336 0.66682 0.0010000000000000009
5 0.34426500000000004 0.043375 0.65279 0.020550000000000006
5 0.336445 0.04538 0.6358699999999999 0.00852
1 0.11805 0.56488 0.06764 0.93118
