7 0.38558499999999996 0.62012 0.12967 0.27148
7 0.418245 0.523925 0.46211 0.83301
2 0.22520999999999997 0.09668 0.16963999999999999 0.06054000000000001
2 0.129665 0.126465 0.10335 0.10059
2 0.08530499999999999 0.17529499999999998 0.043870000000000006 0.15136999999999998
2 0.50014 0.120605 0.89108 0.12793000000000002
2 0.349025 0.45996499999999996 0.48746999999999996 0.78711
2 0.27103 0.032225000000000004 0.41725999999999996 0.021490000000000002
2 0.171585 0.310545 0.10919 0.23046999999999998
2 0.591295 0.190915 0.29735 0.08301
2 0.56741 0.6772499999999999 0.5732600000000001 0.10253999999999996
2 0.180365 0.498045 0.25153000000000003 0.87109
2 0.085795 0.433595 0.03899 0.60157
2 0.133565 0.501955 0.06435 0.73047
