1 0.54175 0.55928 0.09761999999999998 0.28908
1 0.58079 0.519975 0.43984 0.55271
1 0.49263999999999997 0.43584999999999996 0.81888 0.5462
4 0.55316 0.39091 0.35790000000000005 0.28669999999999995
4 0.478985 0.27983 0.60541 0.29652
3 0.57586 0.464915 0.2955 0.10601000000000005
5 0.128775 0.48909 0.10515000000000001 0.3244
0 0.15701 0.56673 0.22972 0.58924
5 0.29722 0.36807999999999996 0.43996 0.39749999999999996
5 0.322735 0.361085 0.51237 0.41623000000000004
5 0.400675 0.25387 0.61727 0.26564
5 0.5150250000000001 0.37263 0.5006700000000001 0.18018
5 0.467085 0.440845 0.44133 0.3385699999999999
5 0.145735 0.3159 0.21661 0.15152000000000002
5 0.173815 0.26727 0.18859000000000004 0.06699999999999998
5 0.222705 0.262995 0.36839 0.16319
