5 0.5532199999999999 0.42139000000000004 0.7958999999999999 0.74512
5 0.542485 0.463375 0.8095699999999999 0.8212900000000001
5 0.64453 0.48388499999999995 0.61718 0.87793
5 0.779785 0.5 0.3583900000000001 0.9375
5 0.49316000000000004 0.23437999999999998 0.88086 0.375
5 0.516115 0.19092 0.7998099999999999 0.09667999999999999
5 0.550295 0.18262 0.6689499999999999 0.23242
5 0.56006 0.23046499999999998 0.7666 0.28125
5 0.61328 0.21045 0.64844 0.26074
5 0.6860350000000001 0.455075 0.54589 0.83203
5 0.700195 0.42040999999999995 0.52149 0.73536
2 0.48877 0.169435 0.83886 0.05370999999999998
5 0.961425 0.328125 0.002929999999999988 0.54687
5 0.53711 0.09668 0.8086 0.06836
5 0.6621049999999999 0.09033 0.58203 0.09082
5 0.89746 0.30078 0.11914000000000002 0.5468799999999999
5 0.823245 0.42969 0.27539 0.76562
4 0.702145 0.19335999999999998 0.40039 0.3164
5 0.50684 0.342285 0.93164 0.63379
5 0.49560499999999996 0.396485 0.95801 0.72265
5 0.7900400000000001 0.42383 0.35741999999999996 0.77734
5 0.541015 0.484375 0.83203 0.89063
5 0.9438500000000001 0.32372999999999996 0.04589999999999994 0.55762
5 0.526855 0.25098 0.88769 0.45508
5 0.49218500000000004 0.24561 0.94531 0.40918
