2 0.70996 0.22314499999999998 0.37695999999999996 0.20801
2 0.742675 0.28174 0.22948999999999997 0.25488
2 0.74707 0.1958 0.17774 0.028320000000000012
2 0.85205 0.54199 0.02636000000000005 0.42773999999999995
2 0.68408 0.563965 0.0048799999999999955 0.58497
2 0.9306650000000001 0.36035 0.017569999999999975 0.54102
2 0.955075 0.266115 0.019530000000000047 0.41113
2 0.819825 0.30029 0.09863 0.30762
2 0.83301 0.1084 0.1543 0.04492
5 0.697755 0.486815 0.5615299999999999 0.9306700000000001
5 0.6772499999999999 0.46582 0.60254 0.8925799999999999
5 0.8818349999999999 0.073245 0.18945 0.09961
5 0.728025 0.22754 0.48535 0.39258
5 0.687985 0.35303 0.52637 0.5693400000000001
5 0.547365 0.332035 0.85449 0.57031
2 0.7207 0.4585 0.44922 0.8349599999999999
2 0.7119150000000001 0.43408 0.49805 0.80176
2 0.9292 0.48975 0.01856000000000002 0.7959
