0 0.3699 0.21794 0.41056000000000004 0.34288
0 0.37557 0.23895999999999998 0.4197000000000001 0.3907
0 0.324095 0.13842000000000002 0.27103 0.2048
0 0.291955 0.116175 0.20317 0.15721000000000002
0 0.239475 0.18048 0.17323 0.28062000000000004
0 0.40565 0.161825 0.4062800000000001 0.23811000000000002
5 0.5154799999999999 0.202955 0.53092 0.21606999999999998
5 0.52154 0.18627 0.6388 0.30269999999999997
0 0.361945 0.416785 0.53795 0.6966100000000001
0 0.354335 0.340645 0.5258900000000001 0.61059
0 0.38571 0.33022 0.56328 0.57618
0 0.335365 0.332725 0.50265 0.59469
4 0.36695 0.348035 0.45574000000000003 0.50837
0 0.36004 0.179725 0.38448 0.29175
0 0.334165 0.18199 0.33053 0.27092
0 0.39759500000000003 0.22053 0.48319 0.3668
0 0.411375 0.22452999999999998 0.48073 0.34076
0 0.40054 0.18796000000000002 0.42194 0.29828
0 0.42041 0.16637 0.4801000000000001 0.29082
0 0.423035 0.18226 0.51571 0.32561999999999997
0 0.519815 0.1789 0.64649 0.3146
0 0.55047 0.15438 0.6872 0.28258
0 0.496585 0.166135 0.61079 0.30521000000000004
0 0.503635 0.17255500000000001 0.62505 0.31545
5 0.153555 0.22915 0.12601 0.42512
5 0.47881500000000005 0.20542 0.61319 0.35404
5 0.47875 0.2205 0.6252 0.3956
5 0.35872499999999996 0.37975000000000003 0.57223 0.68794
5 0.34874499999999997 0.44993 0.64341 0.83526
0 0.29686 0.08524 0.20536000000000001 0.14515999999999998
0 0.327545 0.190095 0.36824999999999997 0.35093
0 0.334085 0.18941999999999998 0.37725 0.35046
0 0.332505 0.20138999999999999 0.3870699999999999 0.37308
0 0.31518 0.18625499999999998 0.34312 0.34281
0 0.28971 0.155195 0.26288 0.27721
0 0.39015500000000003 0.095875 0.36893 0.16380999999999998
0 0.36899499999999996 0.10861499999999999 0.34691 0.19455
0 0.366565 0.09425499999999999 0.32343 0.16189
0 0.327025 0.09984 0.26353 0.16169999999999998
0 0.38176 0.254345 0.50072 0.45805
0 0.37399 0.27185499999999996 0.5185799999999999 0.50441
0 0.33563 0.261315 0.42974 0.46807
0 0.374635 0.29556 0.4043899999999999 0.40522
5 0.435805 0.40841 0.7683500000000001 0.7805799999999999
5 0.355655 0.342225 0.5277299999999999 0.61771
