7 0.48067000000000004 0.485465 0.16164000000000006 0.21253
7 0.521385 0.410165 0.5760700000000001 0.6521300000000001
2 0.280745 0.07569000000000001 0.21147 0.047400000000000005
2 0.16164 0.09900500000000001 0.12882 0.07875
2 0.106345 0.13723 0.05469 0.1185
2 0.535005 0.094415 0.9338899999999999 0.10015000000000002
2 0.435095 0.36008999999999997 0.6076699999999999 0.6162
2 0.33786499999999997 0.025230000000000002 0.52017 0.01682
2 0.21389999999999998 0.24311500000000003 0.13612 0.18043
2 0.7371000000000001 0.14946 0.37068 0.06498
2 0.675985 0.5301899999999999 0.6519299999999999 0.08028000000000002
2 0.22484 0.389905 0.31356 0.68195
2 0.10694999999999999 0.33944 0.04861999999999998 0.47094
2 0.16650500000000001 0.39296 0.08020999999999998 0.57186
