2 0.24560546875 0.28125 0.1904296875 0.140625
2 0.50927734375 0.2353515625 0.8349609375 0.181640625
2 0.5 0.07470703125 0.8203125 0.0283203125
2 0.412109375 0.12255859375 0.76171875 0.1552734375
2 0.41064453125 0.17529296875 0.7314453125 0.2451171875
2 0.3525390625 0.220703125 0.587890625 0.26953125
2 0.39697265625 0.33203125 0.6962890625 0.5
2 0.501953125 0.46630859375 0.82421875 0.7177734375
2 0.48681640625 0.34228515625 0.8525390625 0.5400390625
2 0.4873046875 0.2705078125 0.896484375 0.431640625
5 0.18212890625 0.3193359375 0.2587890625 0.474609375
5 0.06640625 0.4326171875 0.0625 0.748046875
5 0.2451171875 0.40966796875 0.419921875 0.7373046875
0 0.15771484375 0.22998046875 0.2490234375 0.3466796875
0 0.20654296875 0.1689453125 0.3623046875 0.267578125
0 0.18603515625 0.15087890625 0.3369140625 0.2509765625
4 0.3271484375 0.28759765625 0.212890625 0.1865234375
2 0.3857421875 0.5263671875 0.568359375 0.833984375
2 0.02197265625 0.24267578125 0.0146484375 0.4033203125
2 0.17431640625 0.134765625 0.2275390625 0.13671875
2 0.21728515625 0.0908203125 0.2978515625 0.041015625
