2 0.40283203125 0.04931640625 0.6923828125 0.0224609375
2 0.43798828125 0.07470703125 0.7861328125 0.0283203125
2 0.3271484375 0.43408203125 0.591796875 0.6923828125
2 0.27587890625 0.45263671875 0.4619140625 0.6904296875
2 0.2978515625 0.4853515625 0.541015625 0.884765625
2 0.31640625 0.48779296875 0.5859375 0.8701171875
2 0.25732421875 0.48388671875 0.4716796875 0.8779296875
2 0.27392578125 0.47021484375 0.4970703125 0.8583984375
2 0.236328125 0.5556640625 0.35546875 0.533203125
2 0.17041015625 0.3798828125 0.2431640625 0.572265625
2 0.17431640625 0.42822265625 0.2587890625 0.7119140625
2 0.1435546875 0.38037109375 0.224609375 0.6552734375
5 0.14404296875 0.51611328125 0.1435546875 0.6142578125
5 0.1015625 0.37890625 0.09375 0.421875
5 0.48046875 0.28466796875 0.546875 0.2998046875
5 0.4609375 0.484375 0.7109375 0.5234375
5 0.3232421875 0.2275390625 0.201171875 0.009765625
5 0.15869140625 0.23876953125 0.0087890625 0.3251953125
5 0.13916015625 0.09228515625 0.0947265625 0.0244140625
5 0.2646484375 0.30712890625 0.419921875 0.5087890625
5 0.22998046875 0.26123046875 0.3623046875 0.4248046875
5 0.37158203125 0.45263671875 0.6298828125 0.7373046875
5 0.39892578125 0.48193359375 0.7001953125 0.7099609375
5 0.09619140625 0.47314453125 0.0791015625 0.6298828125
3 0.74462890625 0.7451171875 0.4912109375 0.494140625
2 0.2587890625 0.18408203125 0.369140625 0.0361328125
2 0.21728515625 0.16357421875 0.3212890625 0.1669921875
2 0.18408203125 0.16748046875 0.3095703125 0.2685546875
2 0.3447265625 0.2109375 0.642578125 0.3515625
2 0.42236328125 0.26171875 0.6298828125 0.3203125
2 0.431640625 0.23828125 0.82421875 0.390625
2 0.41357421875 0.21728515625 0.7841796875 0.3681640625
2 0.38720703125 0.44091796875 0.7314453125 0.8076171875
2 0.25927734375 0.265625 0.4599609375 0.453125
5 0.32666015625 0.1494140625 0.5556640625 0.158203125
2 0.32421875 0.14501953125 0.5546875 0.1689453125
