0 0.29452 0.176675 0.5125200000000001 0.18414999999999998
0 0.24566 0.161965 0.44684 0.18170999999999998
0 0.25042 0.146 0.4583 0.16054000000000002
0 0.341115 0.137415 0.63969 0.17771
0 0.41146 0.09079999999999999 0.74772 0.07878
0 0.413865 0.103535 0.77831 0.13919
0 0.148875 0.23657999999999998 0.24733 0.26526
0 0.28101499999999996 0.35348999999999997 0.51669 0.58172
0 0.32398000000000005 0.35579500000000003 0.6151 0.62379
0 0.26976999999999995 0.42935500000000004 0.49999999999999994 0.73129
0 0.14689 0.43950500000000003 0.25648 0.69689
0 0.17309 0.402385 0.29278 0.62015
0 0.18319 0.371255 0.3333 0.59795
0 0.18928 0.384065 0.33892 0.60981
0 0.22486499999999998 0.190495 0.39515 0.22425
0 0.241095 0.20001 0.41227 0.24769999999999998
0 0.14321 0.14615999999999998 0.23099999999999998 0.11424
0 0.398215 0.374905 0.75701 0.67375
0 0.18559 0.394825 0.33562 0.62839
0 0.20784 0.424175 0.36638 0.69681
0 0.16505999999999998 0.34321999999999997 0.29264 0.53196
0 0.138075 0.30029500000000003 0.24381 0.43077000000000004
0 0.226805 0.24769000000000002 0.41473 0.36634
0 0.17766 0.214945 0.32224 0.28705
0 0.255645 0.22689499999999999 0.47509 0.33469
0 0.18707000000000001 0.29544 0.33728 0.43416
0 0.178255 0.321995 0.32447000000000004 0.47199
0 0.14319500000000002 0.401395 0.22807000000000002 0.6165299999999999
0 0.163985 0.16353499999999999 0.29821 0.16721
0 0.15811999999999998 0.156865 0.26876 0.15687
0 0.132405 0.204355 0.23643 0.23609000000000002
0 0.19797499999999998 0.227895 0.33461 0.29073
0 0.267615 0.395985 0.49590999999999996 0.66793
0 0.27255999999999997 0.200855 0.47615999999999997 0.25459
5 0.466575 0.28937999999999997 0.87701 0.46512
5 0.51178 0.39433 0.8494200000000001 0.42976000000000003
5 0.39288999999999996 0.335885 0.50342 0.22569000000000003
5 0.337035 0.37581 0.30085 0.22959999999999997
5 0.37895 0.389055 0.44493999999999995 0.51741
5 0.3651 0.527865 0.40359999999999996 0.57521
5 0.431725 0.233385 0.64499 0.18997
5 0.48275999999999997 0.42874 0.65978 0.55328
5 0.25962 0.47877000000000003 0.12639999999999998 0.20720000000000005
5 0.20395000000000002 0.30957 0.10456000000000001 0.05691999999999997
5 0.109655 0.28684 0.13089 0.23365999999999998
5 0.084555 0.29218999999999995 0.04957000000000001 0.042899999999999994
5 0.09446500000000001 0.16033999999999998 0.06963 0.058239999999999986
5 0.28076999999999996 0.12953 0.18678 0.041620000000000004
2 0.129235 0.6254249999999999 0.07403000000000001 0.18545
1 0.271555 0.557545 0.04510999999999998 0.69325
1 0.47756499999999996 0.514025 0.53923 0.88237
7 0.21289000000000002 0.31488499999999997 0.1041 0.02287
7 0.25417999999999996 0.47057499999999997 0.1124 0.18362999999999996
7 0.30295 0.364375 0.30798000000000003 0.24329
7 0.445485 0.307955 0.62833 0.36683
7 0.457725 0.41326 0.55031 0.47406000000000004
7 0.37132 0.5209 0.42724 0.60852
7 0.260615 0.195185 0.28081 0.032049999999999995
7 0.371605 0.153015 0.34529 0.08559000000000001
7 0.46921 0.16991 0.63594 0.13034
0 0.25418 0.288455 0.41026 0.37767
0 0.184225 0.294865 0.20637 0.33947000000000005
0 0.13918 0.34736500000000003 0.24162 0.52041
0 0.158845 0.352945 0.26343 0.52541
0 0.282285 0.413935 0.50613 0.69199
0 0.272355 0.39872 0.48164999999999997 0.65104
0 0.4736 0.365645 0.88588 0.5809899999999999
1 0.503255 0.365595 0.8869100000000001 0.48411000000000004
1 0.12786999999999998 0.604305 0.09356 0.48791
0 0.41156000000000004 0.20385 0.72224 0.2695
0 0.39464 0.172725 0.70892 0.24052999999999997
0 0.311005 0.22547999999999999 0.5589500000000001 0.32332
0 0.377115 0.276385 0.59259 0.29669
0 0.3605 0.28263499999999997 0.68006 0.47542999999999996
0 0.42704499999999995 0.24254499999999998 0.82143 0.42039
0 0.35029 0.37456 0.61128 0.59152
0 0.15266 0.300615 0.26511999999999997 0.42271000000000003
0 0.198775 0.28371 0.31761 0.371
0 0.21461 0.11857499999999999 0.39021999999999996 0.10497
