2 0.597845 0.39390000000000003 0.38149 0.13088000000000005
2 0.610945 0.12408 0.22870999999999997 0.07929999999999998
2 0.5757300000000001 0.5000549999999999 0.51164 0.41042999999999996
2 0.41889 0.57321 0.29320000000000007 0.5457400000000001
2 0.2398 0.36416 0.09346000000000002 0.30744000000000005
2 0.303755 0.110235 0.08011000000000001 0.07046999999999999
2 0.108095 0.181655 0.06645 0.06067
2 0.11707999999999999 0.350655 0.07487999999999999 0.28983000000000003
2 0.168755 0.52336 0.11341 0.38234
2 0.278505 0.5178349999999999 0.11473 0.83959
2 0.24859 0.49286 0.16128000000000003 0.5613
2 0.290805 0.22325499999999998 0.36743 0.20165
