0 0.338445 0.48047 0.08853 0.71094
0 0.42697 0.401365 0.47124 0.31055
0 0.442175 0.14893 0.39791 0.09668
0 0.34470500000000004 0.29346 0.16721000000000003 0.23926
2 0.48554 0.32128999999999996 0.78866 0.43945999999999996
0 0.11535000000000001 0.38476499999999997 0.01609999999999999 0.44140999999999997
0 0.175705 0.36279 0.07601000000000002 0.3857400000000001
0 0.17973 0.137205 0.23786 0.06542999999999999
0 0.186435 0.11621000000000001 0.29061 0.12304
0 0.12071 0.07177499999999999 0.14128 0.04785
2 0.362145 0.325685 0.5669099999999999 0.38182999999999995
2 0.32994999999999997 0.226075 0.5383 0.32325
2 0.37198000000000003 0.280275 0.60804 0.38866999999999996
2 0.399695 0.373535 0.5704899999999999 0.46190999999999993
2 0.23338 0.273435 0.25574 0.28125
2 0.30089 0.248535 0.34068 0.28223
2 0.169 0.35547 0.08048 0.39844
2 0.110875 0.38086 0.01072999999999999 0.44921999999999995
2 0.272275 0.362305 0.26557 0.5449299999999999
2 0.298655 0.403805 0.40775000000000006 0.67871
2 0.282115 0.48926000000000003 0.03129000000000004 0.55664
0 0.272275 0.36767500000000003 0.26199000000000006 0.54395
0 0.28747999999999996 0.512205 0.027720000000000022 0.53613
0 0.18688 0.515625 0.05185999999999999 0.8828100000000001
0 0.133235 0.486815 0.001789999999999986 0.6962900000000001
2 0.16989500000000002 0.513185 0.0071500000000000175 0.88965
2 0.13770500000000002 0.48877 0.01072999999999999 0.7002
2 0.30178499999999997 0.45703 0.30671 0.7343799999999999
0 0.30089 0.45703 0.30134000000000005 0.74218
2 0.428315 0.146 0.43456999999999996 0.07909999999999999
2 0.17123500000000003 0.12891 0.23517000000000002 0.0625
3 0.7359100000000001 0.6435500000000001 0.44172 0.1308600000000001
