0 0.486815 0.17578 0.8662099999999999 0.02343999999999999
5 0.44336000000000003 0.28564 0.54296 0.03417999999999999
5 0.51172 0.518065 0.75 0.6181700000000001
5 0.666015 0.47119 0.54297 0.81348
5 0.807125 0.43555 0.26465000000000005 0.7773399999999999
4 0.6674800000000001 0.262695 0.28613999999999995 0.24415
5 0.65625 0.09082 0.5859399999999999 0.08008000000000001
5 0.684085 0.091795 0.60449 0.14453000000000002
5 0.663575 0.03662 0.61425 0.024419999999999997
5 0.507325 0.267575 0.91113 0.35546999999999995
5 0.49512 0.25293 0.9550799999999999 0.37304000000000004
5 0.62793 0.337405 0.69726 0.61621
5 0.612305 0.35058500000000004 0.7363299999999999 0.65429
5 0.5024449999999999 0.3457 0.9521499999999999 0.63672
5 0.612305 0.39746000000000004 0.72851 0.74024
5 0.67676 0.391115 0.5839799999999999 0.72363
5 0.695315 0.41748 0.53125 0.77636
5 0.62598 0.5009750000000001 0.63086 0.9160100000000001
5 0.938475 0.41406 0.06054999999999999 0.75
5 0.97168 0.33545 0.005859999999999976 0.57324
5 0.9375 0.33594 0.015619999999999967 0.5625
5 0.90039 0.30517500000000003 0.08984000000000003 0.55957
5 0.98096 0.245605 0.0048800000000001065 0.43261
5 0.79346 0.430665 0.3701199999999999 0.81445
5 0.807615 0.49267500000000003 0.33789 0.93457
5 0.78418 0.46191000000000004 0.38476 0.86914
5 0.93652 0.34912 0.08007999999999993 0.6552800000000001
