2 0.26675000000000004 0.407715 0.07900000000000001 0.17089
2 0.25372 0.56348 0.020360000000000017 0.5332000000000001
2 0.41743 0.31738500000000003 0.19630000000000003 0.0019499999999999518
5 0.49195999999999995 0.277345 0.6288 0.50781
5 0.505805 0.27148500000000003 0.65649 0.49609000000000003
5 0.410915 0.45703000000000005 0.46019 0.875
5 0.36653 0.504395 0.35838 0.95019
2 0.31277 0.15625 0.058640000000000025 0.10156
4 0.422725 0.740725 0.15800999999999998 0.47558999999999996
3 0.424355 0.742675 0.16452999999999995 0.48731
