0 0.901365 0.20166 0.13476999999999995 0.31348
2 0.498045 0.12695 0.9179700000000001 0.07422000000000001
1 0.941895 0.50635 0.036129999999999995 0.54004
0 0.55322 0.50586 0.74902 0.80078
0 0.98047 0.30566499999999996 0.0 0.52539
5 0.736325 0.36133 0.45703000000000005 0.59766
5 0.69092 0.51611 0.46582000000000007 0.87988
5 0.77393 0.418455 0.40918 0.7939499999999999
4 0.7421899999999999 0.481445 0.08594000000000002 0.5644499999999999
2 0.9082049999999999 0.19727 0.14452999999999994 0.32421999999999995
