2 0.539905 0.236815 0.79281 0.13379
2 0.229425 0.126465 0.019490000000000007 0.014649999999999996
2 0.131545 0.13183499999999998 0.03987 0.20117
2 0.41589 0.23779 0.5660400000000001 0.38573999999999997
2 0.504035 0.29834 0.58641 0.37402
2 0.314465 0.516115 0.12578999999999996 0.78613
2 0.16919499999999998 0.5175799999999999 0.06200999999999998 0.8632799999999999
2 0.380905 0.456545 0.15944999999999998 0.58887
4 0.712645 0.572755 0.38887000000000005 0.52441
5 0.515995 0.43994 0.58907 0.6494200000000001
