5 0.53172 0.22461 0.38204000000000005 0.0039000000000000146
5 0.515595 0.3291 0.50857 0.29101999999999995
5 0.38039 0.46826 0.38369999999999993 0.62012
5 0.38122 0.5332 0.22658 0.76172
5 0.194745 0.432125 0.0008299999999999974 0.67285
5 0.38038500000000003 0.47217000000000003 0.42339000000000004 0.84668
5 0.22203499999999998 0.35938000000000003 0.15629 0.625
4 0.54412 0.445315 0.14554000000000006 0.11718999999999996
5 0.27660999999999997 0.065915 0.42751999999999996 0.026370000000000005
5 0.334495 0.38232499999999997 0.33491000000000004 0.67481
5 0.200945 0.416505 0.11081000000000002 0.77441
1 0.49244 0.519045 0.47880000000000006 0.86231
0 0.12444999999999999 0.44189500000000004 0.04547999999999999 0.80175
0 0.34937999999999997 0.389645 0.44406 0.7011700000000001
0 0.32498499999999997 0.47705 0.30597 0.81738
0 0.36053999999999997 0.501465 0.23154000000000002 0.9130900000000001
0 0.438275 0.095215 0.7773100000000001 0.13183
0 0.366745 0.16405999999999998 0.60449 0.28906
0 0.34566 0.102535 0.60862 0.17383
0 0.382045 0.092775 0.68139 0.14649
0 0.442405 0.131835 0.79551 0.20899
2 0.42339 0.26317999999999997 0.67148 0.45996
