5 0.43362 0.21718500000000002 0.3989400000000001 0.020350000000000007
5 0.24942999999999999 0.619845 0.38254 0.76105
5 0.38067 0.37334 0.62116 0.50736
5 0.387385 0.36078000000000005 0.72407 0.6019
4 0.38813 0.524115 0.10962 0.22497000000000006
1 0.38515 0.627625 0.47500000000000003 1.06857
5 0.212145 0.579755 0.35569 1.07815
5 0.119685 0.431975 0.18269 0.7873699999999999
0 0.316915 0.08017 0.60401 0.11248
2 0.042874999999999996 0.57557 0.0007499999999999937 0.97882
2 0.115955 0.40146 0.14540999999999998 0.69284
2 0.25167 0.38112 0.40490000000000004 0.6138600000000001
