2 0.049351251158480075 0.18458475540386804 0.03290083410565339 0.08930602957906708
2 0.09476367006487488 0.08447098976109216 0.02455977757182576 0.024459613196814556
2 0.04425393883225208 0.42889647326507396 0.02455977757182576 0.4664391353811148
1 0.04286376274328082 0.18742889647326505 0.019925857275254866 0.07679180887372017
1 0.09499536607970344 0.08674630261660979 0.026876737720111232 0.029010238907849817
1 0.03521779425393883 0.4237770193401593 0.022242817423540312 0.46530147895335605
1 0.4256255792400371 0.04920364050056883 0.4935125115848007 0.03128555176336745
2 0.4267840593141798 0.05318543799772469 0.49026876737720115 0.027872582480091015
2 0.12905468025949954 0.3731513083048919 0.22659870250231695 0.6916951080773607
2 0.10055607043558851 0.33248009101251425 0.17516218721037996 0.6308304891922639
2 0.22659870250231695 0.05631399317406144 0.05282669138090823 0.03754266211604096
