6 0.21435500000000002 0.789455 0.02839 0.3682099999999999
6 0.350285 0.711105 0.49823000000000006 0.81925
6 0.666005 0.935435 0.43234999999999996 0.58867
6 0.4551 0.69204 0.5680999999999999 0.8287800000000001
6 0.19925500000000002 0.42422499999999996 0.09207000000000001 0.20972999999999997
0 0.242745 0.371195 0.40105 0.6232300000000001
0 0.24784 0.339315 0.44618 0.61905
0 0.264585 0.39115 0.47967 0.68936
0 0.27386 0.41290499999999997 0.49385999999999997 0.71617
0 0.22455 0.425115 0.40252000000000004 0.74299
0 0.230915 0.44567 0.39633 0.80078
0 0.20726 0.44716 0.37522 0.8394999999999999
0 0.18160500000000002 0.398005 0.30789 0.65779
0 0.20016499999999998 0.403665 0.36539 0.72869
0 0.30061 0.30178 0.57502 0.51062
5 0.34374 0.329785 0.59576 0.49513
3 0.24456499999999998 0.536535 0.21545 0.5654300000000001
