0 0.9106449999999999 0.427245 0.06542999999999999 0.51465
4 0.702145 0.421875 0.15039000000000002 0.39063000000000003
2 0.91699 0.410155 0.07225999999999999 0.53907
2 0.97119 0.30371 0.006839999999999957 0.54492
0 0.97217 0.30371 0.012699999999999934 0.54492
0 0.926755 0.18652 0.052729999999999944 0.29492
0 0.9487300000000001 0.20166 0.04393999999999998 0.35253999999999996
2 0.955565 0.41357 0.03808999999999996 0.7216800000000001
2 0.91162 0.43506 0.07909999999999995 0.75684
2 0.916505 0.499025 0.03027000000000002 0.8339899999999999
2 0.9126 0.50586 0.12402000000000002 0.95704
0 0.95703 0.41552500000000003 0.04687999999999992 0.71777
0 0.91406 0.430665 0.07811999999999997 0.76757
0 0.918945 0.50098 0.029290000000000038 0.8300799999999999
0 0.91504 0.504395 0.13085999999999998 0.95801
2 0.9882850000000001 0.42285 0.007809999999999984 0.7441399999999999
0 0.89404 0.408695 0.15332 0.75879
