5 0.263125 0.18137999999999999 0.18811 0.0030799999999999994
5 0.28117 0.06457 0.50486 0.056519999999999994
5 0.37990500000000005 0.217345 0.62615 0.22505
5 0.45876 0.27096 0.84 0.31994
5 0.16857 0.144555 0.04912 0.01232999999999998
5 0.06716 0.211525 0.048780000000000004 0.33673000000000003
5 0.033415 0.26478999999999997 0.0026700000000000057 0.40077999999999997
5 0.038255 0.343235 0.024390000000000002 0.5795899999999999
5 0.27281500000000003 0.25177499999999997 0.44539 0.33913
0 0.285015 0.10191 0.51389 0.12297999999999999
0 0.28351000000000004 0.14764 0.50688 0.16922
0 0.294865 0.174015 0.5082099999999999 0.25211
0 0.2952 0.18326 0.52492 0.30624
0 0.28251 0.19491 0.52358 0.33227999999999996
0 0.320765 0.223515 0.56133 0.37167
0 0.305395 0.24115499999999998 0.55465 0.42751
5 0.301385 0.321485 0.55199 0.58131
5 0.30288499999999996 0.327305 0.56969 0.6039100000000001
5 0.333795 0.36087499999999995 0.57137 0.61351
0 0.31609000000000004 0.37321 0.57604 0.7011999999999999
0 0.29369999999999996 0.372005 0.55532 0.70839
5 0.225705 0.259655 0.38859 0.43709000000000003
5 0.22236 0.268215 0.17074 0.33091
5 0.21050000000000002 0.284485 0.30874 0.46347
5 0.34098 0.144555 0.6031000000000001 0.15483
0 0.34399 0.11818 0.65456 0.1843
0 0.346995 0.126055 0.6712699999999999 0.21375
0 0.32794999999999996 0.062174999999999994 0.61714 0.059949999999999996
0 0.34549 0.049155000000000004 0.6241599999999999 0.031849999999999996
0 0.34950000000000003 0.020895 0.66692 0.01301
0 0.27365 0.14473 0.47246 0.14832
0 0.269475 0.15774500000000002 0.47613 0.23739000000000002
0 0.26864 0.19183 0.48649999999999993 0.29869999999999997
0 0.26313 0.08752 0.48482 0.09146000000000001
0 0.35685 0.22848 0.6736 0.40216
5 0.35601499999999997 0.20416 0.68129 0.36722
5 0.37222 0.28038 0.68564 0.40592
0 0.411145 0.18669000000000002 0.76749 0.19526000000000002
0 0.4195 0.2254 0.7922199999999999 0.3357
0 0.41431999999999997 0.10824500000000001 0.7832 0.15347
0 0.406135 0.099 0.76817 0.11852000000000001
0 0.46143500000000004 0.117325 0.82931 0.16202999999999998
5 0.23973999999999998 0.30607 0.42468 0.545
0 0.13649 0.0978 0.25026000000000004 0.16133999999999998
0 0.14267000000000002 0.109275 0.27198 0.20210999999999998
0 0.19346 0.109785 0.3201 0.08667000000000001
0 0.225375 0.09573999999999999 0.39327 0.09419999999999999
0 0.210835 0.09317 0.39761 0.15345999999999999
0 0.20315 0.09283 0.38492000000000004 0.15826
0 0.19179 0.06697 0.36486 0.11063999999999999
0 0.16489 0.08066999999999999 0.2937 0.13256
0 0.16339 0.097115 0.2947 0.16819
0 0.150855 0.09351499999999999 0.28167000000000003 0.16785
0 0.169405 0.09967999999999999 0.31207 0.14182
0 0.173745 0.111845 0.31007 0.19765
0 0.158375 0.11116 0.29537 0.19902
0 0.20599499999999998 0.08614999999999999 0.36253 0.12708
0 0.0695 0.07074 0.10692 0.10996
0 0.042435 0.056175 0.06348999999999999 0.09317
0 0.05062 0.065255 0.07852 0.09625
0 0.059975 0.066455 0.09991 0.11373
0 0.087705 0.077075 0.15537 0.13223000000000001
0 0.07952000000000001 0.078275 0.13766 0.13051
0 0.064655 0.08187 0.09857 0.12264000000000001
0 0.153365 0.194565 0.26128999999999997 0.32885
0 0.033745 0.3321 0.03275 0.6107600000000001
0 0.02339 0.255545 0.006680000000000002 0.42339
0 0.046275 0.196455 0.06983 0.36139
0 0.13949999999999999 0.21889 0.26162 0.41312
0 0.21434 0.24646500000000002 0.40062000000000003 0.45593
0 0.32344 0.34289 0.6281599999999999 0.64468
0 0.31191 0.344435 0.5877399999999999 0.65735
0 0.349665 0.168875 0.67929 0.31035
0 0.348665 0.18720499999999998 0.66391 0.34015
0 0.353675 0.190455 0.68731 0.34803
0 0.327945 0.101735 0.64119 0.17881
0 0.45308 0.227625 0.86874 0.37989
0 0.44239 0.21872 0.85804 0.40865999999999997
0 0.452245 0.234645 0.8817699999999999 0.43640999999999996
0 0.32661500000000004 0.18001 0.62783 0.33124
0 0.312915 0.35351 0.60845 0.68784
5 0.28 0.28054500000000004 0.52258 0.51725
5 0.232555 0.169565 0.40095000000000003 0.26513000000000003
0 0.370715 0.12639999999999998 0.72139 0.22813999999999998
0 0.359355 0.123835 0.70133 0.22710999999999998
0 0.379405 0.18703 0.72807 0.33296
0 0.362365 0.040595000000000006 0.69131 0.046930000000000006
1 0.09389 0.29528 0.06082 0.03974
