3 0.718325 0.5300050000000001 0.3683099999999999 0.04108999999999996
2 0.442705 0.133115 0.47563 0.10189
2 0.62049 0.322525 0.7629199999999999 0.022190000000000043
1 0.128055 0.135175 0.06585 0.061630000000000004
2 0.34391499999999997 0.048889999999999996 0.25855 0.030399999999999996
2 0.153665 0.033280000000000004 0.20001000000000002 0.02218
2 0.36038000000000003 0.28226 0.5597799999999999 0.45606
2 0.27501000000000003 0.28842 0.43782000000000004 0.49795999999999996
2 0.5460999999999999 0.394835 0.9117 0.66149
0 0.153055 0.032869999999999996 0.20367000000000002 0.019719999999999998
