0 0.5099549999999999 0.19989 0.93087 0.22519999999999998
0 0.49933 0.365305 0.8974799999999999 0.57349
0 0.36880999999999997 0.40851000000000004 0.65262 0.73322
0 0.426475 0.041025 0.46847000000000005 0.02269
0 0.26105 0.05412 0.42496 0.031420000000000003
0 0.40421999999999997 0.068955 0.73154 0.04015
0 0.20792500000000003 0.033604999999999996 0.32277 0.0008700000000000027
0 0.206915 0.255315 0.26409 0.38145
2 0.131535 0.309875 0.06881000000000001 0.40327
2 0.415855 0.41811 0.73457 0.77338
2 0.41788 0.3976 0.7629 0.7149
2 0.40422 0.382325 0.69106 0.50627
2 0.318215 0.08947000000000001 0.53525 0.11958
0 0.380945 0.20774499999999999 0.51501 0.31773
4 0.305065 0.463505 0.15480999999999998 0.20775
7 0.37133499999999997 0.27845 0.26509 0.012219999999999953
7 0.33845 0.32253 0.36526000000000003 0.37622
0 0.33592500000000003 0.36225 0.63137 0.68958
0 0.16847 0.274085 0.3086 0.51325
0 0.16796 0.29809 0.30354000000000003 0.57174
0 0.151775 0.28193999999999997 0.27117 0.54294
0 0.12901 0.188545 0.22968000000000002 0.34915
0 0.157845 0.20513 0.24283000000000002 0.36835999999999997
