4 0.25458 0.143405 0.27798 0.06507000000000002
1 0.21192 0.543485 0.044039999999999996 0.29805
0 0.19094 0.079135 0.28003999999999996 0.05865
0 0.154125 0.089175 0.24771 0.10123
0 0.21605 0.148225 0.34954 0.23539
0 0.23221999999999998 0.146215 0.40664 0.22815000000000002
0 0.250795 0.1434 0.43279 0.1422
0 0.24151 0.23257499999999998 0.41696 0.37839
0 0.26284 0.239005 0.45412 0.34625
0 0.28141499999999997 0.050214999999999996 0.50779 0.02651
0 0.287955 0.07150000000000001 0.52361 0.06588000000000001
0 0.278665 0.19482000000000002 0.5353100000000001 0.34786
0 0.292425 0.18799 0.55733 0.31814
0 0.30068500000000004 0.27475499999999997 0.58485 0.51095
0 0.164105 0.241815 0.30343 0.44506999999999997
