2 0.126805 0.166015 0.11479 0.16797
2 0.118795 0.197265 0.0026700000000000057 0.23047
2 0.08365 0.27490000000000003 0.014240000000000003 0.25684
2 0.0881 0.20117 0.012459999999999999 0.34766
2 0.15527999999999997 0.317875 0.0436 0.51465
2 0.18465 0.32519499999999996 0.18775999999999998 0.50195
2 0.104115 0.356445 0.019570000000000004 0.59571
2 0.1446 0.418945 0.05428000000000001 0.7363299999999999
2 0.17619 0.36621499999999996 0.15306 0.66211
0 0.48141500000000004 0.43799000000000005 0.71367 0.65332
0 0.488535 0.421875 0.79197 0.70313
4 0.42313 0.67041 0.16105999999999998 0.21777999999999997
1 0.52947 0.546385 0.6317999999999999 0.62793
2 0.148605 0.47852 0.10145000000000001 0.8867200000000001
2 0.170405 0.479005 0.12013000000000001 0.8837900000000001
