5 0.19737500000000002 0.60355 0.12503 0.28847999999999996
5 0.38149500000000003 0.307955 0.11835000000000001 0.03709000000000001
5 0.18564 0.27910999999999997 0.10855999999999999 0.23652
5 0.30720499999999995 0.35790500000000003 0.44576999999999994 0.52983
2 0.17329 0.29652 0.23312 0.546
2 0.18209 0.392825 0.27694 0.66641
2 0.267945 0.44403000000000004 0.40699 0.7563
2 0.255985 0.48630999999999996 0.39085 0.84478
2 0.31305 0.479005 0.52974 0.77725
2 0.383965 0.49352999999999997 0.6297299999999999 0.7633
2 0.208535 0.13475499999999999 0.31885 0.20023
2 0.33938500000000005 0.204675 0.34961000000000003 0.16654999999999998
4 0.29478 0.294505 0.33958 0.27139
4 0.531505 0.25065499999999996 0.81227 0.17995
4 0.445985 0.331425 0.54703 0.40413
4 0.59554 0.5877600000000001 0.36546 0.44298000000000004
3 0.737435 0.466685 0.48557 0.30624999999999997
