0 0.21797 0.364195 0.28236000000000006 0.22673
0 0.251345 0.333875 0.37427 0.30071000000000003
0 0.26035 0.34457499999999996 0.45912000000000003 0.37209
0 0.32058000000000003 0.305455 0.5773 0.37085
0 0.325785 0.31264000000000003 0.59581 0.42042
0 0.35405000000000003 0.320245 0.63102 0.41201
0 0.46397 0.35491500000000004 0.84934 0.60519
0 0.467485 0.37018500000000004 0.87695 0.68301
0 0.344905 0.382585 0.57629 0.50077
0 0.356725 0.41391 0.58899 0.55816
0 0.2994 0.417015 0.54668 0.52647
0 0.2876 0.43828999999999996 0.49496 0.5241
0 0.316245 0.43610499999999996 0.55061 0.57447
0 0.239875 0.390525 0.41049 0.38199000000000005
0 0.19999 0.395395 0.34240000000000004 0.35514999999999997
0 0.254355 0.49168 0.44521 0.5906800000000001
0 0.30426 0.48548 0.51572 0.62574
0 0.28831 0.522485 0.50178 0.6788700000000001
0 0.325965 0.55812 0.37495 0.66494
0 0.219995 0.5098 0.37809000000000004 0.56536
0 0.232595 0.52718 0.41539000000000004 0.6227400000000001
0 0.107695 0.5156850000000001 0.17062999999999998 0.45173
0 0.21256 0.226395 0.37304 0.14361000000000002
7 0.34264 0.583835 0.28532 0.41727000000000003
7 0.341005 0.425165 0.22507 0.28995
5 0.47781 0.44119 0.8983800000000001 0.81008
0 0.46707 0.43950500000000003 0.91282 0.82623
2 0.13428500000000002 0.6469499999999999 0.19593000000000002 0.6142
