5 0.191955 0.35017 0.21072999999999997 0.16438000000000003
5 0.158825 0.386525 0.18867 0.25134999999999996
5 0.22395 0.414015 0.25694 0.35121
5 0.258165 0.43300000000000005 0.36735 0.44970000000000004
5 0.308575 0.39540000000000003 0.35853 0.33930000000000005
5 0.37896 0.37471 0.47226 0.40840000000000004
5 0.35944 0.33837 0.67218 0.50568
5 0.380355 0.41141 0.71705 0.6446200000000001
5 0.37912 0.43032000000000004 0.59582 0.62514
5 0.39602000000000004 0.37841 0.72868 0.6084
5 0.19207 0.45675999999999994 0.28853999999999996 0.44705999999999996
5 0.18699000000000002 0.47828000000000004 0.31332 0.53304
5 0.072295 0.487765 0.08005000000000001 0.34765
1 0.540815 0.2358 0.022949999999999915 0.09468000000000001
0 0.437345 0.49260000000000004 0.71705 0.74126
0 0.39967 0.51434 0.69724 0.76522
0 0.274575 0.530955 0.45993 0.62813
0 0.17267 0.4736 0.27576 0.5159400000000001
0 0.42429 0.35938 0.7357999999999999 0.5596599999999999
0 0.41622000000000003 0.37333000000000005 0.78756 0.62144
0 0.43624 0.390415 0.81086 0.6340899999999999
0 0.45480000000000004 0.41279 0.78754 0.67618
0 0.2975 0.41134 0.52732 0.5555599999999999
0 0.283695 0.39565 0.49629 0.5027400000000001
0 0.29046 0.43660499999999997 0.50768 0.59343
0 0.20034000000000002 0.42814 0.36014 0.4928
0 0.07971 0.241645 0.11209999999999999 0.03432999999999997
0 0.10851000000000001 0.2903 0.09456 0.041139999999999954
0 0.102505 0.31433 0.14163 0.17181999999999997
0 0.096805 0.33528 0.12495 0.18382
0 0.08229500000000001 0.31417 0.09997 0.14924
0 0.07423 0.296255 0.09244 0.09033000000000002
0 0.12192 0.25007 0.13018000000000002 0.056040000000000006
0 0.113805 0.2601 0.16733 0.09216000000000002
0 0.1263 0.25873999999999997 0.19662000000000002 0.10193999999999998
0 0.14647 0.312135 0.26108 0.24851
0 0.14771 0.294725 0.27127999999999997 0.22802999999999998
0 0.16326 0.316095 0.30054 0.28463
0 0.16136 0.32901 0.29054 0.29296
0 0.16409 0.34209 0.29786 0.32211999999999996
0 0.253465 0.381325 0.46335000000000004 0.48037
0 0.25944 0.378665 0.48362 0.48853
0 0.27795 0.377065 0.48728 0.47507000000000005
0 0.26791 0.356165 0.51756 0.4722700000000001
0 0.247945 0.36005499999999996 0.45041000000000003 0.42321
0 0.25425 0.35074 0.48838 0.45000000000000007
0 0.257695 0.35893 0.49435000000000007 0.46392
0 0.30032000000000003 0.358805 0.583 0.51489
0 0.35102 0.365535 0.6578200000000001 0.55563
0 0.134585 0.35998 0.23017 0.30324000000000007
0 0.180175 0.39704 0.33805 0.44123999999999997
0 0.23917 0.51175 0.43779999999999997 0.6821
0 0.48612000000000005 0.431295 0.94128 0.8204899999999999
0 0.290445 0.44917 0.54933 0.64206
0 0.26754500000000003 0.43385500000000005 0.51311 0.60753
5 0.27025 0.43944 0.45054 0.53736
5 0.140165 0.568435 0.23859000000000002 0.68991
