2 0.25 0.39892578125 0.1328125 0.4892578125
2 0.3720703125 0.5400390625 0.275390625 0.689453125
2 0.54345703125 0.36376953125 0.5908203125 0.4111328125
2 0.384765625 0.35791015625 0.37109375 0.4072265625
2 0.1884765625 0.5361328125 0.111328125 0.736328125
0 0.51123046875 0.46240234375 0.9169921875 0.5849609375
1 0.556640625 0.544921875 0.65234375 0.67578125
2 0.5068359375 0.3486328125 0.943359375 0.533203125
3 0.68896484375 0.61865234375 0.4306640625 0.1337890625
0 0.30029296875 0.47802734375 0.4873046875 0.8583984375
