5 0.450195 0.22070499999999998 0.6777299999999999 0.12109
5 0.5083 0.26611 0.53418 0.11426000000000003
5 0.4751 0.26709 0.83496 0.33496000000000004
5 0.5639649999999999 0.44433500000000004 0.7744099999999999 0.77149
5 0.77881 0.48145 0.3447199999999999 0.8691399999999999
5 0.81445 0.50342 0.2773399999999999 0.9248000000000001
5 0.65332 0.45752 0.5917999999999999 0.84864
5 0.686525 0.375975 0.54101 0.67383
5 0.637695 0.33105500000000004 0.64649 0.56835
5 0.52295 0.33935499999999996 0.87988 0.58887
5 0.5 0.394535 0.9062399999999999 0.67969
5 0.58594 0.36913999999999997 0.72656 0.66016
5 0.631345 0.37939500000000004 0.66309 0.67675
5 0.62598 0.340825 0.6699200000000001 0.5878899999999999
5 0.5693349999999999 0.40673499999999996 0.75977 0.70801
5 0.558105 0.47363000000000005 0.78613 0.8457
5 0.82666 0.4165 0.28028 0.7275400000000001
5 0.918945 0.31836000000000003 0.025390000000000024 0.53516
4 0.65674 0.25488 0.24512 0.2207
5 0.6889649999999999 0.425295 0.52441 0.7685500000000001
5 0.71631 0.3916 0.5166 0.72852
5 0.654785 0.47753500000000004 0.63183 0.90039
5 0.536135 0.45605500000000004 0.87305 0.87305
2 0.50879 0.15918 0.80274 0.06836
2 0.510745 0.08154499999999999 0.9394499999999999 0.10449
2 0.49950999999999995 0.095705 0.96582 0.12891
5 0.676755 0.08545 0.5761700000000001 0.10449999999999998
