5 0.748535 0.37060499999999996 0.35059000000000007 0.58887
5 0.43212500000000004 0.264645 0.55371 0.13867
2 0.64746 0.18262 0.57226 0.23242
4 0.407715 0.43799 0.12402999999999997 0.03417999999999999
5 0.48926000000000003 0.320315 0.8964799999999999 0.45313000000000003
2 0.9355450000000001 0.09668 0.05859000000000003 0.10741999999999999
2 0.79834 0.433595 0.21192 0.69531
2 0.7597700000000001 0.36523500000000003 0.42577999999999994 0.62891
5 0.558595 0.47753999999999996 0.60157 0.61914
2 0.9882850000000001 0.15869 0.007809999999999984 0.25098
2 0.611325 0.19336 0.73047 0.30078
2 0.841795 0.529295 0.09765000000000001 0.76953
0 0.961425 0.39502 0.04198999999999997 0.7627
2 0.586915 0.4541 0.74805 0.7441399999999999
2 0.811035 0.461425 0.22559000000000007 0.67675
2 0.524415 0.224125 0.91211 0.36621
