6 0.446975 0.5421 0.49887 0.43489999999999995
1 0.43879999999999997 0.474395 0.5404 0.8411500000000001
0 0.233395 0.35807500000000003 0.29065 0.37239
0 0.25636 0.242625 0.3718 0.38455
0 0.21295 0.36632 0.27492 0.6215200000000001
2 0.16042 0.661455 0.018880000000000008 0.28125
0 0.413005 0.131945 0.6548900000000001 0.13195
0 0.36362 0.10981 0.62658 0.17448
0 0.374315 0.06901 0.6379100000000001 0.07899999999999999
0 0.28592500000000004 0.166665 0.46365000000000006 0.29167
0 0.30039499999999997 0.144965 0.50265 0.26215
0 0.333425 0.135415 0.57625 0.24305
