3 0.3043 0.706905 0.25129999999999997 0.45645
1 0.56894 0.092215 0.788 0.08063000000000001
1 0.5298350000000001 0.130905 0.84099 0.13021
1 0.51668 0.157555 0.88658 0.20018999999999998
1 0.48907 0.16821 0.9255 0.11399999999999999
1 0.512415 0.26367 0.91735 0.4532
5 0.840255 0.32924 0.13268999999999997 0.46756
4 0.59062 0.5963849999999999 0.27094 0.38090999999999997
1 0.9192 0.032205 0.09339999999999993 0.015289999999999998
5 0.7748349999999999 0.12929000000000002 0.24424999999999997 0.043560000000000015
5 0.81301 0.20296499999999998 0.18569999999999998 0.22057
5 0.596365 0.416355 0.27057000000000003 0.27757
5 0.640475 0.425855 0.23573 0.48471
5 0.662155 0.563485 0.30948999999999993 0.5968499999999999
5 0.822275 0.16427 0.12565000000000004 0.06347999999999998
0 0.873795 0.28336500000000003 0.19162999999999997 0.51669
0 0.86842 0.29935 0.20386000000000004 0.5542199999999999
0 0.671235 0.044945 0.58043 0.012049999999999998
0 0.6962550000000001 0.13994499999999999 0.42217000000000005 0.09083
0 0.71071 0.16241499999999998 0.46442 0.21176999999999999
0 0.71108 0.1798 0.43106000000000005 0.2595
0 0.6562250000000001 0.12373 0.49629 0.0027800000000000047
0 0.5468850000000001 0.420995 0.8513700000000001 0.77711
0 0.698855 0.233085 0.52965 0.41057
