6 0.33464499999999997 0.611085 0.07741000000000003 0.36271000000000003
1 0.56301 0.5440349999999999 0.61216 0.5976899999999999
1 0.39271 0.53491 0.56812 0.81484
2 0.150755 0.23123500000000002 0.09541 0.051309999999999995
2 0.09240499999999999 0.24135 0.04825 0.09650000000000003
2 0.18217499999999998 0.14250000000000002 0.19976999999999998 0.05160000000000001
2 0.421255 0.162035 0.72161 0.18407
2 0.34326 0.351145 0.21372000000000002 0.16479
2 0.347455 0.256395 0.3351700000000001 0.12843000000000002
2 0.40003999999999995 0.19319 0.49277999999999994 0.12340000000000001
4 0.526965 0.46485 0.09741 0.3055399999999999
4 0.41104 0.33596000000000004 0.32466000000000006 0.23576000000000003
1 0.120775 0.57602 0.08958999999999999 0.35835999999999996
