4 0.415465 0.53742 0.20187 0.24303999999999998
2 0.089785 0.477315 0.05047 0.14740999999999993
2 0.372625 0.4896 0.20773000000000003 0.6142
0 0.316295 0.16715 0.14905 0.013160000000000005
0 0.30338499999999996 0.0895 0.51757 0.07369999999999999
0 0.43542000000000003 0.136 0.5422199999999999 0.08598000000000001
0 0.46241 0.06888 0.81216 0.013159999999999998
0 0.46769499999999997 0.09387999999999999 0.82741 0.06844
0 0.436005 0.11845 0.76403 0.12459999999999999
0 0.5467449999999999 0.121085 0.9104099999999999 0.03860999999999999
0 0.533835 0.158375 0.9362299999999999 0.17285
0 0.581955 0.24217 0.8399899999999999 0.21760000000000002
0 0.5444 0.10791999999999999 0.9150999999999999 0.06843999999999999
0 0.5580649999999999 0.06712499999999999 0.8860899999999999 0.03071
0 0.11149500000000001 0.17898999999999998 0.030509999999999995 0.2176
0 0.04753 0.12284 0.0035200000000000023 0.16846
0 0.12675 0.16627 0.16899999999999998 0.23778000000000002
0 0.16783 0.170655 0.23238 0.26761
2 0.51271 0.27331500000000003 0.9784799999999999 0.47293
2 0.35385 0.03422 0.28049999999999997 0.015799999999999998
2 0.41312000000000004 0.130295 0.56334 0.08686999999999999
2 0.29399499999999995 0.080285 0.53635 0.08687
2 0.18954 0.10222 0.010559999999999986 0.05878
2 0.0446 0.12152 0.014079999999999995 0.16934000000000002
2 0.10092999999999999 0.177235 0.014079999999999995 0.22813
2 0.122055 0.15925 0.17839 0.24480000000000002
2 0.15727000000000002 0.16100499999999998 0.2582 0.28341
2 0.19893000000000002 0.18075 0.26172 0.31236
0 0.1913 0.17943 0.26994 0.31324
0 0.21947 0.18513500000000002 0.37322 0.32815
0 0.35736999999999997 0.134245 0.5786 0.17723
0 0.371455 0.16276 0.55043 0.23076
0 0.38671 0.17811500000000002 0.6560600000000001 0.21585000000000001
2 0.31512 0.16671000000000002 0.15610000000000002 0.010520000000000002
2 0.57609 0.24655499999999997 0.8517199999999999 0.21233
2 0.52562 0.161885 0.9526599999999998 0.17285
2 0.5420499999999999 0.107485 0.9198 0.07107000000000001
2 0.543225 0.11143 0.9174499999999999 0.04036000000000001
2 0.549265 0.070635 0.9013500000000001 0.03773
2 0.456545 0.05747 0.8285899999999999 0.0008800000000000058
2 0.453025 0.079845 0.84971 0.08949000000000001
2 0.427785 0.11626 0.77577 0.12372
0 0.27111 0.1417 0.49528000000000005 0.25182000000000004
0 0.259375 0.153985 0.41547 0.22725
0 0.24645999999999998 0.195225 0.46476 0.28165
0 0.4096 0.19391 0.76286 0.31060000000000004
0 0.190715 0.10485 0.017610000000000015 0.06756000000000001
