2 0.967195 0.514365 0.021870000000000056 0.86561
5 0.77965 0.122105 0.35916000000000003 0.11261000000000002
0 0.6078600000000001 0.346615 0.7487 0.65987
0 0.61861 0.347545 0.72424 0.65431
0 0.610825 0.33596000000000004 0.73981 0.62744
0 0.63362 0.33828 0.6957 0.62836
0 0.6115649999999999 0.32993500000000003 0.69385 0.56719
0 0.661975 0.277575 0.63751 0.51807
0 0.653075 0.27711 0.66123 0.51344
0 0.65178 0.28730500000000003 0.65344 0.53383
0 0.671055 0.28429000000000004 0.57635 0.5
0 0.673645 0.32252000000000003 0.62157 0.58572
0 0.76427 0.27965500000000004 0.43884 0.52039
0 0.67383 0.19300499999999998 0.6108199999999999 0.31001
0 0.67346 0.21617 0.6086 0.36376000000000003
0 0.694585 0.13925 0.58117 0.23586000000000001
0 0.673645 0.46177 0.62157 0.88462
0 0.7312799999999999 0.054215 0.5048199999999999 0.06395
1 0.8726849999999999 0.510195 0.08191000000000004 0.28080999999999995
7 0.60971 0.558155 0.43958 0.52503
0 0.800035 0.10195 0.37768999999999997 0.15569999999999998
0 0.78966 0.10217999999999999 0.39844 0.16914
7 0.6938500000000001 0.36677499999999996 0.53818 0.62419
7 0.5192749999999999 0.51946 0.68273 0.65338
7 0.625645 0.355655 0.40771 0.17284999999999995
0 0.934955 0.18142 0.09006999999999998 0.3202
0 0.6686449999999999 0.266685 0.62417 0.45737
0 0.678095 0.236795 0.62751 0.44393
0 0.7229450000000001 0.16752 0.52891 0.2924
0 0.6734600000000001 0.1126 0.63232 0.19926
