0 0.498725 0.172365 0.9238500000000001 0.20801
0 0.4871 0.43164 0.82314 0.73828
0 0.442555 0.44140500000000005 0.73405 0.71875
1 0.50066 0.52588 0.6372 0.8291
0 0.137515 0.5112300000000001 0.12783 0.90136
0 0.24452 0.10644500000000001 0.33798 0.10351
0 0.023245 0.402835 0.00775 0.68457
5 0.501145 0.2832 0.86671 0.41015999999999997
7 0.318605 0.325195 0.01743 0.013670000000000015
7 0.24113 0.483395 0.056160000000000015 0.31054999999999994
7 0.48855499999999996 0.501465 0.14428999999999997 0.31933
5 0.24549 0.45166 0.38252 0.8056599999999999
4 0.583945 0.5991249999999999 0.37767 0.32128999999999996
