2 0.11463 0.20777 0.1314 0.21022
2 0.103755 0.24688 0.022650000000000003 0.28844000000000003
2 0.06071 0.34405 0.038060000000000004 0.32144000000000006
2 0.072495 0.25177 0.04349 0.43510000000000004
2 0.130035 0.397825 0.08970999999999998 0.64409
2 0.159935 0.40699 0.23651 0.6282
2 0.07521 0.4461 0.03444 0.74554
2 0.1101 0.52432 0.12234 0.92154
2 0.147705 0.45832500000000004 0.21566999999999997 0.82865
0 0.45127 0.5481550000000001 0.78656 0.81765
0 0.46033 0.52799 0.86992 0.87998
4 0.37107999999999997 0.839035 0.18214000000000002 0.27254999999999996
1 0.49114 0.6838150000000001 0.69956 0.7858700000000001
2 0.10964499999999999 0.598875 0.18305 1.10975
2 0.13185 0.599485 0.20208 1.10609
