5 0.42676 0.26758000000000004 0.5293 0.16016000000000002
5 0.611815 0.364745 0.6318300000000001 0.63965
5 0.61084 0.41259999999999997 0.64942 0.68066
5 0.61328 0.541995 0.51562 0.7011700000000001
5 0.78418 0.42822499999999997 0.14257999999999993 0.58691
5 0.921875 0.374025 0.04686999999999997 0.62305
1 0.899905 0.527345 0.03809000000000007 0.70313
5 0.50244 0.333495 0.7959 0.40527
5 0.742675 0.34912 0.37793 0.56152
5 0.603025 0.43994 0.73535 0.8291
5 0.6469750000000001 0.373045 0.61621 0.68359
5 0.82715 0.245605 0.3066399999999999 0.45605
5 0.705565 0.094725 0.5068300000000001 0.13477
5 0.85547 0.081055 0.23437999999999992 0.12305000000000002
5 0.887695 0.11279 0.17772999999999994 0.18262
5 0.90576 0.118165 0.10644000000000009 0.14257
5 0.8696299999999999 0.07178000000000001 0.21777999999999997 0.10840000000000001
5 0.8706050000000001 0.215335 0.17675000000000007 0.34863
5 0.621095 0.40918 0.71875 0.7714799999999999
1 0.6162099999999999 0.519045 0.54882 0.85449
2 0.815915 0.40674 0.2705099999999999 0.6064400000000001
2 0.855465 0.399905 0.21875 0.7021499999999999
2 0.927245 0.368165 0.07129000000000008 0.63477
2 0.77051 0.32422 0.41991999999999996 0.6093799999999999
0 0.50049 0.194335 0.97168 0.35742999999999997
0 0.533205 0.20996499999999998 0.90235 0.32617
0 0.933595 0.34619 0.09375 0.6572199999999999
0 0.867675 0.378415 0.23731000000000002 0.7294900000000001
0 0.6196250000000001 0.38916 0.67871 0.71192
