2 0.44775390625 0.34130859375 0.2275390625 0.0478515625
2 0.24609375 0.60400390625 0.1640625 0.3603515625
2 0.49169921875 0.57275390625 0.1279296875 0.5009765625
2 0.498046875 0.6708984375 0.72265625 0.314453125
2 0.453125 0.505859375 0.765625 0.94140625
2 0.49658203125 0.41455078125 0.9111328125 0.6611328125
2 0.49560546875 0.0732421875 0.9091796875 0.044921875
2 0.453125 0.04248046875 0.4765625 0.0283203125
2 0.23388671875 0.15380859375 0.1669921875 0.0400390625
2 0.23486328125 0.302734375 0.0517578125 0.21484375
2 0.09521484375 0.28857421875 0.0634765625 0.1376953125
2 0.107421875 0.3203125 0.06640625 0.34375
2 0.48779296875 0.35693359375 0.1513671875 0.4443359375
2 0.248046875 0.03515625 0.10546875 0.0234375
2 0.7353515625 0.73779296875 0.474609375 0.4814453125
2 0.4248046875 0.24755859375 0.630859375 0.0869140625
