5 0.39280499999999996 0.25982500000000003 0.16421000000000002 0.06621000000000002
5 0.442895 0.155755 0.45492999999999995 0.22317000000000004
5 0.48358 0.33303 0.6098999999999999 0.42289999999999994
5 0.53623 0.41011 0.8235 0.58432
5 0.321575 0.19328499999999998 0.04627000000000003 0.02814999999999998
5 0.2138 0.222305 0.14160000000000003 0.33391
5 0.168805 0.26117999999999997 0.12045000000000002 0.37879999999999997
5 0.14989 0.33677 0.192 0.5547
5 0.38047000000000003 0.32946000000000003 0.48660000000000003 0.46962000000000004
0 0.435225 0.192255 0.48235 0.28886999999999996
0 0.420445 0.234865 0.48989000000000005 0.33011
0 0.42253 0.26356 0.51548 0.40871999999999997
0 0.42009 0.27238999999999997 0.54594 0.46537999999999996
0 0.405635 0.279105 0.55245 0.48946999999999996
0 0.43042 0.318945 0.59684 0.53933
0 0.41188 0.33041 0.6074999999999999 0.58972
5 0.38472 0.4048 0.6505 0.7338399999999999
5 0.38431 0.4108 0.67254 0.7611199999999999
5 0.40124499999999996 0.45285 0.67683 0.7707200000000001
0 0.382235 0.458515 0.7067300000000001 0.8549899999999999
0 0.363155 0.449855 0.6908700000000001 0.8547899999999999
5 0.337245 0.321035 0.46617 0.54289
5 0.331825 0.32798499999999997 0.24575 0.36945
5 0.31672999999999996 0.339335 0.40462 0.54089
5 0.47124 0.2513 0.56918 0.34892
0 0.48162499999999997 0.22744 0.62253 0.39402
0 0.48191 0.23588 0.64572 0.42741999999999997
0 0.48421 0.16924 0.5534 0.26417999999999997
0 0.503275 0.16286499999999998 0.55121 0.24004999999999999
0 0.515085 0.13757000000000003 0.5827899999999999 0.23668000000000003
0 0.412745 0.228805 0.45385 0.29883
0 0.40528 0.23967499999999997 0.4833 0.38405
0 0.39451 0.27153 0.5103599999999999 0.44533999999999996
0 0.420465 0.171325 0.44782999999999995 0.24936999999999998
0 0.46027999999999997 0.33577 0.70328 0.6058399999999999
5 0.466725 0.31255499999999997 0.69965 0.57549
5 0.45833 0.38987499999999997 0.7148399999999999 0.61345
0 0.519735 0.314635 0.72381 0.44235
0 0.515575 0.353945 0.78667 0.58309
0 0.54561 0.24173999999999998 0.72512 0.40824
0 0.541225 0.23026500000000003 0.70177 0.37023
0 0.583835 0.26615 0.7676700000000001 0.43182
5 0.33575 0.369525 0.5293000000000001 0.6567700000000001
0 0.30751 0.138405 0.26480000000000004 0.23633
0 0.30949 0.1513 0.29568000000000005 0.28208
0 0.35343 0.16888 0.30342 0.18941999999999998
0 0.38527 0.166375 0.36915999999999993 0.22114999999999996
0 0.37340999999999996 0.159055 0.39039999999999997 0.27849
0 0.366835 0.15615 0.38078999999999996 0.27874
0 0.3646 0.12794 0.34936 0.22710000000000002
0 0.337215 0.13180999999999998 0.29403 0.22382
0 0.33106 0.146805 0.3054 0.25775
0 0.321245 0.13920000000000002 0.29399 0.25304
0 0.33552499999999996 0.15125500000000003 0.31271 0.23873000000000003
0 0.33570999999999995 0.16418000000000002 0.32742 0.2907
0 0.322565 0.158365 0.31507 0.28704999999999997
0 0.37127499999999997 0.15081 0.35217 0.24182
0 0.257325 0.09034500000000001 0.12523 0.13965
0 0.23812499999999998 0.06751 0.08257 0.10922000000000001
0 0.24255500000000002 0.07883 0.09653000000000003 0.11717999999999998
0 0.250325 0.083105 0.12025 0.14085
0 0.271265 0.10245 0.17385 0.17695999999999998
0 0.263805 0.10082 0.15796999999999997 0.16938
0 0.24984499999999998 0.09920999999999999 0.12170999999999998 0.1488
0 0.293635 0.235325 0.32375000000000004 0.39798999999999995
0 0.149255 0.324755 0.20844999999999997 0.58691
0 0.16283 0.24908 0.1306 0.40146
0 0.20012 0.201065 0.16714 0.36424999999999996
0 0.27443 0.25359 0.34887999999999997 0.47756
0 0.33127 0.30478 0.48216000000000003 0.5647000000000001
0 0.39754999999999996 0.432405 0.73532 0.81923
0 0.38709 0.42998000000000003 0.70396 0.81758
0 0.47161 0.277155 0.68116 0.5211899999999999
0 0.46534 0.294095 0.6766000000000001 0.54413
0 0.46873 0.29885 0.69922 0.5594199999999999
0 0.47254999999999997 0.20654 0.60932 0.38436000000000003
0 0.54407 0.367345 0.86612 0.65051
0 0.537415 0.35535 0.86531 0.6740400000000001
0 0.541275 0.373685 0.8940899999999999 0.70819
0 0.448315 0.279895 0.6426499999999999 0.52359
0 0.385285 0.43888 0.7309300000000001 0.8533000000000001
5 0.37822 0.35900499999999996 0.6061000000000001 0.66355
5 0.369745 0.238395 0.42621 0.38491000000000003
0 0.502405 0.24418499999999999 0.69347 0.45785
0 0.4933 0.237945 0.67576 0.45013
0 0.49207500000000004 0.304275 0.73017 0.55893
0 0.520445 0.160465 0.61395 0.27687
1 0.21232 0.31027499999999997 0.0645 0.05792999999999998
