5 0.13088 0.28007499999999996 0.06236000000000001 0.03053
5 0.43103 0.413255 0.70154 0.57055
5 0.364425 0.396235 0.62293 0.55823
0 0.144005 0.42025 0.11367 0.25299999999999995
0 0.21450000000000002 0.43117 0.29074 0.45041999999999993
0 0.329315 0.52323 0.49719 0.63704
0 0.234005 0.55057 0.36745 0.6601999999999999
0 0.34762499999999996 0.431245 0.58673 0.61595
0 0.267345 0.5228200000000001 0.43921 0.6500400000000001
0 0.287565 0.53141 0.46779000000000004 0.71044
0 0.20374 0.48605 0.32022 0.54512
5 0.430315 0.35163 0.62591 0.42032
5 0.270615 0.199505 0.45213000000000003 0.13746999999999998
5 0.265195 0.21671 0.44077 0.17620000000000002
5 0.14629999999999999 0.38064499999999996 0.2168 0.32587
2 0.385175 0.31498 0.71111 0.50134
2 0.38421 0.33739 0.7301799999999999 0.54388
2 0.40948999999999997 0.39359 0.77838 0.6755800000000001
2 0.398505 0.387105 0.74495 0.63275
0 0.13592 0.37478999999999996 0.23816 0.34459999999999996
0 0.08885 0.25231 0.14584 0.09469999999999998
0 0.09082 0.266865 0.14886000000000002 0.11807000000000004
0 0.357805 0.44453 0.6924899999999999 0.7243200000000001
0 0.345665 0.388425 0.6603699999999999 0.6097699999999999
0 0.343825 0.37833500000000003 0.6615300000000001 0.59787
0 0.381745 0.41145000000000004 0.74245 0.69392
