2 0.513275 0.340925 0.83327 0.19688999999999998
2 0.568155 0.36994499999999997 0.8675899999999999 0.03523000000000004
2 0.55983 0.42331 0.81794 0.46114
2 0.225695 0.55699 0.04125000000000001 0.7699400000000001
2 0.16854 0.409325 0.10135999999999999 0.59481
2 0.45317 0.28549 0.25104000000000004 0.27668
2 0.462005 0.18031 0.66001 0.22798000000000002
2 0.36536500000000005 0.12487000000000001 0.56101 0.13782
2 0.313505 0.08186500000000001 0.50443 0.08911
2 0.36418500000000004 0.05129499999999999 0.52093 0.040409999999999995
2 0.28993 0.13523000000000002 0.31586 0.05078000000000002
2 0.196825 0.05907 0.21451000000000003 0.043519999999999996
2 0.17442999999999997 0.045075000000000004 0.09428 0.013470000000000003
2 0.337075 0.01917 0.28757 0.007260000000000001
2 0.202715 0.43937499999999996 0.31115 0.81243
2 0.07425 0.513465 0.07308 0.89015
2 0.48381 0.53108 0.46318000000000004 0.6517999999999999
2 0.51976 0.39896 0.5680799999999999 0.5409200000000001
2 0.439615 0.23264 0.7472300000000001 0.35336
