0 0.76111 0.263045 0.42444000000000004 0.47391
0 0.75389 0.25162999999999996 0.45221999999999996 0.44673999999999997
0 0.7777799999999999 0.29022 0.4 0.49348
0 0.73722 0.30054000000000003 0.44999999999999996 0.51848
0 0.73611 0.449455 0.4166599999999999 0.69457
0 0.7722249999999999 0.08043 0.41111 0.09999999999999999
0 0.674445 0.12337000000000001 0.46445 0.13804
0 0.9655549999999999 0.14130500000000001 0.015550000000000064 0.23043000000000002
0 0.950555 0.14184999999999998 0.05889 0.24455999999999997
2 0.855 0.113585 0.09665999999999997 0.08369000000000001
2 0.835555 0.502175 0.10666999999999993 0.87391
2 0.447225 0.503805 0.68333 0.87283
4 0.656115 0.5114150000000001 0.22110999999999992 0.87065
4 0.629445 0.34837 0.46110999999999996 0.49240000000000006
1 0.61389 0.17065000000000002 0.35 0.07174
