5 0.251865 0.321155 0.21384999999999998 0.07365
5 0.37404499999999996 0.5674049999999999 0.24642999999999998 0.37354999999999994
2 0.47351 0.319915 0.66778 0.21036999999999997
2 0.374265 0.34831500000000004 0.54221 0.21371
2 0.47296 0.43872500000000003 0.70524 0.42129
2 0.27804 0.6125 0.22363999999999998 0.49512000000000006
5 0.17454 0.46663 0.27774000000000004 0.5622800000000001
0 0.09507499999999999 0.26741499999999996 0.04317 0.019409999999999983
0 0.110795 0.318125 0.023830000000000004 0.06125000000000003
0 0.21899000000000002 0.46618000000000004 0.39708 0.64242
0 0.403605 0.347395 0.7781899999999999 0.58989
0 0.407055 0.201225 0.76853 0.33845000000000003
5 0.048675 0.28374 0.036210000000000006 0.1271
5 0.088505 0.213215 0.11579 0.05045000000000002
5 0.12381500000000001 0.216255 0.15043 0.05003000000000002
2 0.32876 0.30862 0.5994400000000001 0.4420200000000001
2 0.343895 0.19666 0.62817 0.25095999999999996
