4 0.1875463306152706 0.2764133456904541 0.1586360266864344 0.2247451343836886
5 0.3873239436619718 0.23493975903614456 0.7212750185322462 0.3697868396663577
5 0.3395107487027428 0.1350787766450417 0.6048925129725722 0.13855421686746988
5 0.2740919199406968 0.12395736793327156 0.4992587101556709 0.1459684893419833
5 0.2885470719051149 0.27131603336422616 0.5163083765752409 0.2998146431881372
5 0.2998517420311342 0.13183503243744207 0.5552260934025204 0.1987951807228916
5 0.2592661230541142 0.37488415199258573 0.46960711638250563 0.6682113067655235
5 0.2779836916234248 0.4091751621872104 0.5114899925871016 0.7405004633920296
5 0.22183098591549297 0.4884151992585728 0.3888065233506301 0.8730305838739574
5 0.2348035581912528 0.2523169601482854 0.4177168272794663 0.4249304911955514
0 0.1412157153446998 0.3246061167747915 0.1905114899925871 0.44717330861909177
0 0.135470719051149 0.34823911028730303 0.23091178650852484 0.6130676552363299
5 0.13083765752409193 0.16172381835032437 0.15789473684210525 0.17886932344763667
5 0.1443661971830986 0.12534754402224282 0.21905114899925876 0.133920296570899
5 0.16567828020756115 0.13183503243744207 0.2809488510007413 0.2025023169601483
5 0.1755003706449222 0.05097312326227989 0.293180133432172 0.04263206672845227
5 0.15826538176426982 0.05838739573679333 0.26612305411415865 0.06858202038924929
5 0.18550778354336547 0.17539388322520855 0.3250555967383247 0.29703429101019463
0 0.17123795404002964 0.15732159406858204 0.30392883617494443 0.2571825764596849
0 0.1100815418828762 0.07900834105653383 0.1430689399555226 0.08202038924930491
0 0.08395107487027427 0.0664967562557924 0.1278724981467754 0.08294717330861909
0 0.08969607116382505 0.09360518999073217 0.11712379540400297 0.12418906394810009
0 0.07765011119347665 0.12812789620018536 0.04410674573758339 0.14318813716404077
0 0.025574499629355076 0.1489805375347544 0.008154188287620462 0.22567191844300277
0 0.0913639733135656 0.18002780352177944 0.1397331356560415 0.29518072289156627
0 0.10822831727205337 0.10588507877664503 0.15715344699777611 0.15801668211306766
0 0.07561156412157154 0.1274328081556997 0.11267605633802816 0.19925857275254866
0 0.16957005189028912 0.3269230769230769 0.293180133432172 0.5556070435588508
0 0.08024462564862861 0.1531510658016682 0.1441808747220163 0.2822057460611678
0 0.09006671608598962 0.15152919369786838 0.1653076352853966 0.27710843373493976
0 0.08209785025945145 0.20898980537534753 0.1389918458117124 0.38832252085264135
0 0.10544848035581912 0.2326227988878591 0.18865826538176425 0.4392956441149212
0 0.11063750926612305 0.2428174235403151 0.20200148257968867 0.4559777571825765
0 0.3263528539659007 0.11167747914735866 0.6334321719792438 0.18257645968489342
0 0.2676056338028169 0.10727525486561632 0.5174203113417346 0.1830398517145505
0 0.2755744996293551 0.19717330861909174 0.5378057820607858 0.37025023169601484
0 0.27928094885100074 0.2175625579240037 0.5363232023721276 0.41102873030583875
0 0.3776871756856931 0.22451343836886006 0.7435137138621202 0.39527340129749766
5 0.07209043736100815 0.03359592215013901 0.1189770200148258 0.03568118628359593
1 0.5769088213491476 0.633920296570899 0.5118606375092662 0.18535681186283592
