2 0.521925 0.09844 0.9600499999999998 0.04322000000000001
2 0.05569 0.15546500000000002 0.016540000000000006 0.11405000000000001
2 0.08932 0.14406 0.07277999999999998 0.18248
2 0.086565 0.17527 0.07167 0.2353
2 0.12075 0.16807 0.13122 0.18247999999999998
2 0.14887 0.16566999999999998 0.20952 0.18728
2 0.17643999999999999 0.588845 0.19408 1.02883
2 0.236535 0.612855 0.29223 0.99041
2 0.315375 0.606255 0.48961 1.08765
2 0.14721499999999998 0.062424999999999994 0.19297 0.03840999999999999
2 0.10806500000000001 0.054625 0.11909 0.020409999999999998
2 0.23874 0.07563 0.39368000000000003 0.03602
1 0.599885 0.6728799999999999 0.6528099999999999 0.86076
3 0.71236 0.729305 0.21614 0.50301
5 0.39312499999999995 0.13746 0.68479 0.18368
4 0.35728499999999996 0.514415 0.05292999999999998 0.15966999999999992
