0 0.37611 0.25463 0.4935999999999999 0.4481
0 0.39022 0.24305 0.52182 0.42864
0 0.40269 0.249305 0.55464 0.45413000000000003
0 0.40154500000000004 0.22776 0.55891 0.41287999999999997
0 0.408435 0.238645 0.5700700000000001 0.43650999999999995
0 0.43452999999999997 0.123725 0.60256 0.16219
0 0.45586 0.101485 0.6649200000000001 0.15107
0 0.453725 0.1177 0.65803 0.19091999999999998
0 0.402035 0.13530999999999999 0.55465 0.22241999999999998
0 0.41352500000000003 0.11353 0.56843 0.18258
0 0.41418 0.08456999999999999 0.57368 0.13762
0 0.436495 0.08781 0.61437 0.08479999999999999
0 0.455855 0.0519 0.6557299999999999 0.06301999999999999
0 0.45126 0.069045 0.6570400000000001 0.09361
0 0.43468999999999997 0.0475 0.60946 0.030120000000000008
0 0.409585 0.033365 0.55661 0.01853
0 0.3766 0.135775 0.48802 0.20853
0 0.362655 0.17192 0.46668999999999994 0.30676
1 0.19642500000000002 0.613065 0.05743000000000001 0.38647000000000004
2 0.082545 0.51529 0.24319 0.86376
7 0.43715 0.16103 0.41484 0.02085999999999999
7 0.422055 0.32924 0.36495 0.11910000000000004
7 0.541515 0.260425 0.76665 0.26876999999999995
7 0.514605 0.243975 0.70495 0.26737
