5 0.2878 0.22838999999999998 0.16169999999999998 0.06981999999999997
5 0.357975 0.09708 0.28951000000000005 0.08366000000000001
5 0.31378 0.33714 0.33985999999999994 0.1271
0 0.146895 0.27417 0.07268999999999999 0.28682
0 0.175345 0.24343 0.10285 0.2928
0 0.22356499999999999 0.25256 0.13809 0.17745999999999998
0 0.135835 0.39116 0.08041 0.41196
5 0.16820000000000002 0.385125 0.16212000000000001 0.56275
0 0.22701 0.33255500000000005 0.28484 0.50451
0 0.21569000000000002 0.431045 0.27282 0.54291
0 0.221985 0.46688999999999997 0.35217 0.77422
0 0.27867 0.334125 0.32698 0.46236999999999995
0 0.305595 0.31728500000000004 0.42237 0.49007000000000006
0 0.36449 0.4643 0.38003999999999993 0.60176
0 0.40149 0.376225 0.55376 0.5247499999999999
0 0.47512 0.32233999999999996 0.63666 0.52684
0 0.49263999999999997 0.25023 0.34523999999999994 0.09241999999999997
0 0.388915 0.286945 0.48225000000000007 0.35790999999999995
0 0.44542 0.39535499999999996 0.68766 0.55987
0 0.522825 0.409495 0.77443 0.64111
0 0.39853500000000003 0.486025 0.66457 0.82621
0 0.467185 0.251015 0.64915 0.38734999999999997
0 0.48085500000000003 0.28641 0.73017 0.45386000000000004
5 0.5451 0.28971 0.7922199999999999 0.42404000000000003
2 0.29652 0.23761500000000002 0.31106 0.33663
4 0.30059 0.27393 0.24974000000000002 0.31882
2 0.47573 0.23875000000000002 0.41813999999999996 0.12112000000000003
0 0.36627 0.06374 0.38403999999999994 0.07804
0 0.395185 0.05282 0.45225000000000004 0.08408
0 0.42137 0.247875 0.6293 0.44140999999999997
0 0.37788999999999995 0.17861 0.39543999999999996 0.27180000000000004
5 0.35585 0.191995 0.4196 0.32773
5 0.218455 0.244815 0.17221 0.39049
5 0.36291 0.140845 0.4228200000000001 0.13890999999999998
0 0.14019500000000001 0.36573 0.14929 0.66252
0 0.16413 0.378845 0.17312000000000002 0.5703100000000001
0 0.208755 0.281355 0.19105 0.46251000000000003
0 0.219025 0.286545 0.29297 0.5188499999999999
0 0.32016 0.26742 0.44117999999999996 0.42046
0 0.29566 0.17008 0.32304 0.26017999999999997
0 0.30012 0.13909 0.32411999999999996 0.20048
0 0.297735 0.085455 0.24927000000000002 0.06139
0 0.256185 0.180045 0.21445 0.23102999999999999
0 0.18998500000000001 0.120615 0.09251000000000001 0.17125
2 0.14811 0.267085 0.07425999999999999 0.29599
2 0.36213500000000004 0.43299499999999996 0.63359 0.76829
