5 0.53548 0.21963 0.92158 0.23594
4 0.508375 0.289045 0.11083000000000004 0.016689999999999983
2 0.55355 0.11796499999999999 0.15782000000000002 0.015929999999999986
5 0.44814 0.24049 0.7999 0.43241999999999997
2 0.237925 0.39563499999999996 0.38429 0.70933
2 0.5154299999999999 0.14300000000000002 0.9730399999999999 0.16766
5 0.5226599999999999 0.12783 0.9585799999999999 0.17980000000000002
5 0.534705 0.18245 0.9344899999999999 0.10089999999999999
0 0.48428000000000004 0.375145 0.9011 0.68657
0 0.486085 0.382735 0.90953 0.73209
0 0.45898000000000005 0.389565 0.86978 0.73361
