0 0.41548 0.35302500000000003 0.4301400000000001 0.53809
0 0.34216 0.404785 0.3226 0.68847
0 0.218325 0.27783 0.022809999999999997 0.30176
2 0.32953 0.50293 0.1996 0.63086
2 0.310385 0.5542 0.09613 0.63574
0 0.2167 0.39209 0.04236000000000001 0.6708999999999999
5 0.270875 0.10742499999999999 0.08229000000000003 0.019530000000000006
0 0.44765499999999997 0.29639000000000004 0.51079 0.43262000000000006
0 0.350305 0.382815 0.28351 0.57813
0 0.302645 0.340335 0.08065 0.45801
0 0.350305 0.50342 0.29979 0.9248000000000001
0 0.351935 0.458495 0.30956999999999996 0.7412099999999999
0 0.393075 0.449705 0.38533000000000006 0.7939499999999999
3 0.66273 0.74512 0.32994 0.49414
5 0.503055 0.30566499999999996 0.6085499999999999 0.47851
5 0.492465 0.31885 0.58085 0.5166000000000001
5 0.465175 0.317385 0.57189 0.57227
5 0.45377 0.3335 0.55234 0.6084
5 0.49328 0.25830000000000003 0.6411399999999999 0.2705
0 0.50102 0.19189499999999998 0.6501 0.30957
0 0.494095 0.24219000000000002 0.63299 0.33594
0 0.270875 0.15967 0.16375 0.15918
0 0.244805 0.22851500000000002 0.10182999999999998 0.33985
2 0.243585 0.222655 0.10265000000000002 0.34375
2 0.217105 0.26514 0.023630000000000012 0.32323999999999997
2 0.31894 0.327635 0.26314000000000004 0.5498099999999999
0 0.271285 0.47656499999999996 0.13849 0.88281
0 0.303055 0.413575 0.23463000000000003 0.76075
0 0.34745 0.38183500000000004 0.32994 0.70899
