2 0.250365 0.098935 0.026170000000000027 0.06957
2 0.29725500000000005 0.148995 0.05717 0.09817000000000001
2 0.333015 0.134685 0.16796999999999998 0.15833000000000003
2 0.24717 0.39274 0.3377 0.66662
2 0.267205 0.40563499999999997 0.42495 0.68781
2 0.335985 0.437895 0.55609 0.77747
5 0.48382499999999995 0.182955 0.47962999999999995 0.24137000000000003
2 0.588765 0.194935 0.66261 0.24011
4 0.39277 0.410775 0.08496000000000004 0.07916999999999996
7 0.341295 0.42464500000000005 0.33401 0.46905
2 0.316465 0.059925 0.08545000000000003 0.04253
2 0.33443999999999996 0.070495 0.15558 0.07987
2 0.486105 0.16543000000000002 0.50709 0.2862
3 0.573735 0.5896600000000001 0.29477 0.44284
1 0.52404 0.53947 0.65998 0.7048399999999999
0 0.23214 0.37707 0.367 0.69594
0 0.236645 0.37818999999999997 0.39985000000000004 0.709
0 0.266825 0.38395 0.43721 0.70682
0 0.27407000000000004 0.396165 0.45002000000000003 0.73699
0 0.322665 0.42321000000000003 0.57955 0.80286
