5 0.251505 0.373145 0.04307 0.11075000000000002
0 0.275055 0.43009000000000003 0.49883 0.56248
5 0.21311999999999998 0.39790000000000003 0.29918 0.3708
5 0.09876 0.43754 0.14258 0.41162
5 0.10733 0.43598000000000003 0.17088 0.42604000000000003
0 0.0803 0.39736499999999997 0.057339999999999995 0.25767
5 0.09953000000000001 0.36192 0.11468 0.25423999999999997
0 0.261505 0.22301500000000002 0.47129 0.18741
0 0.234615 0.26847 0.37845 0.21166000000000001
0 0.26188 0.29058 0.46572 0.31238
0 0.35590499999999997 0.33714 0.49906999999999996 0.32986000000000004
0 0.2373 0.404205 0.42208 0.5001099999999999
0 0.215675 0.4849 0.37017 0.6145799999999999
0 0.08174999999999999 0.5591349999999999 0.12072 0.56769
4 0.280545 0.479255 0.35091 0.5021500000000001
0 0.18383 0.37312500000000004 0.33086000000000004 0.40879000000000004
0 0.19089 0.38104499999999997 0.35928000000000004 0.43679
0 0.15472 0.33640000000000003 0.25052 0.28018
0 0.17124999999999999 0.331925 0.31266 0.31595
0 0.149025 0.304675 0.25875 0.24994999999999998
0 0.10956 0.332175 0.17644 0.25371
0 0.11548 0.33776 0.20068000000000003 0.27854
0 0.138005 0.372865 0.22921 0.33563000000000004
0 0.14688500000000002 0.37121499999999996 0.25799 0.36101
0 0.070925 0.37495500000000004 0.09389 0.28785
0 0.05832 0.372885 0.08012 0.28107
0 0.06014 0.392995 0.08538000000000001 0.31531
0 0.07859000000000001 0.407465 0.12376000000000001 0.36729
0 0.094155 0.43595 0.15098999999999999 0.42099999999999993
0 0.10456 0.43370000000000003 0.17576 0.43548
0 0.165065 0.29617499999999997 0.30139 0.25675
0 0.180255 0.30681 0.32626999999999995 0.28174
0 0.201035 0.32462 0.37340999999999996 0.33914
0 0.2058 0.339015 0.37274 0.36027
0 0.09298 0.29395 0.14012 0.17015999999999998
0 0.094915 0.32820499999999997 0.07049 0.15672999999999998
0 0.11122499999999999 0.26652 0.16963 0.12301999999999999
0 0.12424 0.30987 0.2235 0.2404
0 0.1299 0.32138 0.2288 0.27193999999999996
0 0.306545 0.525705 0.43229 0.64017
0 0.2573 0.51843 0.38594 0.63542
5 0.15053499999999997 0.484385 0.21996999999999997 0.49005
5 0.16503500000000002 0.49407 0.25999 0.54146
5 0.24392 0.555885 0.42922 0.76583
5 0.25931000000000004 0.28768 0.47322000000000003 0.32016
5 0.24817 0.199785 0.45124 0.15288999999999997
5 0.260855 0.22546499999999997 0.47123000000000004 0.19144999999999998
