5 0.43164 0.27832 0.57422 0.06445999999999999
5 0.51709 0.40967 0.88378 0.7373000000000001
5 0.507325 0.45947 0.91113 0.79004
5 0.55957 0.427245 0.7793 0.78027
5 0.63672 0.4292 0.625 0.74512
5 0.66553 0.46045 0.5791000000000001 0.82324
5 0.81006 0.483885 0.27442 0.85449
5 0.893065 0.4707 0.0009699999999999154 0.80078
5 0.59082 0.35644499999999996 0.74804 0.62695
5 0.63525 0.09423999999999999 0.6709 0.09082
5 0.634765 0.303225 0.6835899999999999 0.5478500000000001
5 0.68164 0.280275 0.5586 0.49023000000000005
5 0.899905 0.32764 0.07128999999999996 0.59668
5 0.944825 0.34961000000000003 0.012689999999999979 0.60546
2 0.563965 0.161625 0.80567 0.26465
2 0.50391 0.217775 0.875 0.32616999999999996
2 0.5175799999999999 0.17480500000000002 0.8632799999999999 0.26367
2 0.513675 0.16455 0.9335899999999999 0.27831999999999996
2 0.496585 0.10253999999999999 0.94043 0.12696000000000002
2 0.918945 0.053715 0.09960999999999998 0.013670000000000002
5 0.92578 0.10059 0.10155999999999998 0.13086
2 0.95801 0.4458 0.05274000000000001 0.8486400000000001
