5 0.582435 0.216555 0.48170999999999997 0.07052999999999998
3 0.62247 0.684565 0.26868 0.30116999999999994
5 0.32303 0.51995 0.42821999999999993 0.6381600000000001
5 0.35318499999999997 0.411285 0.52339 0.52735
5 0.51684 0.32195999999999997 0.6801200000000001 0.37746
5 0.521625 0.378815 0.8702300000000001 0.52163
5 0.19427999999999998 0.39108 0.16978 0.56036
5 0.35573 0.42542 0.5991200000000001 0.7409399999999999
5 0.319955 0.36129 0.50573 0.6095200000000001
1 0.547025 0.5550149999999999 0.6345700000000001 0.6615099999999999
2 0.18301499999999998 0.3577 0.21787 0.5933999999999999
2 0.45925 0.27388999999999997 0.7556999999999999 0.46413999999999994
2 0.488295 0.291245 0.83889 0.51485
2 0.50089 0.132435 0.7949799999999999 0.20395000000000002
2 0.44606999999999997 0.117755 0.66896 0.18727
2 0.49695 0.09311 0.75088 0.13369999999999999
