2 0.462925 0.416995 0.49512999999999996 0.0019500000000000073
2 0.260545 0.47265500000000005 0.30573 0.35937
2 0.31727 0.55713 0.41918 0.5791
2 0.13508 0.5146499999999999 0.0028799999999999937 0.74024
2 0.21007 0.524905 0.13940000000000002 0.8271499999999999
3 0.581655 0.55225 0.38649000000000006 0.5459
4 0.5802149999999999 0.5659150000000001 0.39515 0.54199
4 0.55089 0.548825 0.62876 0.30859
0 0.099025 0.06055 0.02885 0.011719999999999994
0 0.09614 0.17773499999999998 0.003839999999999996 0.05859
0 0.12691 0.12695499999999998 0.10768 0.06641
0 0.160555 0.27002 0.04807 0.11426
0 0.17161 0.152345 0.17402 0.007810000000000011
0 0.111525 0.44091500000000006 0.007690000000000002 0.29199
0 0.143735 0.31298499999999996 0.16825 0.47362999999999994
0 0.12930999999999998 0.395995 0.16632 0.51465
0 0.164405 0.24120999999999998 0.19805 0.4043
0 0.152385 0.276855 0.17787 0.44043
0 0.179305 0.19385 0.27015 0.2666
0 0.21198999999999998 0.155765 0.2817 0.19043
0 0.22881500000000002 0.12988 0.34227 0.14257999999999998
0 0.25285 0.11377 0.36726 0.05176
0 0.26342499999999996 0.06787 0.41148999999999997 0.02246
0 0.30140500000000003 0.30810499999999996 0.51051 0.26075
0 0.33793999999999996 0.211425 0.35668 0.20800999999999997
0 0.27737 0.280275 0.32399999999999995 0.24805
0 0.295635 0.12744 0.46436999999999995 0.15722000000000003
5 0.242755 0.039555 0.35861 0.002930000000000002
5 0.04615 0.333985 0.0 0.51953
2 0.2716 0.275875 0.32784 0.25879
2 0.29611499999999996 0.302245 0.51917 0.26465000000000005
2 0.329285 0.211915 0.37783 0.21288999999999997
2 0.28746 0.12207000000000001 0.47494000000000003 0.16602
2 0.042785000000000004 0.45459 0.010570000000000003 0.70996
2 0.103355 0.42285 0.01827000000000001 0.3457
2 0.12114 0.285155 0.09614 0.39063000000000003
