2 0.318395 0.168765 0.15392999999999998 0.06226999999999999
2 0.35675999999999997 0.25819000000000003 0.31478 0.05694000000000002
2 0.32179 0.26048 0.20638000000000004 0.22502
2 0.25626499999999997 0.2876 0.08222999999999997 0.26405999999999996
2 0.12632000000000002 0.25248000000000004 0.05478000000000001 0.3551
2 0.17913 0.37457 0.09941999999999998 0.44742000000000004
2 0.3146 0.466155 0.1691 0.58121
5 0.34662499999999996 0.349395 0.54437 0.54735
5 0.34536 0.27113000000000004 0.49933999999999995 0.45836000000000005
5 0.33331 0.230455 0.47156 0.40299
5 0.48061499999999996 0.34162499999999996 0.82245 0.63317
5 0.39116500000000004 0.39315 0.69253 0.7484200000000001
5 0.29431999999999997 0.43446 0.50426 0.80756
5 0.257685 0.40362000000000003 0.43401 0.74476
5 0.34531 0.43696999999999997 0.6073599999999999 0.81304
5 0.50453 0.31722 0.8802 0.59106
5 0.39843 0.3621 0.7086800000000001 0.6990000000000001
2 0.13885 0.390185 0.15366000000000002 0.6171899999999999
2 0.17148000000000002 0.051500000000000004 0.07136 0.046020000000000005
