4 0.685495 0.577415 0.17171000000000003 0.10404999999999998
6 0.415775 0.5727450000000001 0.25448999999999994 0.26281000000000004
3 0.41451499999999997 0.5726800000000001 0.25435 0.2649
3 0.74634 0.636475 0.49743999999999994 0.49411000000000005
2 0.267725 0.390565 0.44481000000000004 0.46755
2 0.25201 0.40232500000000004 0.41506 0.47773000000000004
2 0.250115 0.43130500000000005 0.34341 0.46431000000000006
2 0.202905 0.429085 0.32331 0.48634999999999995
2 0.21474 0.45550500000000005 0.34392 0.54301
2 0.20268 0.52976 0.14584000000000003 0.36656
