5 0.59106 0.33953500000000003 0.60364 0.0041699999999999515
5 0.42024500000000004 0.45306500000000005 0.67281 0.58117
5 0.43282 0.584815 0.49673999999999996 0.72385
5 0.210645 0.46868000000000004 0.16138999999999998 0.67074
4 0.45220499999999997 0.31194 0.12891000000000002 0.13644
5 0.236845 0.358805 0.38147000000000003 0.62179
5 0.432295 0.470765 0.7765500000000001 0.8582099999999999
5 0.511415 0.297355 0.8970699999999999 0.48223
5 0.5303199999999999 0.30777 0.9432599999999999 0.52806
5 0.35841 0.38692499999999996 0.6413599999999999 0.70303
5 0.21169 0.41973499999999997 0.3647 0.77281
