4 0.540335 0.38241499999999995 0.35453 0.25055
5 0.37375 0.451235 0.29188 0.55631
5 0.07226 0.17554999999999998 0.06194 0.2522
5 0.08329 0.186265 0.12102000000000002 0.29341
2 0.14238 0.28681500000000004 0.14238 0.44835
2 0.08329 0.323075 0.029899999999999996 0.32306999999999997
2 0.18011000000000002 0.242305 0.29758 0.38571
2 0.200045 0.23612999999999998 0.34883000000000003 0.40302
2 0.280135 0.265795 0.42643000000000003 0.43599
2 0.086495 0.44134500000000004 0.034890000000000004 0.62885
2 0.21783999999999998 0.200275 0.35026 0.29505
2 0.24667 0.208105 0.44494 0.34039
2 0.20147 0.29052 0.35738 0.50522
2 0.2901 0.36346 0.5146999999999999 0.6675800000000001
2 0.26483 0.37582 0.45562 0.6989
2 0.332815 0.382825 0.60583 0.68983
2 0.36805000000000004 0.34162000000000003 0.6279 0.48214
2 0.366275 0.34038 0.70123 0.5488999999999999
2 0.19221 0.26332500000000003 0.34456 0.47719000000000006
2 0.08436 0.149175 0.10892 0.22582999999999998
1 0.416105 0.45783 0.39652999999999994 0.60906
5 0.23279000000000002 0.08159 0.42002 0.11043999999999998
5 0.176195 0.042035 0.32106999999999997 0.04451
5 0.210725 0.12239 0.36449 0.17554000000000003
5 0.319645 0.168955 0.57665 0.28517
5 0.15163500000000002 0.16112500000000002 0.24063 0.25961
5 0.193285 0.1706 0.32107 0.26868
