5 0.742675 0.442385 0.12793 0.43945
5 0.520505 0.464355 0.7480500000000001 0.44043
5 0.66162 0.49951 0.4072200000000001 0.8310599999999999
0 0.830565 0.20166 0.014650000000000052 0.21972000000000003
0 0.499025 0.11816 0.9785100000000001 0.18164
0 0.5585950000000001 0.42528999999999995 0.7968700000000001 0.55762
0 0.93994 0.43456999999999996 0.040040000000000076 0.7207
0 0.9126000000000001 0.5146499999999999 0.04589999999999994 0.85742
0 0.78418 0.10790999999999999 0.33007999999999993 0.10253999999999999
0 0.90625 0.048339999999999994 0.05468000000000006 0.03221999999999999
0 0.9897450000000001 0.09814500000000001 0.006830000000000003 0.10645
0 0.723635 0.191895 0.49023 0.32519000000000003
0 0.6162099999999999 0.19970500000000002 0.72852 0.28613
0 0.7587900000000001 0.39990000000000003 0.1543 0.49902
