0 0.47549 0.151185 0.80258 0.020149999999999973
5 0.51575 0.24567499999999998 0.50308 0.02939
5 0.452415 0.445575 0.6949099999999999 0.53167
5 0.30945 0.40526 0.50308 0.6996600000000001
5 0.178705 0.374605 0.24521000000000004 0.66857
4 0.308095 0.22594 0.26510999999999996 0.20998
5 0.3185 0.07811499999999999 0.5428999999999999 0.06887
5 0.29270999999999997 0.07895500000000001 0.56008 0.12431000000000002
5 0.31171000000000004 0.0315 0.56914 0.021
5 0.456485 0.230135 0.84421 0.30573
5 0.467795 0.217535 0.88491 0.32085
5 0.34474 0.290195 0.6460400000000001 0.52999
5 0.359215 0.30152999999999996 0.68223 0.56274
5 0.46101 0.29733 0.8822 0.54762
5 0.35922 0.34185 0.675 0.63666
5 0.299495 0.33639 0.54109 0.62238
5 0.28230500000000003 0.359065 0.49223 0.66773
5 0.34654999999999997 0.43088 0.58452 0.78784
5 0.057 0.35612499999999997 0.0561 0.64505
5 0.02624 0.288515 0.005420000000000001 0.49303
5 0.05791 0.288935 0.01448 0.48379000000000005
5 0.09229 0.26247499999999996 0.08324000000000001 0.48127
5 0.017645 0.21124 0.004530000000000001 0.37208
5 0.19136999999999998 0.370405 0.34292 0.7004900000000001
5 0.178255 0.42374 0.31306999999999996 0.8038000000000001
5 0.19997 0.397285 0.3565 0.74753
5 0.058815 0.30027000000000004 0.07418999999999999 0.56358
