2 0.27085000000000004 0.17167 0.07863999999999999 0.12071999999999998
2 0.270775 0.260015 0.13015 0.24023000000000003
2 0.591135 0.231015 0.54969 0.20183
2 0.540985 0.365815 0.61439 0.33551
2 0.5526 0.37986 0.80514 0.62656
0 0.174135 0.298305 0.18009000000000003 0.5235500000000001
0 0.272485 0.258545 0.25813 0.43867
2 0.253205 0.31647499999999995 0.21265 0.45874999999999994
2 0.43711 0.09057000000000001 0.27448 0.09786
4 0.4889 0.5431349999999999 0.3345 0.28411
2 0.54845 0.14146999999999998 0.5255000000000001 0.18008
1 0.5302 0.540185 0.58606 0.68147
2 0.226935 0.31465499999999996 0.29447 0.56747
0 0.196485 0.269095 0.19990999999999998 0.50275
