5 0.5522 0.20274 0.7787999999999999 0.12769999999999998
5 0.547715 0.2898 0.59211 0.16298
4 0.414755 0.2548 0.25627 0.22824000000000003
5 0.367395 0.0481 0.50525 0.06132
5 0.38526 0.07101 0.52802 0.09422
5 0.33595 0.06678 0.37342 0.07592
5 0.36319999999999997 0.136525 0.48219999999999996 0.21819
5 0.433915 0.17162 0.59949 0.09015999999999999
5 0.396785 0.177655 0.5619500000000001 0.20291000000000003
5 0.376475 0.30649 0.57673 0.52612
5 0.440775 0.32752000000000003 0.73215 0.56704
5 0.44211 0.34723 0.76074 0.63614
5 0.47933 0.34831999999999996 0.84902 0.65042
5 0.370515 0.43027499999999996 0.62105 0.78071
2 0.50175 0.44508 0.90494 0.785
2 0.539685 0.18755 0.84645 0.17434000000000002
0 0.49750500000000003 0.15167999999999998 0.80235 0.2751
0 0.525705 0.11840500000000001 0.84365 0.18789
0 0.310895 0.056400000000000006 0.40349 0.08884
0 0.506755 0.191835 0.82695 0.34720999999999996
0 0.48929 0.42945 0.92214 0.8146800000000001
