5 0.480255 0.282715 0.5772900000000001 0.30371000000000004
4 0.44709 0.37207 0.07206000000000001 0.02148
2 0.513825 0.15185500000000002 0.10398999999999997 0.02051
5 0.41597 0.30957 0.45528 0.55664
2 0.24033 0.509275 0.11382 0.91309
2 0.554355 0.18408000000000002 0.77135 0.21582
5 0.534705 0.16455 0.70257 0.23144000000000003
5 0.55354 0.23486 0.74678 0.12988000000000002
0 0.41187999999999997 0.48290999999999995 0.47002 0.88378
0 0.41147 0.492675 0.46591999999999995 0.9423900000000001
0 0.39222999999999997 0.501465 0.43726 0.94433
