2 0.54626 0.35427 0.68632 0.026600000000000013
2 0.121225 0.429765 0.031729999999999994 0.19369000000000003
2 0.203735 0.074255 0.023270000000000013 0.04951
0 0.15254 0.123455 0.02074000000000001 0.10086999999999999
0 0.47052499999999997 0.04672 0.66855 0.027839999999999997
2 0.446195 0.09900999999999999 0.020730000000000026 0.059399999999999994
4 0.6725650000000001 0.67729 0.28307000000000004 0.10829999999999995
2 0.70282 0.745045 0.41043999999999997 0.49504999999999993
6 0.61502 0.11262 0.39731999999999995 0.07178
6 0.218335 0.21750999999999998 0.08462999999999998 0.13675999999999996
6 0.453805 0.103655 0.017349999999999977 0.06745
6 0.12186 0.42605 0.030459999999999987 0.19616
6 0.54626 0.35272000000000003 0.68632 0.022280000000000022
