0 0.132945 0.41981 0.22509 0.58264
0 0.158385 0.39615 0.27066999999999997 0.5246999999999999
0 0.171485 0.37957 0.29339000000000004 0.51838
0 0.148205 0.37163 0.24391000000000002 0.5006200000000001
0 0.136895 0.35973 0.22630999999999998 0.48141999999999996
0 0.2832 0.27820500000000004 0.48530000000000006 0.38899
0 0.265245 0.37156500000000003 0.42651 0.53173
0 0.276475 0.49064 0.48577000000000004 0.79062
0 0.290755 0.48247999999999996 0.5245299999999999 0.77784
0 0.308205 0.480205 0.56733 0.79545
0 0.31528999999999996 0.470405 0.59578 0.8030700000000001
0 0.347365 0.451325 0.63823 0.75383
0 0.27988 0.50591 0.51468 0.84284
0 0.24654 0.48139499999999996 0.4499 0.76883
0 0.34167499999999995 0.51799 0.63117 0.89676
0 0.44637 0.50087 0.83336 0.90362
0 0.381765 0.33026500000000003 0.72959 0.56325
0 0.38998000000000005 0.34546 0.72714 0.5819799999999999
0 0.46135000000000004 0.18909 0.79474 0.27392
0 0.45160999999999996 0.16715999999999998 0.86144 0.26032
0 0.394285 0.17919000000000002 0.6569100000000001 0.24678
0 0.392895 0.221925 0.7410300000000001 0.35733
0 0.35428 0.182415 0.5972000000000001 0.23353000000000002
0 0.322125 0.18697999999999998 0.56603 0.23545999999999997
0 0.300965 0.19162 0.53757 0.23778
0 0.281385 0.19317499999999999 0.52033 0.24885
0 0.27684 0.22491499999999998 0.48053999999999997 0.28137
0 0.24390499999999998 0.22509 0.44543 0.27718
0 0.251975 0.247465 0.47114999999999996 0.34087
0 0.23803 0.269285 0.43844 0.35411000000000004
0 0.18854500000000002 0.344215 0.34521 0.47605
0 0.19597 0.32925499999999996 0.34781999999999996 0.46210999999999997
0 0.21163500000000002 0.31598499999999996 0.35419 0.42244999999999994
0 0.073445 0.45117 0.09531 0.596
0 0.080315 0.4324 0.10981 0.5841399999999999
0 0.30025 0.393795 0.5578000000000001 0.63347
0 0.31516 0.38329 0.5819799999999999 0.63174
0 0.29710499999999995 0.37604 0.55901 0.6189399999999999
0 0.313155 0.36497 0.58967 0.59188
0 0.3958 0.453445 0.75496 0.8101700000000001
0 0.39535 0.424875 0.74464 0.7403299999999999
0 0.399135 0.43702 0.77285 0.7721600000000001
0 0.36880999999999997 0.432325 0.70232 0.75419
0 0.386525 0.391565 0.71265 0.6606299999999999
0 0.37687000000000004 0.408275 0.72522 0.71291
0 0.232025 0.48897999999999997 0.40645000000000003 0.77816
0 0.10788500000000001 0.14010499999999998 0.17139 0.029109999999999997
0 0.105005 0.16792 0.18084999999999998 0.08692000000000001
0 0.08388999999999999 0.15415 0.11896 0.05188000000000001
0 0.07365 0.17359999999999998 0.11034 0.08246
0 0.065345 0.200345 0.08099 0.13595000000000002
0 0.063275 0.23111500000000001 0.09498999999999999 0.18923
0 0.29061 0.420935 0.54934 0.68237
0 0.19406 0.409695 0.3647 0.61081
0 0.20506 0.26742499999999997 0.3796 0.33620999999999995
0 0.21476 0.27177 0.39662 0.35294000000000003
0 0.34501499999999996 0.34714999999999996 0.63839 0.55864
5 0.12920500000000001 0.47331500000000004 0.19281 0.66353
5 0.34994 0.504545 0.6096 0.84121
5 0.40919500000000003 0.46381500000000003 0.69633 0.78435
5 0.39843500000000004 0.433435 0.68091 0.58019
5 0.23287 0.49396999999999996 0.40365999999999996 0.77022
5 0.29519999999999996 0.42908 0.5416 0.66496
5 0.27535 0.489775 0.4773 0.64589
5 0.1609 0.38699999999999996 0.1976 0.44792
5 0.11519499999999999 0.463645 0.051449999999999996 0.51105
5 0.24728 0.262245 0.38712 0.28796999999999995
5 0.41956 0.5057 0.80184 0.91862
5 0.42802999999999997 0.490795 0.8159 0.89239
0 0.23287 0.25549499999999997 0.41682 0.31803
0 0.13131500000000002 0.15641 0.18897 0.0348
4 0.3468 0.38043499999999997 0.47692 0.50867
5 0.067955 0.20754 0.07605 0.11656
5 0.130325 0.14653 0.19755 0.04038
5 0.112515 0.145175 0.15563 0.03165000000000001
5 0.087845 0.15931 0.10803000000000001 0.036019999999999996
5 0.10452499999999999 0.166555 0.17225 0.08769
5 0.07783000000000001 0.17587 0.09980000000000001 0.07382
