2 0.22702500000000003 0.17317 0.19753 0.02063999999999999
2 0.35742500000000005 0.58602 0.49595000000000006 0.75918
2 0.064985 0.52065 0.04105 0.6467999999999999
2 0.22788 0.43923 0.36342 0.6032200000000001
2 0.389915 0.028095000000000002 0.51305 0.01261
2 0.227025 0.1984 0.32065000000000005 0.29588
2 0.250115 0.30906500000000003 0.30527 0.45757000000000003
5 0.30783 0.08773 0.5198999999999999 0.06996
5 0.22488499999999997 0.455855 0.38821 0.7878499999999999
5 0.10389 0.417435 0.17016 0.77983
5 0.112015 0.39737 0.18983 0.74428
5 0.12312999999999999 0.37443 0.22574 0.70758
5 0.21377 0.492555 0.3865 0.86125
5 0.221895 0.522945 0.39249 0.9541499999999999
5 0.212485 0.5504650000000001 0.37367 1.03671
5 0.23814 0.55391 0.39762000000000003 1.0069000000000001
2 0.465165 0.41571499999999995 0.6840700000000001 0.43234999999999996
2 0.400605 0.427185 0.72255 0.6938099999999999
2 0.272345 0.23051 0.47287 0.3234
5 0.22275 0.578565 0.40103999999999995 1.0791499999999998
5 0.388205 0.5974900000000001 0.6874899999999999 1.08488
