5 0.6076699999999999 0.329005 0.69718 0.5616300000000001
5 0.6332450000000001 0.30792 0.66975 0.55468
5 0.638805 0.33016500000000004 0.67049 0.58063
5 0.657335 0.33364000000000005 0.62157 0.59314
5 0.66012 0.36862999999999996 0.5997 0.61678
5 0.68884 0.36979 0.55856 0.6580199999999999
5 0.6792050000000001 0.38948 0.58377 0.7066800000000001
5 0.665305 0.39874499999999996 0.61601 0.72521
5 0.689215 0.317655 0.5607899999999999 0.55931
5 0.69848 0.33179000000000003 0.5600400000000001 0.61168
5 0.68291 0.34592500000000004 0.5822799999999999 0.60473
5 0.70941 0.325535 0.53966 0.57507
5 0.7173849999999999 0.33851000000000003 0.51927 0.60102
5 0.707005 0.37419 0.5192700000000001 0.6315999999999999
5 0.72146 0.33364 0.45182000000000005 0.53754
5 0.72628 0.35496 0.48666 0.6172399999999999
5 0.7316549999999999 0.36585 0.46848999999999996 0.6557
5 0.7490749999999999 0.36886 0.45736999999999994 0.68582
5 0.755185 0.365155 0.39029 0.6190899999999999
5 0.755555 0.33063000000000003 0.42513 0.58526
5 0.78447 0.33294500000000005 0.3821399999999999 0.59731
5 0.7926249999999999 0.33711500000000005 0.31245 0.59453
5 0.78169 0.374885 0.32394 0.6274299999999999
5 0.840805 0.334105 0.26353000000000004 0.5903700000000001
5 0.843585 0.350785 0.24758999999999998 0.6274299999999999
5 0.812265 0.36932499999999996 0.27613 0.61261
5 0.8267249999999999 0.41543 0.20867000000000002 0.64736
5 0.81134 0.41264999999999996 0.29725999999999997 0.6974
5 0.8194950000000001 0.37349000000000004 0.31357 0.69138
5 0.82691 0.45713499999999996 0.25426000000000004 0.80121
5 0.841735 0.42308 0.24241000000000001 0.7646
5 0.852855 0.454125 0.19347000000000003 0.75255
5 0.8828750000000001 0.408715 0.19272999999999996 0.7469899999999999
5 0.77261 0.38114000000000003 0.394 0.68628
5 0.890475 0.42840500000000004 0.16122999999999998 0.78081
5 0.8897349999999999 0.44925499999999996 0.10045000000000004 0.78545
5 0.8671249999999999 0.36422499999999997 0.16939000000000004 0.58387
5 0.89585 0.34592500000000004 0.13714000000000004 0.60473
5 0.9273549999999999 0.32692000000000004 0.11266999999999994 0.59268
5 0.916605 0.34476500000000004 0.13121000000000005 0.59685
5 0.971275 0.272015 0.0025900000000000922 0.45504999999999995
5 0.9701649999999999 0.39665999999999996 0.010749999999999926 0.69694
5 0.960155 0.38948 0.02778999999999998 0.6770200000000001
5 0.8180149999999999 0.470575 0.3165300000000001 0.87257
5 0.8341350000000001 0.466175 0.29762999999999995 0.87303
5 0.883805 0.44138 0.18642999999999998 0.8327199999999999
5 0.77298 0.5 0.40213999999999994 0.9369799999999999
5 0.79318 0.487025 0.3751 0.92585
5 0.7624150000000001 0.37975000000000003 0.43365 0.70204
5 0.9388449999999999 0.43675 0.08377000000000001 0.81974
5 0.77261 0.420065 0.32284 0.67517
5 0.64696 0.3823 0.6482600000000001 0.62002
5 0.589325 0.333175 0.77983 0.6107499999999999
5 0.58136 0.32206 0.8002199999999999 0.59592
5 0.57042 0.34036500000000003 0.8057799999999999 0.61585
5 0.558565 0.39132999999999996 0.84433 0.71038
5 0.568755 0.39180000000000004 0.80467 0.71872
5 0.589325 0.390175 0.79169 0.7284499999999999
5 0.59859 0.39203 0.7702 0.7321599999999999
5 0.605445 0.39388500000000004 0.7342500000000001 0.73587
0 0.95589 0.32322 0.046699999999999964 0.5519
0 0.9090050000000001 0.46223 0.11822999999999995 0.85218
0 0.9180900000000001 0.47405 0.12824000000000002 0.8999
0 0.91123 0.44231 0.11972000000000005 0.7863800000000001
0 0.7894749999999999 0.473125 0.34693000000000007 0.87581
0 0.78076 0.44671 0.38362000000000007 0.7970400000000001
0 0.751485 0.42817500000000003 0.43921 0.79703
0 0.75482 0.44786499999999996 0.43254000000000004 0.82345
0 0.646405 0.46223 0.63899 0.85218
0 0.65122 0.435125 0.65604 0.8109299999999999
0 0.639915 0.44068500000000005 0.68903 0.82577
0 0.63288 0.37395500000000004 0.6942200000000001 0.70343
0 0.62361 0.36492 0.70088 0.66126
0 0.6478900000000001 0.361675 0.66864 0.66589
0 0.55745 0.307925 0.8524799999999999 0.56209
0 0.81894 0.406395 0.3043 0.7201099999999999
0 0.808375 0.401065 0.35063 0.7446699999999999
0 0.81505 0.42586 0.32541999999999993 0.76274
0 0.819125 0.43675 0.31726999999999994 0.81974
0 0.8124549999999999 0.45273 0.33655 0.84986
1 0.42439 0.289385 0.3787999999999999 0.18675
5 0.660305 0.48772 0.57413 0.8660800000000001
5 0.70682 0.26228 0.4292 0.43188
5 0.6073 0.47011000000000003 0.73944 0.89388
5 0.5852499999999999 0.46038 0.7850199999999999 0.8633
5 0.5896950000000001 0.454125 0.7494500000000001 0.8192699999999999
5 0.96757 0.23099999999999998 0.018900000000000028 0.39342
5 0.665675 0.430495 0.62713 0.77201
5 0.987025 0.26552 0.006670000000000065 0.3494
5 0.9457 0.46223000000000003 0.005560000000000009 0.72984
5 0.75222 0.5018549999999999 0.43179999999999996 0.95551
5 0.5163099999999999 0.42400000000000004 0.91104 0.7924
