1 0.041535 0.464215 0.01869 0.02561000000000002
0 0.31434999999999996 0.084095 0.42883999999999994 0.05218999999999999
0 0.200775 0.201055 0.34761000000000003 0.33639
5 0.18239000000000002 0.46808500000000003 0.27404 0.68291
0 0.128285 0.15949 0.15235 0.18366
5 0.043984999999999996 0.278625 0.003370000000000005 0.24986999999999998
3 0.11341499999999999 0.5574950000000001 0.06989 0.12421000000000004
4 0.44171499999999997 0.069595 0.40279 0.034789999999999995
4 0.296265 0.467115 0.46379 0.7312500000000001
5 0.209515 0.189455 0.39083 0.33251000000000003
5 0.059005 0.284185 0.05303 0.24359
5 0.063915 0.20468 0.09717 0.33784
5 0.078935 0.20661000000000002 0.11985000000000001 0.3417
5 0.086135 0.16408 0.14285 0.2721
5 0.088285 0.20782 0.14959 0.34992
5 0.08629 0.24117 0.12966 0.42047999999999996
5 0.098395 0.295785 0.15264999999999998 0.40211
5 0.1125 0.246245 0.16613999999999998 0.33977
5 0.171355 0.274515 0.23235 0.34025
5 0.144835 0.31173 0.20507 0.41854
5 0.20967 0.600995 0.0049000000000000155 0.34943
5 0.0846 0.291435 0.12752 0.47846999999999995
0 0.119395 0.1897 0.22285 0.34266
0 0.12858999999999998 0.26315999999999995 0.24123999999999998 0.49345999999999995
0 0.05993 0.19283999999999998 0.10882 0.35862
0 0.055940000000000004 0.19308 0.1033 0.35716
0 0.07602 0.19670500000000002 0.12506 0.35861
0 0.10085 0.20661 0.18944 0.38036
0 0.14115999999999998 0.46349 0.26392 0.8960400000000001
0 0.10269 0.335175 0.1784 0.6413500000000001
0 0.115565 0.367075 0.21887 0.69741
0 0.122 0.36658500000000005 0.22927999999999998 0.70031
0 0.127975 0.37142 0.24737 0.7177
0 0.10039000000000001 0.39486 0.18484 0.75492
0 0.095025 0.42072 0.17289 0.81244
0 0.08812999999999999 0.42096 0.15786 0.8148599999999999
0 0.09395500000000001 0.46348999999999996 0.16951 0.88832
0 0.10376 0.42869 0.19158 0.8341799999999999
0 0.09624999999999999 0.37287 0.1827 0.71674
0 0.07234 0.36852 0.12752 0.6964400000000001
0 0.06422 0.34943 0.11004 0.6679200000000001
0 0.063605 0.33904 0.10391 0.6452199999999999
0 0.059160000000000004 0.359095 0.10116 0.6795300000000001
0 0.08292000000000001 0.340245 0.13518 0.6302300000000001
0 0.08874499999999999 0.319225 0.15909 0.60171
0 0.04598 0.275245 0.06254 0.27403
0 0.020695 0.19622499999999998 0.022990000000000003 0.35765
0 0.32845 0.078055 0.6287 0.11165
0 0.33412 0.09714 0.629 0.12856
0 0.25258 0.44561 0.48800000000000004 0.84868
0 0.24645499999999998 0.39414 0.47329 0.75154
0 0.25841 0.38785000000000003 0.48247999999999996 0.74284
0 0.13227 0.27476 0.25349999999999995 0.52826
