2 0.913575 0.38086 0.020510000000000028 0.44921999999999995
2 0.9165049999999999 0.43066499999999996 0.006830000000000003 0.72071
2 0.49413999999999997 0.18164 0.91796 0.16016000000000002
2 0.685545 0.05762 0.51953 0.04492
2 0.8374 0.22168 0.05566000000000004 0.1543
2 0.868655 0.263675 0.14940999999999993 0.35547
2 0.7597700000000001 0.362305 0.19922000000000006 0.28711
2 0.696285 0.44628500000000004 0.26366999999999996 0.52539
2 0.62744 0.545895 0.33496 0.7011700000000001
4 0.7143550000000001 0.7334 0.18261000000000005 0.47851999999999995
5 0.90381 0.42040999999999995 0.12597999999999998 0.75878
0 0.5146499999999999 0.25586 0.79102 0.17578
1 0.42627 0.575685 0.5498 0.53809
3 0.27002000000000004 0.74512 0.41894000000000003 0.49414
2 0.519535 0.24902000000000002 0.80469 0.19336
