5 0.40761000000000003 0.12 0.65944 0.10286
0 0.34743999999999997 0.369115 0.58636 0.64623
0 0.36735 0.348285 0.6419400000000001 0.61845
0 0.43102 0.38517 0.652 0.6332
0 0.39426500000000003 0.32159000000000004 0.70101 0.5668
0 0.261895 0.31617 0.47303 0.5680999999999999
0 0.16191 0.250415 0.26780000000000004 0.42445
5 0.1805 0.092005 0.29274 0.10763
0 0.488995 0.471755 0.8992300000000001 0.85323
5 0.46668 0.207885 0.33299999999999996 0.019970000000000016
5 0.48375 0.489985 0.7242 0.03559000000000001
5 0.191445 0.152765 0.07045000000000001 0.10069000000000002
5 0.26058000000000003 0.073995 0.18334 0.02821
5 0.283115 0.14387 0.20917 0.060319999999999985
5 0.40126 0.47978 0.53998 0.7981199999999999
5 0.406735 0.474575 0.68569 0.88145
5 0.5828599999999999 0.48586 0.74564 0.82068
5 0.55682 0.23414000000000001 0.88784 0.15494
5 0.494905 0.04904 0.89529 0.019960000000000006
0 0.50737 0.077685 0.98674 0.09634999999999999
0 0.5086849999999999 0.064665 0.9841099999999999 0.08073
0 0.506935 0.08875 0.98761 0.1341
0 0.50912 0.087665 0.98324 0.11631
0 0.50956 0.07595 0.98236 0.09981999999999999
0 0.506935 0.04427 0.98761 0.05381999999999999
0 0.506935 0.0332 0.98761 0.033420000000000005
0 0.508245 0.03624 0.9849899999999999 0.022139999999999996
0 0.50562 0.12 0.99024 0.21395999999999998
0 0.50497 0.062060000000000004 0.98194 0.08246
0 0.47958999999999996 0.02973 0.93818 0.02648
0 0.375005 0.086145 0.71501 0.13931
0 0.37522999999999995 0.10264 0.7137 0.16188
0 0.506935 0.45635 0.98761 0.88318
0 0.33999999999999997 0.458085 0.6415 0.8623500000000001
