0 0.19827 0.10214500000000001 0.07146000000000002 0.01353
5 0.262365 0.271185 0.37990999999999997 0.44069
2 0.426765 0.15981499999999998 0.75635 0.22643
2 0.467475 0.44943999999999995 0.8113900000000001 0.78196
2 0.25373999999999997 0.26769 0.39358 0.4534
2 0.34837 0.25313 0.55778 0.35076
2 0.14633 0.26665 0.1981 0.45546
2 0.15374 0.253265 0.26280000000000003 0.46793
2 0.228285 0.39836499999999997 0.40755 0.69245
2 0.22937 0.458115 0.40538 0.8118500000000001
2 0.145095 0.31963 0.22549000000000002 0.55408
2 0.19258999999999998 0.095325 0.07518 0.003949999999999995
2 0.09065000000000001 0.49084 0.04844 0.8376199999999999
0 0.0726 0.472275 0.07406000000000001 0.87843
