0 0.14905000000000002 0.231605 0.21956 0.28747
0 0.06471 0.37346 0.03302 0.6013
0 0.02856 0.45945 0.0071400000000000005 0.78834
0 0.42573500000000003 0.5711700000000001 0.75151 1.00174
2 0.10041 0.364045 0.009819999999999995 0.13556999999999997
2 0.281145 0.146245 0.26241000000000003 0.08410999999999999
2 0.409665 0.41487999999999997 0.48375 0.49334
2 0.46411 0.41864999999999997 0.84968 0.48078
2 0.12763 0.38664 0.1553 0.55234
2 0.037934999999999997 0.52535 0.02053 0.5536000000000001
2 0.028115 0.5862350000000001 0.011609999999999999 0.9515300000000001
4 0.5448850000000001 0.776415 0.17939000000000005 0.03891
2 0.32934 0.29813999999999996 0.55872 0.07907999999999998
2 0.239645 0.40484 0.36861 0.31258
2 0.26731 0.561125 0.15975999999999999 0.5598700000000001
2 0.363705 0.48016 0.5381900000000001 0.7845799999999999
5 0.165115 0.109215 0.23027 0.007529999999999995
4 0.19679999999999997 0.25797 0.11692 0.1519
5 0.18609 0.43183 0.14726 0.62264
2 0.22669999999999998 0.18767 0.30346 0.08912
0 0.06114 0.379735 0.08299999999999999 0.6841499999999999
0 0.07854 0.39731 0.10710000000000001 0.72934
0 0.15887 0.2768 0.24634 0.42806
2 0.13477 0.37785 0.08389999999999999 0.50464
2 0.39003 0.54104 0.6658200000000001 0.97162
2 0.417255 0.559875 0.77381 1.03941
2 0.3222 0.65528 0.45875999999999995 1.1097
2 0.46456 0.58184 0.83986 0.75696
5 0.48196 0.39166 0.59264 0.19079999999999997
2 0.442245 0.23537 0.80237 0.38538
2 0.19948000000000002 0.5805849999999999 0.25972 0.9251699999999999
2 0.299885 0.596905 0.45697 0.9578099999999999
2 0.33692999999999995 0.5535950000000001 0.5846 0.9465100000000001
2 0.38556999999999997 0.64963 0.5926400000000001 1.02308
2 0.44046 0.6226400000000001 0.72026 1.07456
2 0.39762 0.21528999999999998 0.73454 0.35526
2 0.37977 0.24102 0.7059799999999999 0.39166
5 0.29096 0.06590499999999999 0.53908 0.05649
5 0.462775 0.1588 0.86485 0.23224
