5 0.482545 0.26332999999999995 0.38669 0.00828000000000001
5 0.40009 0.32842 0.5824600000000001 0.42488000000000004
5 0.28758 0.43316 0.44518 0.7242999999999999
5 0.28636 0.536125 0.47847999999999996 0.77875
5 0.28717000000000004 0.650925 0.31114 0.88525
5 0.134445 0.51364 0.09666999999999999 0.7621800000000001
4 0.466705 0.51009 0.12266999999999995 0.059180000000000066
5 0.16938 0.434935 0.23152 0.74205
1 0.40740499999999996 0.63495 0.57109 1.00952
5 0.292045 0.55033 0.5158499999999999 1.03438
5 0.389125 0.31777 0.7327499999999999 0.5645199999999999
5 0.242085 0.445585 0.43867 0.8296300000000001
5 0.40659 0.33730000000000004 0.76444 0.60832
5 0.34607 0.416005 0.6401399999999999 0.7609899999999999
2 0.262395 0.6402749999999999 0.34931 0.92077
2 0.279455 0.52311 0.50041 0.7905800000000001
2 0.405775 0.1148 0.76281 0.14437999999999998
