6 0.30871000000000004 0.59375 0.16214 0.42188000000000003
1 0.5425 0.5625 0.42008 0.5937600000000001
1 0.38896000000000003 0.518555 0.29316 0.8652299999999999
2 0.271455 0.125485 0.08107 0.04199
2 0.21413 0.12549 0.01555999999999999 0.10644
2 0.33082 0.030765 0.18998 0.02051
2 0.544955 0.10009499999999999 0.68703 0.07129
2 0.407385 0.299805 0.16130999999999995 0.15429
2 0.444235 0.19286999999999999 0.30216999999999994 0.08496000000000001
2 0.5146550000000001 0.13135 0.46921 0.045899999999999996
4 0.5367649999999999 0.46533500000000005 0.03684999999999994 0.34863000000000005
4 0.47535499999999997 0.2959 0.25303000000000003 0.2168
1 0.12365000000000001 0.51172 0.113 0.41406
