2 0.30801 0.28986 0.29622000000000004 0.37102
5 0.50963 0.36204000000000003 0.5725 0.32108000000000003
5 0.582395 0.237065 0.66727 0.29058999999999996
5 0.5355099999999999 0.23776 0.65714 0.38011999999999996
5 0.54698 0.22335 0.7042999999999999 0.37512
5 0.54818 0.297885 0.70716 0.34107
5 0.501865 0.20036500000000002 0.5378700000000001 0.24475000000000002
0 0.54563 0.28712 0.7172999999999999 0.3546
0 0.528015 0.23225 0.6820900000000001 0.39283999999999997
0 0.58204 0.23566 0.6821600000000001 0.30014
0 0.49841 0.18635000000000002 0.54346 0.22854
1 0.522605 0.41163 0.62991 0.41035999999999995
5 0.346765 0.40225999999999995 0.44606999999999997 0.64198
5 0.282785 0.40808 0.4408500000000001 0.6803999999999999
5 0.371205 0.45008 0.36766999999999994 0.60384
5 0.333195 0.44238 0.53087 0.74606
0 0.41856 0.156605 0.43421999999999994 0.26249
0 0.418365 0.178925 0.43699 0.27810999999999997
0 0.43264 0.12047000000000001 0.42452 0.1863
0 0.447485 0.10416 0.42021 0.17370000000000002
5 0.37452 0.155535 0.32906 0.22713
1 0.5293 0.53928 0.5115000000000001 0.67496
4 0.408565 0.6314599999999999 0.29464999999999997 0.30448
