5 0.5724 0.35656 0.47078000000000003 0.09604000000000001
5 0.4218 0.419275 0.6138800000000001 0.55885
5 0.41122000000000003 0.524455 0.49882000000000004 0.64361
5 0.256145 0.39931 0.22941 0.5504399999999999
4 0.46852000000000005 0.31359000000000004 0.1215 0.12674000000000002
5 0.293545 0.31722 0.39325 0.5458999999999999
5 0.42845 0.435 0.73752 0.7918999999999999
5 0.5168900000000001 0.311265 0.77324 0.5157700000000001
5 0.534055 0.32313 0.82441 0.56038
5 0.38387499999999997 0.35794499999999996 0.60823 0.64951
5 0.26453 0.361105 0.40354 0.66167
