0 0.51318359375 0.17578125 0.8662109375 0.0234375
5 0.556640625 0.28564453125 0.54296875 0.0341796875
5 0.48828125 0.51806640625 0.75 0.6181640625
5 0.333984375 0.47119140625 0.54296875 0.8134765625
5 0.19287109375 0.435546875 0.2646484375 0.77734375
4 0.33251953125 0.2626953125 0.2861328125 0.244140625
5 0.34375 0.0908203125 0.5859375 0.080078125
5 0.31591796875 0.091796875 0.6044921875 0.14453125
5 0.33642578125 0.03662109375 0.6142578125 0.0244140625
5 0.49267578125 0.267578125 0.9111328125 0.35546875
5 0.5048828125 0.2529296875 0.955078125 0.373046875
5 0.3720703125 0.33740234375 0.697265625 0.6162109375
5 0.3876953125 0.3505859375 0.736328125 0.654296875
5 0.49755859375 0.345703125 0.9521484375 0.63671875
5 0.3876953125 0.3974609375 0.728515625 0.740234375
5 0.3232421875 0.39111328125 0.583984375 0.7236328125
5 0.3046875 0.41748046875 0.53125 0.7763671875
5 0.3740234375 0.5009765625 0.630859375 0.916015625
5 0.0615234375 0.4140625 0.060546875 0.75
5 0.0283203125 0.33544921875 0.005859375 0.5732421875
5 0.0625 0.3359375 0.015625 0.5625
5 0.099609375 0.30517578125 0.08984375 0.5595703125
5 0.01904296875 0.24560546875 0.0048828125 0.4326171875
5 0.20654296875 0.4306640625 0.3701171875 0.814453125
5 0.1923828125 0.49267578125 0.337890625 0.9345703125
5 0.2158203125 0.4619140625 0.384765625 0.869140625
5 0.0634765625 0.34912109375 0.080078125 0.6552734375
