0 0.77613 0.19439 0.30542 0.19416
0 0.7279450000000001 0.171455 0.40475000000000005 0.25765
0 0.721275 0.189295 0.49519 0.32113
0 0.6395500000000001 0.167745 0.66308 0.25023
0 0.6360250000000001 0.17933500000000002 0.66865 0.31789
0 0.606375 0.20227 0.72201 0.28406
0 0.49277 0.29796 0.9507 0.46246000000000004
0 0.493885 0.319045 0.95737 0.56951
0 0.637695 0.27734000000000003 0.6074900000000001 0.45644
0 0.63473 0.322755 0.6015599999999999 0.5398499999999999
0 0.701075 0.29981500000000005 0.5548500000000001 0.51437
0 0.72165 0.32136 0.48258 0.54078
0 0.68829 0.33202000000000004 0.5404 0.58804
0 0.7600100000000001 0.238185 0.42216 0.36515000000000003
0 0.80708 0.22567500000000001 0.33692 0.36236999999999997
0 0.7774300000000001 0.373725 0.3843599999999999 0.67517
0 0.718495 0.38925000000000004 0.46961 0.68952
0 0.7490749999999999 0.42887000000000003 0.42773000000000005 0.78174
0 0.718125 0.49189 0.25388999999999995 0.83364
0 0.8226450000000001 0.38067500000000004 0.29985000000000006 0.67423
0 0.81412 0.40871 0.32876000000000005 0.7432799999999999
0 0.952555 0.33549500000000004 0.05337000000000003 0.61539
0 0.7361 0.01645 0.4685 0.009739999999999999
7 0.707745 0.53244 0.23016999999999999 0.49398
7 0.6564099999999999 0.3297 0.19791999999999998 0.32762
5 0.50593 0.414275 0.93476 0.75811
0 0.51761 0.40709 0.94848 0.77526
2 0.96627 0.5150600000000001 0.021499999999999964 0.8577400000000001
