0 0.35538 0.24433500000000002 0.64546 0.37317
0 0.349575 0.263955 0.63675 0.44203000000000003
0 0.33597 0.23471 0.60518 0.35688000000000003
0 0.33288999999999996 0.296345 0.57434 0.36613
0 0.29171 0.20306 0.54278 0.3454
0 0.28173000000000004 0.180475 0.50976 0.30023
0 0.27628499999999995 0.20306 0.51049 0.35132
0 0.281005 0.22508499999999998 0.50541 0.37317
0 0.26486 0.198245 0.48327999999999993 0.35651
0 0.258145 0.21823499999999998 0.47421 0.38465
0 0.23311 0.29246 0.40382 0.5168
0 0.284815 0.259695 0.5260900000000001 0.47645
0 0.283725 0.27858 0.52101 0.50236
0 0.24291 0.27691 0.37116 0.29616
0 0.207895 0.194355 0.37805 0.30874999999999997
0 0.21987 0.28024499999999997 0.3933 0.48645
0 0.34649500000000005 0.07626000000000001 0.65525 0.11698
0 0.366085 0.0596 0.70025 0.0807
0 0.13007 0.218975 0.22386 0.39204999999999995
0 0.12227 0.24137 0.1923 0.42944
0 0.12481 0.249515 0.20898 0.46053
0 0.130615 0.25359 0.23221 0.42722
0 0.140415 0.25544 0.24309000000000003 0.40425999999999995
0 0.15166 0.298385 0.26267999999999997 0.56419
0 0.14077499999999998 0.27358 0.24670999999999998 0.50866
0 0.147485 0.28024499999999997 0.26738999999999996 0.50125
0 0.16181500000000001 0.29061 0.27719 0.49534
0 0.18014 0.27432 0.32980000000000004 0.51606
0 0.14259 0.08459 0.22421999999999997 0.11736
0 0.31511 0.04239 0.57942 0.02998
0 0.283 0.027395 0.53116 0.010369999999999997
0 0.279735 0.01092 0.51303 0.006299999999999999
0 0.30622000000000005 0.2162 0.5747 0.38798
0 0.44499500000000003 0.25988 0.84501 0.46646
1 0.16091 0.5503049999999999 0.1063 0.11808999999999997
0 0.388395 0.138275 0.73181 0.21879
5 0.16327 0.321525 0.2859 0.58825
5 0.15202000000000002 0.299865 0.2605 0.56123
0 0.43374999999999997 0.215455 0.8167 0.38649
0 0.463505 0.318005 0.87911 0.6004700000000001
0 0.45896499999999996 0.345585 0.87439 0.62749
5 0.45588 0.33929 0.87838 0.63564
0 0.249075 0.24600000000000002 0.44735 0.37206
0 0.269755 0.249145 0.50323 0.44794999999999996
0 0.26304 0.258955 0.49416000000000004 0.47497
0 0.242725 0.28950000000000004 0.43900999999999996 0.50792
7 0.406355 0.11383499999999999 0.37152999999999997 0.04331
7 0.42486 0.17454999999999998 0.5739799999999999 0.06626000000000001
7 0.25107 0.08533 0.26994 0.052939999999999994
7 0.18141000000000002 0.067565 0.2322 0.041089999999999995
0 0.15873500000000001 0.315045 0.29279 0.6004700000000001
