0 0.20296 0.25262 0.09267999999999998 0.28266
0 0.388675 0.36197999999999997 0.5779700000000001 0.61744
0 0.321825 0.42316 0.47933000000000003 0.6759999999999999
0 0.29891 0.4636 0.37432 0.64124
0 0.2242 0.41211 0.3315 0.70946
5 0.25966 0.30244499999999996 0.25668 0.45000999999999997
5 0.24438 0.08613 0.10140000000000002 0.05792
5 0.47269 0.36152500000000004 0.74704 0.59987
5 0.420025 0.32652499999999995 0.63771 0.55477
5 0.431215 0.09173999999999999 0.50461 0.11996
5 0.41025 0.10357000000000001 0.49570000000000003 0.15722
5 0.46974 0.24765 0.6866599999999999 0.43446
5 0.50318 0.22835 0.77166 0.42179999999999995
5 0.521445 0.244555 0.80839 0.43978999999999996
2 0.48132 0.26771 0.74788 0.47293999999999997
2 0.47173 0.289345 0.75492 0.5147700000000001
2 0.387005 0.36635 0.58275 0.6175400000000001
0 0.21563000000000002 0.200885 0.22310000000000002 0.35555
0 0.23082 0.294905 0.2948 0.46270999999999995
0 0.242115 0.277855 0.32881 0.5127700000000001
0 0.246175 0.28117 0.35237 0.54102
0 0.223985 0.32004 0.29983000000000004 0.5954999999999999
0 0.220915 0.29092 0.27365 0.54056
0 0.23205 0.058685 0.15506000000000003 0.09419
0 0.226165 0.074195 0.15799 0.12253
0 0.432635 0.35701 0.75037 0.68548
0 0.397345 0.379365 0.68183 0.71395
0 0.29964 0.348275 0.48952 0.66679
