3 0.279095 0.71038 0.44107 0.42168000000000005
0 0.933655 0.46988 0.061530000000000085 0.85078
0 0.92309 0.46593999999999997 0.10192000000000001 0.8596
0 0.9255 0.48470500000000005 0.07784000000000002 0.88415
0 0.9127149999999999 0.48262000000000005 0.11675000000000002 0.89666
0 0.84989 0.50672 0.19940000000000002 0.9448599999999999
2 0.84933 0.497915 0.20199999999999996 0.9569099999999999
0 0.9735 0.15314999999999998 0.0018599999999999728 0.23772
0 0.9753499999999999 0.21617 0.0026000000000000467 0.37118
0 0.92865 0.187445 0.07598000000000005 0.29889000000000004
0 0.91345 0.22127 0.09748000000000001 0.36284
0 0.9542250000000001 0.119785 0.03669 0.18211
0 0.9293899999999999 0.148285 0.050779999999999936 0.20389000000000002
0 0.89863 0.06001 0.07079999999999997 0.03382
0 0.89103 0.023864999999999997 0.16754000000000002 0.009729999999999999
0 0.87954 0.044719999999999996 0.20238 0.0431
0 0.921235 0.082485 0.07894999999999996 0.07971
0 0.8385849999999999 0.08827499999999999 0.22053 0.11166999999999999
0 0.85953 0.106115 0.23053999999999997 0.15663000000000002
0 0.856565 0.12002 0.21275 0.17701999999999998
0 0.81801 0.12534499999999998 0.29874 0.17840999999999999
0 0.802075 0.12071499999999999 0.32765 0.17285
0 0.79615 0.133455 0.32172 0.21131
0 0.7859499999999999 0.213625 0.30208 0.20111
0 0.743885 0.178405 0.39659 0.23447
0 0.76353 0.21316 0.4373600000000001 0.37072
0 0.75871 0.2354 0.4232800000000001 0.39296
0 0.7394350000000001 0.22775499999999999 0.45589 0.39805
0 0.72053 0.27873 0.48184000000000005 0.45552
0 0.758895 0.31718999999999997 0.42142999999999997 0.5621
0 0.691625 0.19277 0.58117 0.34106000000000003
0 0.651775 0.22938 0.63269 0.41056
0 0.5869150000000001 0.234475 0.7594500000000001 0.41335
0 0.64585 0.30097 0.64752 0.5407799999999999
0 0.689955 0.331325 0.5504100000000001 0.5773900000000001
0 0.719795 0.06556999999999999 0.4773899999999999 0.05144
0 0.684955 0.07622999999999999 0.54707 0.03568
0 0.7029299999999999 0.069505 0.54522 0.09453
0 0.719055 0.036375 0.51149 0.01159
0 0.722945 0.099165 0.50519 0.12048999999999999
0 0.79318 0.090125 0.35138 0.10796999999999998
0 0.8024450000000001 0.05491 0.29133 0.03754
0 0.797075 0.040545 0.30949000000000004 0.02085
0 0.774645 0.015525 0.37361 0.00417
0 0.49963 0.125815 0.9295800000000001 0.10519000000000002
4 0.440145 0.60936 0.42439000000000004 0.25116000000000005
5 0.57135 0.37279500000000004 0.82024 0.69555
5 0.843955 0.254175 0.24685 0.42493000000000003
5 0.70886 0.49606 0.5215 0.9420799999999999
