4 0.205435 0.5958 0.10744999999999999 0.03478000000000003
0 0.049755 0.261505 0.019390000000000004 0.44623
0 0.062325 0.27802 0.04404999999999999 0.47558
0 0.06807 0.41949 0.04030000000000001 0.5594
0 0.131 0.12637 0.025059999999999985 0.021540000000000017
5 0.47862499999999997 0.280355 0.43390999999999996 0.07405
5 0.423585 0.60392 0.5061500000000001 0.30398
5 0.48638000000000003 0.41187999999999997 0.67946 0.54306
0 0.457655 0.42830999999999997 0.84933 0.74098
0 0.466075 0.463385 0.8774500000000001 0.77665
0 0.45242499999999997 0.500415 0.85317 0.84529
0 0.42773 0.500895 0.8183999999999999 0.9185300000000001
0 0.379205 0.51613 0.68919 0.7849
0 0.303855 0.48249000000000003 0.55077 0.89108
3 0.727035 0.744955 0.48889 0.48541
