0 0.4390289103039288 0.15848007414272475 0.835063009636768 0.25764596848934196
0 0.2852112676056338 0.13067655236329934 0.5096367679762787 0.19833178869323448
0 0.2761304670126019 0.13392029657089896 0.513713862120089 0.23076923076923078
0 0.3995552260934025 0.016218721037998145 0.7635285396590067 0.0046339202965708995
0 0.19162342475908078 0.15291936978683968 0.3446997776130467 0.2613531047265987
0 0.23851000741289843 0.07437442075996292 0.4547813194959229 0.10982391102873029
0 0.2514825796886583 0.07669138090824838 0.471830985915493 0.12187210379981464
1 0.18606375092661231 0.5525949953660797 0.123054114158636 0.36839666357738654
1 0.36582653817642696 0.5159870250231696 0.16827279466271317 0.8966635773864688
1 0.4864714603409933 0.5658016682113067 0.23535952557449957 0.597775718257646
1 0.13510007412898445 0.5530583873957368 0.028539659006671603 0.6519925857275255
5 0.3459970348406227 0.2268303985171455 0.634173461823573 0.381371640407785
5 0.2939214232765011 0.16427247451343838 0.5226093402520385 0.23772011121408715
5 0.24796145292809488 0.0980074142724745 0.43068939955522606 0.013438368860055616
5 0.2755744996293551 0.11723818350324375 0.45181616011860637 0.08619091751621871
5 0.2750185322461082 0.1494439295644115 0.44329132690882134 0.18582020389249304
5 0.3899184581171238 0.0938368860055607 0.7412898443291327 0.14133456904541242
5 0.35730170496664193 0.06997219647822057 0.676056338028169 0.08063021316033364
5 0.22609340252038546 0.19462465245597776 0.41363973313565605 0.3373493975903614
5 0.2335063009636768 0.2034291010194625 0.43439584877687176 0.3586654309545876
5 0.23369162342475908 0.1515291936978684 0.427353595255745 0.2511584800741427
5 0.2422164566345441 0.1436515291936979 0.4503335804299481 0.23540315106580167
4 0.6352853965900667 0.7465245597775718 0.16456634544106752 0.49397590361445776
