3 0.296875 0.594725 0.26563000000000003 0.39648999999999995
1 0.253905 0.566405 0.49219 0.59375
1 0.927735 0.52393 0.04296999999999995 0.34667999999999993
1 0.811035 0.064455 0.006830000000000003 0.04297
1 0.819825 0.373535 0.05957000000000001 0.30567
2 0.789065 0.42383000000000004 0.015630000000000033 0.24610000000000004
2 0.738765 0.37158500000000005 0.3779300000000001 0.47363000000000005
2 0.65625 0.28271500000000005 0.5937399999999999 0.45997000000000005
2 0.7817350000000001 0.21045 0.31543 0.30761999999999995
2 0.794435 0.30615 0.36034999999999995 0.48339999999999994
2 0.563965 0.45654 0.0458900000000001 0.65918
2 0.90332 0.507815 0.009759999999999991 0.21875
2 0.5219750000000001 0.4375 0.55371 0.60938
