4 0.42858 0.207955 0.18498000000000003 0.12710999999999997
5 0.539305 0.469735 0.74861 0.5918699999999999
5 0.388845 0.36683499999999997 0.55711 0.50713
5 0.531635 0.230005 0.93821 0.35279
4 0.53554 0.324035 0.9304 0.40769
0 0.376905 0.264805 0.6530699999999999 0.42067
0 0.51904 0.25270000000000004 0.9633999999999999 0.40682
0 0.517305 0.29356 0.96687 0.5144799999999999
0 0.5113 0.468435 0.95486 0.9005500000000001
0 0.506885 0.450495 0.98771 0.85257
5 0.31633 0.469735 0.5545 0.8408899999999999
5 0.368655 0.47492 0.5740500000000001 0.8270599999999999
5 0.533805 0.237355 0.93387 0.31215
5 0.5112249999999999 0.257455 0.97903 0.39905
5 0.509925 0.24535 0.98163 0.44745999999999997
5 0.51079 0.30955 0.9799 0.52226
0 0.34889499999999996 0.2447 0.67869 0.46174
0 0.44421 0.35084 0.85368 0.6826599999999999
0 0.430965 0.367705 0.8428300000000001 0.6990900000000001
0 0.45919 0.38824 0.8957999999999999 0.75226
0 0.47785999999999995 0.366185 0.93662 0.70471
0 0.47591 0.414825 0.9275000000000001 0.8002499999999999
0 0.468095 0.437305 0.89797 0.8140900000000001
0 0.46071 0.44336 0.89016 0.8504
0 0.42640500000000003 0.422825 0.82155 0.8041499999999999
0 0.47634499999999996 0.468005 0.92837 0.91353
0 0.34325 0.455465 0.6674000000000001 0.8849899999999999
0 0.39775 0.46821999999999997 0.7676999999999999 0.91222
0 0.35802 0.46649 0.68998 0.91914
0 0.506885 0.205575 0.98771 0.35755000000000003
0 0.50732 0.20644 0.9868399999999999 0.37656
0 0.50862 0.21703 0.98424 0.40293999999999996
0 0.506885 0.20903500000000003 0.98771 0.37483
0 0.50775 0.21356999999999998 0.98598 0.3891
0 0.50645 0.30717500000000003 0.98858 0.58841
0 0.50732 0.322955 0.9868399999999999 0.58365
0 0.50558 0.33981500000000003 0.99032 0.64851
0 0.506015 0.360785 0.9894499999999999 0.69217
5 0.5112249999999999 0.39105 0.97903 0.5278799999999999
5 0.48915 0.321445 0.94878 0.59273
5 0.49783499999999997 0.45589999999999997 0.93141 0.8651
5 0.35258999999999996 0.06377 0.6635 0.07737999999999999
5 0.24707 0.11824 0.44204 0.17250000000000001
5 0.30330500000000005 0.08344 0.56667 0.12883999999999998
0 0.23969 0.106785 0.45854 0.18591
