4 0.77012 0.256495 0.11748000000000003 0.06869
6 0.451895 0.6581049999999999 0.62257 0.42389
0 0.51642 0.35767499999999997 0.821 0.50743
0 0.50185 0.13088 0.72618 0.0625
6 0.45930000000000004 0.0789 0.20073999999999997 0.04270000000000001
6 0.79787 0.09375 0.11377999999999999 0.05260000000000001
6 0.48705 0.53218 0.5263599999999999 0.74258
4 0.903565 0.56807 0.04948999999999992 0.52722
4 0.7201649999999999 0.113555 0.10083000000000009 0.04765
2 0.72872 0.277845 0.45930000000000004 0.45172999999999996
1 0.4926 0.13923 0.6817799999999999 0.09282
