0 0.352112676056338 0.21848934198331788 0.4077094143810229 0.2349397590361446
0 0.23980726464047442 0.12233549582947173 0.396590066716086 0.16682113067655235
0 0.24499629355077834 0.07576459684893419 0.20533728687916974 0.02363299351251158
0 0.1365826538176427 0.0808619091751622 0.20941438102298 0.10055607043558851
0 0.12713120830244626 0.23076923076923075 0.13565604151223126 0.3614457831325301
5 0.42234988880652335 0.0690454124189064 0.7750185322461083 0.04911955514365152
5 0.44940696812453673 0.18211306765523633 0.7757598220904374 0.1195551436515292
0 0.4859154929577465 0.10310472659870251 0.7583395107487028 0.032900834105653365
0 0.46645663454410674 0.16241890639481 0.8098591549295774 0.08572752548656161
5 0.47942920681986656 0.27432808155699717 0.8417346182357301 0.28915662650602414
5 0.46849518161601184 0.3310936051899907 0.8747220163083765 0.5528266913809082
0 0.47850259451445515 0.30074142724745134 0.9095626389918458 0.516218721037998
0 0.34099332839140106 0.037998146431881374 0.5663454410674573 0.024096385542168672
0 0.3951074870274277 0.0433271547729379 0.6182357301704966 0.0227062094531974
0 0.3741660489251297 0.056997219647822055 0.6964418087472202 0.0546802594995366
0 0.36527057079318015 0.0866543095458758 0.6727205337286879 0.08063021316033364
0 0.3863973313565604 0.07854494902687673 0.7149740548554484 0.09592215013901761
5 0.2926241660489251 0.05375347544022242 0.48888065233506295 0.018535681186283598
0 0.29799851742031136 0.03591288229842447 0.5515196441808747 0.003243744207599625
0 0.2633432171979244 0.041473586654309544 0.42438843587842845 0.021779425393883223
0 0.15103780578206077 0.24374420759962928 0.25908080059303185 0.3985171455050973
0 0.2544477390659748 0.303985171455051 0.4510748702742772 0.5115848007414272
0 0.27594514455151964 0.25393883225208524 0.49703484062268344 0.4596848934198332
5 0.21163825055596736 0.47335495829471735 0.35507783543365457 0.8781278962001854
5 0.20737583395107487 0.49096385542168675 0.34210526315789475 0.9207599629286376
0 0.16048925129725722 0.30954587581093607 0.24091919940696815 0.44114921223354964
0 0.1554855448480356 0.3183503243744208 0.2590808005930319 0.5588507877664504
0 0.14065974796145295 0.3616774791473587 0.2234988880652335 0.5732159406858202
0 0.15882134914751667 0.12882298424467098 0.2568569310600445 0.18350324374420757
0 0.16048925129725725 0.14341983317886933 0.2853965900667161 0.2330861909175162
0 0.1771682727946627 0.14017608897126968 0.3217197924388436 0.21918443002780352
0 0.1849518161601186 0.12233549582947173 0.33135656041512235 0.19647822057460612
0 0.14381022979985175 0.060240963855421686 0.22535211267605637 0.06858202038924929
4 0.2920681986656783 0.24675625579240038 0.4833209785025946 0.40268767377201115
5 0.15474425500370645 0.5472659870250232 0.10118606375092659 0.293790546802595
5 0.33487768717568567 0.5345227062094532 0.1108228317272053 0.7817423540315107
5 0.25277983691623424 0.10634847080630214 0.2238695329873981 0.06348470806302131
5 0.5396590066716086 0.4798424467099166 0.6553002223869533 0.31371640407784973
5 0.5392883617494441 0.5915199258572752 0.7524091919940696 0.42493049119555154
5 0.227761304670126 0.4140407784986098 0.2049666419570052 0.6260426320667284
5 0.3791697553743514 0.33897126969416125 0.6990363232023722 0.5945319740500463
0 0.3081912527798369 0.33503243744207595 0.5437361008154188 0.6070435588507878
0 0.28206078576723503 0.32344763670064874 0.5344699777613047 0.6061167747914736
0 0.30096367679762787 0.31533827618164967 0.5574499629355077 0.5843373493975903
0 0.3472942920681987 0.18697868396663578 0.6708673091178651 0.3276181649675625
0 0.18383988139362492 0.17122335495829472 0.32320237212750186 0.2961075069508804
