2 0.404645 0.27344 0.42516999999999994 0.33594
2 0.445685 0.30468999999999996 0.48754999999999993 0.39843999999999996
2 0.38167 0.31543000000000004 0.37263999999999997 0.4121
2 0.41449499999999995 0.38183500000000004 0.38248999999999994 0.53711
2 0.319695 0.35156499999999996 0.26510999999999996 0.57031
2 0.3238 0.302245 0.25034 0.41308999999999996
2 0.318875 0.24414 0.14199 0.30078
2 0.287275 0.433105 0.13788999999999998 0.31543
2 0.26594 0.461915 0.0 0.68945
2 0.200275 0.46972500000000006 0.21669 0.54101
2 0.12927000000000002 0.359375 0.29302 0.6328100000000001
2 0.138305 0.26416 0.19945 0.43848
2 0.326265 0.41162 0.26511 0.6552800000000001
2 0.33693 0.44385 0.31599999999999995 0.72754
2 0.23843999999999999 0.50586 0.08618 0.94922
2 0.16867000000000001 0.47802500000000003 0.10096000000000001 0.84277
2 0.533105 0.36963 0.51135 0.45409999999999995
4 0.57619 0.46533500000000005 0.33160000000000006 0.29199
4 0.19001 0.32129 0.03694 0.09179999999999999
2 0.52202 0.538575 0.53844 0.64355
2 0.27866 0.413575 0.18960000000000002 0.72949
2 0.24869999999999998 0.50098 0.14609999999999998 0.9550799999999999
2 0.276605 0.504395 0.18220999999999998 0.95801
2 0.159645 0.45654500000000003 0.17482999999999999 0.79981
