6 0.657715 0.549315 0.22559000000000007 0.29784999999999995
0 0.75781 0.28516 0.39061999999999997 0.47656000000000004
2 0.811035 0.19775500000000001 0.31153 0.30567
2 0.782225 0.32128999999999996 0.3496100000000001 0.56446
2 0.7915000000000001 0.188475 0.33496000000000004 0.29883000000000004
2 0.71582 0.228515 0.47459999999999997 0.39453
5 0.7207 0.176265 0.51172 0.30957
5 0.613285 0.111815 0.74219 0.18847000000000003
2 0.8540049999999999 0.055175 0.25683 0.08301
1 0.856935 0.534665 0.09277000000000002 0.37793
5 0.956545 0.203615 0.05957000000000001 0.37207
2 0.59131 0.34912000000000004 0.7822199999999999 0.66308
2 0.5581050000000001 0.126465 0.85645 0.21777000000000002
