2 0.490245 0.07513 0.77679 0.009279999999999997
2 0.108315 0.07003 0.022629999999999997 0.017619999999999997
2 0.46801000000000004 0.44755 0.52864 0.6984600000000001
2 0.23199 0.431315 0.15358 0.79585
2 0.44376499999999997 0.320475 0.83579 0.57787
2 0.06709 0.12986 0.09537999999999999 0.22261999999999998
2 0.24573 0.11826500000000001 0.45912 0.19571
2 0.22713499999999998 0.127075 0.41547 0.21705
2 0.21663 0.40719999999999995 0.39446000000000003 0.76988
2 0.25583 0.255545 0.47609999999999997 0.46285000000000004
2 0.096595 0.25276499999999996 0.17055 0.47955
2 0.151155 0.400245 0.24411 0.75225
2 0.13499 0.119195 0.23764 0.21241
