2 0.29052 0.209425 0.46463999999999994 0.29941
2 0.38908000000000004 0.13477499999999998 0.58668 0.10815
2 0.321965 0.241705 0.5012500000000001 0.37043000000000004
2 0.301785 0.35953 0.50219 0.58026
2 0.23232 0.329675 0.37828 0.52699
2 0.20651 0.41562 0.22527999999999998 0.55362
2 0.21402 0.27681500000000003 0.06758 0.008069999999999966
2 0.24780999999999997 0.15495 0.03753999999999999 0.08394000000000001
2 0.30366 0.190865 0.34074000000000004 0.12025
2 0.49656 0.25622999999999996 0.7603200000000001 0.23162
2 0.393305 0.222335 0.66645 0.36397
2 0.40879499999999996 0.20055 0.74625 0.33330000000000004
2 0.436955 0.271165 0.6899299999999999 0.40029000000000003
2 0.39002 0.33169 0.61108 0.34702
2 0.455725 0.376885 0.77253 0.54071
2 0.47074499999999997 0.28206000000000003 0.79505 0.47050000000000003
2 0.215425 0.23323500000000003 0.37453 0.36317
2 0.18867499999999998 0.30627000000000004 0.28723 0.49956000000000006
2 0.214485 0.008069999999999999 0.35013 0.0032199999999999998
2 0.083075 0.250985 0.10983 0.44387
2 0.13986 0.25664 0.24218 0.46808
2 0.15769999999999998 0.25381 0.28536 0.46566
2 0.13657999999999998 0.30304 0.23936 0.55766
2 0.187735 0.324025 0.32291 0.5867100000000001
2 0.265645 0.07788 0.44869 0.008879999999999999
2 0.08354500000000001 0.03672 0.07697 0.0008000000000000021
2 0.17647000000000002 0.22758499999999998 0.19524 0.35187
2 0.018305000000000002 0.203375 0.004690000000000003 0.35508999999999996
2 0.32525 0.39141 0.57166 0.71826
