4 0.603075 0.55051 0.21953 0.6191
4 0.528825 0.1652 0.63645 0.09036000000000001
5 0.105125 0.16103 0.13743 0.23864
5 0.109405 0.18489 0.10031000000000001 0.2734
5 0.108695 0.23448000000000002 0.14598999999999998 0.37998
5 0.134575 0.19092 0.17204999999999998 0.24838
5 0.147065 0.16589500000000001 0.23987000000000003 0.23541
5 0.16152 0.196245 0.23738 0.27942999999999996
5 0.165985 0.19648 0.27485000000000004 0.3114
5 0.201855 0.20204 0.27807000000000004 0.25949999999999995
5 0.139035 0.10009 0.21667 0.12233999999999998
5 0.15117 0.10680999999999999 0.23093999999999998 0.14504
5 0.16259 0.12187500000000001 0.25808 0.14365
5 0.20364500000000002 0.129055 0.33875 0.16729
5 0.159025 0.029425 0.22666999999999998 0.013429999999999997
5 0.24951 0.093375 0.29628 0.04865
5 0.26182500000000003 0.25556 0.14813 0.03476000000000001
5 0.24469 0.417055 0.37657999999999997 0.7414299999999999
5 0.23452 0.43443 0.37051999999999996 0.7965800000000001
5 0.16188000000000002 0.506255 0.056760000000000005 0.94023
5 0.23398 0.28614500000000004 0.38230000000000003 0.50741
5 0.21434999999999998 0.30051 0.37158 0.5435599999999999
5 0.23630500000000002 0.302365 0.40265 0.5472699999999999
5 0.25808 0.31001 0.42906 0.5273399999999999
5 0.273605 0.30235999999999996 0.45155 0.49166
5 0.28270500000000004 0.32669000000000004 0.46975000000000006 0.57182
5 0.29806 0.376505 0.48760000000000003 0.6621900000000001
5 0.32929 0.45111500000000004 0.50724 0.79657
5 0.278245 0.49027000000000004 0.40371 0.89156
5 0.28698999999999997 0.23702499999999999 0.49688 0.39805
5 0.334285 0.271315 0.5686300000000001 0.43327
5 0.35945 0.26320499999999997 0.6189600000000001 0.34476999999999997
5 0.33304 0.10496 0.57612 0.14134000000000002
5 0.31626499999999996 0.129055 0.58255 0.19695000000000001
5 0.33036 0.13021 0.60504 0.20482
5 0.267535 0.127895 0.47653 0.16311
5 0.26664 0.113765 0.45476 0.12929000000000002
5 0.27075 0.16149 0.38444 0.03567999999999999
5 0.27432 0.139245 0.5100800000000001 0.21733
5 0.23345 0.500925 0.33982 0.92401
1 0.186865 0.46687 0.09887000000000001 0.3063
5 0.34035499999999996 0.191845 0.59219 0.29471
5 0.26825 0.224515 0.46368000000000004 0.40639
5 0.27753 0.17725000000000002 0.5008 0.31928
5 0.183835 0.219645 0.28485 0.36515000000000003
0 0.11707999999999999 0.1703 0.18562 0.28684
0 0.121185 0.17006500000000002 0.20097 0.28823
0 0.09727000000000001 0.21965 0.14884 0.40222
0 0.159915 0.18721000000000002 0.27985 0.33364
0 0.14564000000000002 0.17748 0.25272 0.31417999999999996
0 0.1949 0.11191 0.35838 0.1923
0 0.17098 0.21107499999999998 0.29912 0.38323
0 0.32089999999999996 0.09847 0.61182 0.15802
0 0.31215499999999996 0.097775 0.59575 0.16588999999999998
0 0.313225 0.12256500000000001 0.59219 0.20621
0 0.323755 0.123955 0.6132500000000001 0.22011
0 0.292345 0.36515000000000003 0.51045 0.68582
0 0.28413499999999997 0.36284 0.49687 0.6886
0 0.23916 0.404545 0.39836 0.77201
0 0.232375 0.40732 0.38622999999999996 0.77016
0 0.22988 0.42400000000000004 0.37266000000000005 0.82206
0 0.31269500000000006 0.43304 0.54257 0.84198
0 0.3068 0.43721000000000004 0.5293599999999999 0.8355
0 0.420135 0.45806 0.74033 0.88832
0 0.38426 0.44022 0.68142 0.8544999999999999
0 0.36802 0.44648 0.65466 0.86144
0 0.182045 0.057460000000000004 0.34267000000000003 0.09268
5 0.075135 0.191615 0.06461 0.29611000000000004
