5 0.934585 0.12813 0.010750000000000037 0.05792000000000001
5 0.6714249999999999 0.23354999999999998 0.026309999999999945 0.10379999999999998
5 0.7564850000000001 0.27039 0.23203000000000007 0.35356
5 0.68773 0.231465 0.46886 0.25347000000000003
0 0.91957 0.34592 0.09562000000000004 0.5787800000000001
0 0.7718700000000001 0.352875 0.37176 0.53337
0 0.72739 0.315805 0.38362000000000007 0.5556099999999999
0 0.66327 0.235635 0.62454 0.39899
0 0.69329 0.253475 0.46368 0.38090999999999997
0 0.81857 0.07368 0.26946000000000003 0.04542
5 0.63695 0.268995 0.6593800000000001 0.46571
5 0.68291 0.312095 0.5555999999999999 0.5630299999999999
0 0.708485 0.39226 0.5192699999999999 0.6529200000000001
0 0.708855 0.42169 0.5303899999999999 0.78406
3 0.92142 0.244205 0.023719999999999963 0.22521000000000002
5 0.6908799999999999 0.230765 0.57672 0.39481
5 0.677355 0.243515 0.5874699999999999 0.43327
5 0.71479 0.32924000000000003 0.47406 0.57506
0 0.836175 0.24583000000000002 0.30984999999999996 0.46386
0 0.78076 0.22405 0.40734000000000004 0.40918000000000004
0 0.79225 0.237025 0.39622 0.44995
0 0.803375 0.21894999999999998 0.37695 0.41752
0 0.8754649999999999 0.198565 0.22238999999999998 0.37303
0 0.874905 0.24767999999999998 0.21905000000000008 0.45644
0 0.864345 0.253245 0.22387 0.36005
0 0.9245749999999999 0.241425 0.12861 0.40501
0 0.890105 0.259735 0.12639 0.31001
0 0.9116 0.183965 0.15160000000000007 0.33457000000000003
0 0.874165 0.17121999999999998 0.18791000000000002 0.2924
0 0.877685 0.16103 0.23277000000000003 0.29796
0 0.9002950000000001 0.169835 0.16383000000000003 0.29333
0 0.9154899999999999 0.14735499999999999 0.15122000000000002 0.26877
0 0.727575 0.185125 0.53003 0.33503
0 0.719605 0.18396500000000002 0.5415099999999999 0.34569
0 0.68495 0.18442999999999998 0.6123 0.34292
0 0.6512249999999999 0.258805 0.68569 0.49351
0 0.69811 0.30167 0.59636 0.5848
0 0.8524849999999999 0.13391999999999998 0.25945000000000007 0.24189999999999998
0 0.8250550000000001 0.14504 0.32913000000000003 0.26414000000000004
0 0.82543 0.12604 0.33431999999999995 0.22984000000000002
0 0.79707 0.175625 0.38361999999999996 0.32531000000000004
0 0.8059700000000001 0.15663 0.37176 0.29472
0 0.815045 0.160105 0.35211000000000003 0.29611
0 0.7954049999999999 0.15686 0.39437 0.28962
0 0.781315 0.152455 0.41957 0.29008999999999996
0 0.762975 0.146895 0.4488500000000001 0.26785000000000003
0 0.894555 0.23911000000000002 0.19459000000000004 0.45598
0 0.87213 0.13207 0.24092000000000002 0.24559999999999998
0 0.8828750000000001 0.14319 0.21053 0.25672
0 0.87546 0.1462 0.23127999999999993 0.27202000000000004
0 0.8663799999999999 0.07669 0.25686 0.12558
0 0.62583 0.416125 0.72906 0.80631
1 0.45793000000000006 0.57252 0.28206000000000003 0.55376
5 0.876205 0.25579 0.18829000000000007 0.45598
5 0.6819850000000001 0.208985 0.58265 0.34013
