5 0.739745 0.21924 0.2587900000000001 0.028319999999999984
5 0.66699 0.54297 0.20508000000000004 0.41406
2 0.479495 0.28125 0.8144499999999999 0.0625
2 0.6040000000000001 0.28613 0.64746 0.10741999999999999
2 0.51416 0.42041 0.7958999999999999 0.32910000000000006
2 0.79248 0.56836 0.13573999999999997 0.5820400000000001
5 0.87207 0.36768 0.18554000000000004 0.6533199999999999
0 0.9082 0.11133 0.05078000000000005 0.011720000000000008
0 0.9043 0.17529 0.011719999999999953 0.07324
0 0.819825 0.37988000000000005 0.31738999999999995 0.7207
0 0.569335 0.29346 0.83789 0.52832
0 0.523435 0.12304999999999999 0.90625 0.19922
5 0.967285 0.11718500000000001 0.006830000000000003 0.15625
5 0.90039 0.045899999999999996 0.13671999999999995 0.0293
5 0.85986 0.05957 0.18262 0.017580000000000005
2 0.645995 0.226565 0.64941 0.39063
2 0.59619 0.09961 0.74902 0.12890000000000001
