4 0.7775350000000001 0.415945 0.26103 0.07305
0 0.161135 0.124305 0.19609000000000004 0.15572999999999998
0 0.433305 0.11326 0.48805 0.04078
0 0.350725 0.11071 0.6272300000000001 0.1648
0 0.12031 0.058895 0.07484 0.02719
0 0.277115 0.025485 0.49485 0.010190000000000001
0 0.28979499999999997 0.044735 0.51279 0.026049999999999997
0 0.338355 0.034825 0.58269 0.013030000000000003
0 0.372065 0.049555 0.65259 0.03341
0 0.39959 0.043605 0.71506 0.032850000000000004
0 0.409485 0.051815 0.74475 0.060590000000000005
0 0.436395 0.08466 0.77135 0.003959999999999991
0 0.49485 0.092025 0.73238 0.08665
0 0.41258500000000004 0.10618 0.76083 0.16026
0 0.43794 0.10703 0.8264 0.16422
0 0.44258000000000003 0.122035 0.8233 0.18745
0 0.45927999999999997 0.10504999999999999 0.85176 0.158
0 0.46423000000000003 0.12147 0.8666 0.18178
0 0.484645 0.138175 0.89259 0.16309
0 0.50815 0.126 0.9297 0.15460000000000002
0 0.028145 0.3865 0.010509999999999999 0.65294
0 0.26722 0.55214 0.21774 1.0000799999999999
0 0.10824500000000001 0.50429 0.09773 0.9293
0 0.10732 0.5603549999999999 0.13794 1.05049
0 0.09959 0.5688500000000001 0.1398 1.07654
0 0.22763 0.40037 0.37607999999999997 0.73732
2 0.34237 0.28824500000000003 0.39526000000000006 0.38169000000000003
2 0.246805 0.31203 0.41939000000000004 0.54252
2 0.53011 0.49636 0.86722 0.71864
2 0.514725 0.36781 0.9725499999999999 0.68352
2 0.5512199999999999 0.41255000000000003 0.8995599999999999 0.70958
2 0.5246249999999999 0.515615 0.9527499999999999 0.90211
2 0.528335 0.51307 0.9453299999999999 0.95818
2 0.6031799999999999 0.58782 0.7956399999999999 1.01254
2 0.390005 0.5269400000000001 0.69341 0.9972600000000001
2 0.45248 0.5648799999999999 0.82826 1.0822
2 0.31856 0.570545 0.57774 1.09805
2 0.265675 0.5283599999999999 0.45959 0.98876
2 0.27371 0.5578050000000001 0.19856 0.9932900000000001
2 0.13422499999999998 0.5728099999999999 0.15958999999999998 1.09806
0 0.021650000000000003 0.42416000000000004 0.01114 0.71694
0 0.12 0.432655 0.18062 0.7203299999999999
0 0.092475 0.43945 0.09340999999999999 0.7928200000000001
1 0.21433 0.37856999999999996 0.13794 0.29278
1 0.45371500000000003 0.133645 0.48433000000000004 0.004530000000000006
6 0.20784000000000002 0.52609 0.12866000000000002 0.48135999999999995
