2 0.9043 0.512695 0.08983999999999992 0.90821
2 0.9692350000000001 0.17334 0.020509999999999917 0.17872
7 0.5918 0.719235 0.26171999999999995 0.40137
7 0.666015 0.23633 0.43359 0.30078
7 0.638185 0.186525 0.39941000000000004 0.20116999999999996
7 0.44823999999999997 0.14502 0.35352 0.0048799999999999955
7 0.583495 0.1792 0.6962900000000001 0.21386
7 0.47265999999999997 0.26807000000000003 0.8125 0.22754000000000002
7 0.470215 0.42577999999999994 0.80567 0.29688
7 0.4707 0.54199 0.55078 0.7324200000000001
0 0.50098 0.426755 0.94336 0.77539
