4 0.41328 0.289355 0.17656 0.19166999999999998
4 0.559375 0.64375 0.68333 0.08564000000000005
0 0.672525 0.1956 0.58515 0.28193999999999997
0 0.634505 0.21597000000000002 0.6945300000000001 0.38194
0 0.902865 0.28542 0.14842999999999995 0.5060199999999999
0 0.8772150000000001 0.27314499999999997 0.20702999999999994 0.47963
0 0.869405 0.27685 0.23099000000000003 0.47222
0 0.678255 0.383565 0.50911 0.60231
0 0.69479 0.39676 0.5604199999999999 0.7342599999999999
0 0.6716150000000001 0.447685 0.56093 0.79907
0 0.66211 0.46134 0.62266 0.80972
0 0.673175 0.47824500000000003 0.58281 0.88611
0 0.66784 0.472685 0.63412 0.88981
0 0.7291700000000001 0.425235 0.49792000000000003 0.72639
0 0.73828 0.38843 0.48386 0.68426
0 0.7510399999999999 0.35463 0.46041999999999994 0.62408
0 0.75651 0.33171500000000004 0.44531999999999994 0.59861
0 0.7681 0.324075 0.38359999999999994 0.47407
0 0.76354 0.5078699999999999 0.4125000000000001 0.92314
0 0.63112 0.36851999999999996 0.70546 0.63334
0 0.623435 0.397685 0.71563 0.70277
0 0.61211 0.42546 0.75182 0.80648
0 0.7806 0.1419 0.41484 0.24120000000000003
0 0.784375 0.12292 0.40625 0.19954
1 0.778125 0.535185 0.14790999999999999 0.43703000000000003
1 0.703515 0.43379500000000004 0.3085899999999999 0.31945000000000007
0 0.6401049999999999 0.29444499999999996 0.64271 0.47406999999999994
