0 0.42429 0.33931 0.6365999999999999 0.46404
0 0.56844 0.17939 0.7419 0.19272
0 0.422775 0.09653999999999999 0.46807 0.10129999999999999
0 0.49376 0.48860000000000003 0.8497399999999999 0.82612
0 0.35864 0.48157500000000003 0.662 0.86933
0 0.525125 0.384965 0.90335 0.61137
2 0.402215 0.48632000000000003 0.7095899999999999 0.89986
2 0.498595 0.24368499999999998 0.7137499999999999 0.41325
0 0.11299000000000001 0.36384 0.13376 0.64948
4 0.446905 0.617175 0.26585 0.12675000000000003
0 0.412165 0.461565 0.6565300000000001 0.8054699999999999
