5 0.237235 0.16724 0.10271000000000002 0.12613999999999997
5 0.26678 0.18162 0.17872000000000002 0.243
5 0.29341 0.24872 0.25939999999999996 0.30928
1 0.165515 0.26331499999999997 0.05260999999999999 0.12013000000000001
1 0.28472 0.51302 0.19563999999999998 0.32362
0 0.140765 0.27918 0.10848999999999999 0.44497999999999993
0 0.145855 0.310265 0.13077 0.49885
0 0.15165 0.347875 0.16699999999999998 0.57557
0 0.136675 0.36456 0.17435 0.6235200000000001
0 0.23391499999999998 0.04486 0.08710999999999999 0.029959999999999997
0 0.25607 0.03839 0.11928 0.04443999999999999
0 0.27853 0.090275 0.15125999999999998 0.07673
0 0.318515 0.067455 0.24653 0.09039
0 0.28824 0.098115 0.24153999999999998 0.13035
0 0.37705500000000003 0.21703 0.48843 0.36678
0 0.37973 0.25200500000000003 0.516 0.41111000000000003
0 0.42600499999999997 0.25192 0.56471 0.40902
0 0.41548999999999997 0.3314 0.64684 0.58974
0 0.517795 0.326665 0.8190900000000001 0.5867899999999999
0 0.42691999999999997 0.16072999999999998 0.40709999999999996 0.17194
5 0.36225999999999997 0.17606 0.39312 0.26434
4 0.514245 0.59405 0.64901 0.41224000000000005
5 0.24237999999999998 0.125605 0.08147999999999997 0.04512999999999999
0 0.22283999999999998 0.057555 0.10091999999999998 0.08375
0 0.21304499999999998 0.13745 0.13753 0.2238
0 0.22675499999999998 0.128725 0.15383 0.20396999999999998
0 0.25387499999999996 0.199875 0.26250999999999997 0.34313
0 0.265305 0.219575 0.28520999999999996 0.33583
0 0.275225 0.215045 0.31516999999999995 0.36909000000000003
0 0.2744 0.2198 0.33586 0.40586
0 0.28177 0.224505 0.34422 0.39857
0 0.461755 0.27918 0.70427 0.52234
0 0.409715 0.102685 0.45126999999999995 0.16269
0 0.42267 0.0876 0.45843999999999996 0.14928
0 0.40158 0.078815 0.4282 0.13349
0 0.40981 0.13073 0.4515 0.18926
0 0.305395 0.05614 0.21163 0.07284
0 0.297335 0.111895 0.26328999999999997 0.18789
0 0.31281000000000003 0.10669000000000001 0.27804 0.15224
0 0.19821999999999998 0.212435 0.181 0.38069000000000003
0 0.19233 0.113565 0.08907999999999999 0.18383
0 0.2309 0.0621 0.11919999999999997 0.09422
5 0.27105999999999997 0.18963 0.2393 0.29122
5 0.38128 0.19274 0.4772200000000001 0.332
5 0.426315 0.1585 0.42977 0.17612
5 0.329375 0.28458500000000003 0.46992999999999996 0.52323
5 0.36792 0.07131499999999999 0.34774 0.11356999999999999
5 0.5553 0.24574000000000001 0.82438 0.44316
5 0.22113500000000003 0.10526999999999999 0.11183000000000001 0.15228
5 0.211125 0.106795 0.08957000000000004 0.15205000000000002
5 0.21330000000000002 0.08965499999999998 0.08632000000000001 0.11528999999999999
5 0.43593 0.44853 0.78198 0.8210999999999999
