5 0.45849609375 0.20263671875 0.4521484375 0.2138671875
5 0.5810546875 0.208984375 0.466796875 0.03515625
5 0.55126953125 0.3232421875 0.6220703125 0.271484375
5 0.37109375 0.46875 0.5 0.53125
5 0.34130859375 0.53857421875 0.4287109375 0.7529296875
5 0.13818359375 0.41015625 0.1474609375 0.671875
4 0.54052734375 0.46044921875 0.2119140625 0.1767578125
5 0.18994140625 0.3466796875 0.3134765625 0.638671875
5 0.16455078125 0.4130859375 0.2705078125 0.771484375
5 0.259765625 0.35107421875 0.48828125 0.6748046875
5 0.36865234375 0.4658203125 0.6396484375 0.861328125
5 0.080078125 0.251953125 0.10546875 0.44140625
5 0.3154296875 0.07275390625 0.505859375 0.0244140625
0 0.48681640625 0.08251953125 0.9306640625 0.1220703125
