2 0.15957500000000002 0.147335 0.18123000000000003 0.15681
2 0.11891 0.11459 0.06454000000000001 0.012060000000000001
2 0.20555 0.08659 0.25195999999999996 0.023260000000000003
2 0.06321 0.272695 0.01856 0.10081000000000001
2 0.13394 0.307585 0.05216 0.41528999999999994
5 0.48225999999999997 0.29035500000000003 0.39518 0.11545
2 0.43319 0.45104 0.5269 0.76078
2 0.42700499999999997 0.40624 0.71963 0.6298199999999999
2 0.12420999999999999 0.471715 0.07337999999999999 0.6573899999999999
0 0.2524 0.22229 0.43762 0.38254
0 0.26434 0.192995 0.50038 0.35152999999999995
0 0.28290000000000004 0.17791500000000002 0.53044 0.33171
0 0.280695 0.20764000000000002 0.48005 0.38082
0 0.318705 0.24038500000000002 0.5843700000000001 0.45319
2 0.24356 0.24943 0.40578000000000003 0.4127
2 0.259915 0.2266 0.42789 0.37048
2 0.2913 0.225305 0.4659 0.29553
2 0.29086 0.24426 0.53928 0.38858
2 0.32400999999999996 0.253305 0.56668 0.41011
5 0.281135 0.12536 0.46325 0.0008600000000000135
3 0.37794000000000005 0.65696 0.24488000000000004 0.43338000000000004
2 0.46281 0.21151999999999999 0.82306 0.1301
2 0.447335 0.26149 0.76737 0.15422000000000002
2 0.43761500000000003 0.23348999999999998 0.81865 0.41874
2 0.42656 0.24942999999999999 0.78594 0.45406
0 0.205545 0.4239 0.34391 0.7995599999999999
5 0.031385 0.28605 0.016790000000000003 0.53074
5 0.1914 0.38599 0.32976 0.7237399999999999
2 0.40888 0.1189 0.67984 0.16198
2 0.39518 0.134835 0.6772 0.21109
2 0.327545 0.11459 0.58083 0.18094
2 0.2135 0.1637 0.33152 0.21712
