0 0.63379 0.237305 0.50586 0.28711
0 0.632325 0.28955 0.41895 0.41114
0 0.5825199999999999 0.059085 0.72168 0.002930000000000002
0 0.90625 0.23193 0.05468000000000006 0.0791
0 0.9213899999999999 0.46191499999999996 0.03417999999999999 0.33788999999999997
3 0.438965 0.5512699999999999 0.19628999999999996 0.66894
3 0.44287000000000004 0.46631 0.59472 0.40528000000000003
3 0.70459 0.540525 0.11815999999999993 0.71777
2 0.59082 0.05078 0.74804 0.023440000000000003
2 0.91211 0.06885 0.0039000000000000146 0.040040000000000006
2 0.967285 0.075195 0.006830000000000003 0.08007
0 0.8432649999999999 0.04541 0.24707 0.040040000000000006
0 0.8950199999999999 0.01709 0.15136000000000005 0.00878
0 0.70801 0.203125 0.5293 0.36719
0 0.7519549999999999 0.280765 0.44140999999999997 0.50293
2 0.96875 0.171875 0.007819999999999938 0.30469
0 0.956545 0.42383 0.026370000000000005 0.36327999999999994
0 0.9082049999999999 0.267575 0.12890999999999997 0.45703
