0 0.8549800000000001 0.39795 0.14550000000000007 0.542
4 0.390625 0.578125 0.04686999999999997 0.28125
0 0.96289 0.240235 0.03515999999999997 0.43359
0 0.916015 0.27831999999999996 0.14453000000000005 0.5254
0 0.90625 0.28564 0.15626000000000007 0.5283199999999999
0 0.811525 0.279295 0.31445 0.5195299999999999
0 0.80371 0.37695 0.25976 0.69922
0 0.8549800000000001 0.37451 0.23143999999999998 0.7060599999999999
0 0.830565 0.395995 0.28808999999999996 0.7490300000000001
0 0.845705 0.39648500000000003 0.27735 0.75391
0 0.8085899999999999 0.38965 0.33594 0.7402399999999999
0 0.76221 0.393555 0.4326199999999999 0.7402299999999999
0 0.784665 0.39502 0.3955099999999999 0.7627
0 0.76123 0.40820500000000004 0.42676000000000003 0.77735
0 0.7407250000000001 0.442385 0.30371000000000004 0.79883
0 0.762695 0.44922 0.41211 0.83594
0 0.805665 0.454105 0.33399 0.83789
0 0.82959 0.432615 0.2978599999999999 0.82617
0 0.839845 0.45849500000000004 0.2656299999999999 0.81933
0 0.87256 0.44922 0.21971999999999992 0.85156
0 0.867675 0.47314 0.22948999999999997 0.9033199999999999
0 0.854005 0.50342 0.24120999999999992 0.97168
0 0.962405 0.39258 0.03222999999999998 0.72266
0 0.979495 0.39844 0.013670000000000071 0.67188
0 0.990235 0.435545 0.003909999999999969 0.74609
0 0.95703 0.46484000000000003 0.0 0.75
0 0.8925799999999999 0.47461000000000003 0.13672000000000006 0.83984
0 0.91797 0.493655 0.10155999999999998 0.9130900000000001
0 0.9443349999999999 0.452635 0.04883000000000004 0.85449
0 0.9375 0.471195 0.09376000000000007 0.88379
