5 0.2107 0.089435 0.011539999999999995 0.05096999999999999
5 0.126455 0.09221499999999999 0.14901 0.08805
5 0.152075 0.101945 0.19734999999999997 0.11862999999999999
5 0.245695 0.26876500000000003 0.38027 0.45227
5 0.357 0.353105 0.5985400000000001 0.6061099999999999
5 0.36746 0.35102 0.6310199999999999 0.6334599999999999
5 0.36656 0.41218499999999997 0.65374 0.75209
5 0.34526999999999997 0.2266 0.53468 0.23447999999999997
5 0.29313999999999996 0.24745 0.46071999999999996 0.35031999999999996
0 0.45350999999999997 0.078315 0.78146 0.09731000000000001
0 0.4876 0.10101500000000001 0.69812 0.12419
5 0.37936499999999995 0.210615 0.62307 0.31557
0 0.374675 0.208525 0.6136900000000001 0.33549
0 0.37900500000000004 0.16358 0.58483 0.15292
0 0.402995 0.07738500000000001 0.58375 0.03429
0 0.406245 0.05097499999999999 0.72735 0.042629999999999994
0 0.40841 0.06464 0.73456 0.06812
0 0.32651 0.037535 0.53324 0.013910000000000002
4 0.6230800000000001 0.362835 0.15658000000000005 0.22707000000000002
7 0.6008899999999999 0.375115 0.22187999999999997 0.17099000000000003
1 0.081355 0.359595 0.03933 0.11863000000000001
1 0.093805 0.27571999999999997 0.06348999999999999 0.43651999999999996
5 0.40101 0.369325 0.6086400000000001 0.42724999999999996
5 0.35267 0.265295 0.62308 0.47683
5 0.40768499999999996 0.40825 0.72157 0.75718
5 0.39614000000000005 0.37233499999999997 0.68838 0.63531
5 0.19392 0.10240500000000001 0.30126000000000003 0.12697
5 0.30071 0.070435 0.50618 0.08527000000000001
5 0.254715 0.09082499999999999 0.42861 0.14087
5 0.25327 0.10797000000000001 0.41706 0.17146
5 0.320375 0.151065 0.42861000000000005 0.19463
5 0.49661999999999995 0.238645 0.8244 0.31789
5 0.5016700000000001 0.247455 0.898 0.35403
5 0.50979 0.217095 0.93732 0.36191
5 0.5069049999999999 0.23632999999999998 0.93155 0.40964
5 0.117435 0.23332 0.13963 0.40918000000000004
5 0.22549 0.20690499999999998 0.36584 0.33781
5 0.384955 0.42447 0.66457 0.7785
5 0.2502 0.085955 0.34888 0.05885
5 0.26752 0.08364 0.39794 0.02456
5 0.32308000000000003 0.032670000000000005 0.54226 0.00324
5 0.211785 0.079475 0.28069 0.053290000000000004
5 0.17967 0.056765 0.26842 0.044950000000000004
5 0.32218 0.470115 0.54912 0.88647
5 0.40065 0.2076 0.70606 0.34106000000000003
0 0.42445999999999995 0.15941 0.75512 0.28174
0 0.47317 0.21316 0.8727400000000001 0.38924
0 0.29061000000000003 0.122335 0.50762 0.22985
0 0.2401 0.26251 0.3864 0.47868
0 0.19573000000000002 0.085725 0.00902 0.04727
0 0.31298 0.208295 0.55814 0.39249
0 0.32615000000000005 0.172845 0.57148 0.30861
0 0.31694999999999995 0.19161 0.5603 0.33318000000000003
0 0.305405 0.190915 0.54299 0.35958999999999997
0 0.308655 0.18026 0.5465899999999999 0.33827999999999997
0 0.30288000000000004 0.21849 0.53504 0.40546
0 0.28610500000000005 0.21432 0.47407000000000005 0.386
0 0.34941999999999995 0.33410500000000004 0.62524 0.63485
0 0.34635 0.33897 0.61478 0.6501399999999999
0 0.36602 0.405005 0.65266 0.7655299999999999
0 0.373235 0.306535 0.6757500000000001 0.58527
0 0.38099 0.332715 0.68982 0.63577
0 0.368545 0.281275 0.6663699999999999 0.5366099999999999
0 0.35754 0.265755 0.6458 0.50741
0 0.35808 0.273865 0.65122 0.52549
0 0.47280999999999995 0.20088 0.87202 0.37766
0 0.420495 0.11353 0.77317 0.20112
0 0.484895 0.126275 0.89763 0.22475
0 0.360785 0.07066499999999999 0.64941 0.11352999999999999
1 0.31659 0.61307 0.16776 0.30305999999999994
