4 0.37194499999999997 0.66937 0.19607000000000002 0.07923999999999998
4 0.76668 0.18303999999999998 0.19830000000000003 0.10844000000000001
1 0.86749 0.54078 0.07450000000000001 0.3494
1 0.7459199999999999 0.55955 0.12194000000000005 0.5574600000000001
0 0.914935 0.398515 0.047070000000000056 0.53753
0 0.898815 0.37859 0.13121000000000005 0.63114
0 0.946625 0.39666500000000005 0.03854999999999997 0.70807
0 0.8741650000000001 0.44648 0.04854999999999998 0.70204
0 0.91401 0.43443 0.13935999999999993 0.8150999999999999
0 0.8947350000000001 0.46501 0.15715 0.8577400000000001
0 0.92772 0.48077 0.046699999999999964 0.7632
0 0.919385 0.48332 0.10637000000000008 0.86654
0 0.91401 0.49444000000000005 0.10674000000000006 0.90732
5 0.865085 0.43721000000000004 0.23129 0.81326
0 0.593405 0.202965 0.76575 0.30955
0 0.64288 0.1791 0.6712400000000001 0.28592
0 0.7748349999999999 0.055145 0.40140999999999993 0.010190000000000005
0 0.82413 0.078545 0.29096 0.09593000000000002
5 0.7659400000000001 0.17933 0.37472000000000005 0.28452
0 0.779285 0.17724499999999999 0.36878999999999995 0.20065
0 0.7338800000000001 0.234245 0.44626 0.36655
0 0.76946 0.275025 0.42254 0.48517
0 0.63658 0.05467999999999999 0.67198 0.053759999999999995
4 0.7881750000000001 0.316265 0.34802999999999995 0.37489
4 0.73499 0.43906500000000004 0.35804 0.56117
5 0.68662 0.28800000000000003 0.5896999999999999 0.51854
5 0.7338800000000001 0.24189 0.47294 0.41706
5 0.6805 0.1279 0.59748 0.19648000000000002
5 0.65067 0.144115 0.6616 0.23263
5 0.641215 0.033825 0.6819900000000001 0.02317
