2 0.321095 0.21747 0.37922999999999996 0.09006
2 0.380485 0.22926 0.56597 0.21127999999999997
2 0.42726000000000003 0.172015 0.72026 0.15477000000000002
2 0.5150049999999999 0.46992500000000004 0.7247899999999999 0.50319
2 0.163235 0.456885 0.11100999999999998 0.44138999999999995
2 0.16026 0.403185 0.09109999999999999 0.19243
2 0.21125 0.5677099999999999 0.24404 0.72778
2 0.300485 0.237895 0.5217700000000001 0.26233
2 0.35957500000000003 0.12415999999999999 0.66555 0.14398
2 0.452525 0.48561 0.82041 0.80352
