5 0.228625 0.096285 0.08493 0.040209999999999996
5 0.18988 0.269415 0.06614 0.27313
5 0.41626 0.33531 0.63136 0.54192
5 0.493915 0.310105 0.67729 0.39529000000000003
5 0.47018 0.369515 0.7358600000000001 0.57431
5 0.39593 0.38654 0.6589799999999999 0.68638
5 0.23907 0.294655 0.29325999999999997 0.49087
0 0.20793999999999999 0.42028 0.31642 0.7101999999999999
0 0.21122000000000002 0.343885 0.27674 0.57389
0 0.259645 0.41158 0.39547 0.68396
0 0.28210999999999997 0.44408 0.42174 0.7535
0 0.380715 0.366435 0.58047 0.61725
0 0.38303 0.328115 0.6389400000000001 0.60865
0 0.23060999999999998 0.28165 0.31994 0.5355800000000001
0 0.21547 0.298475 0.29100000000000004 0.48141
0 0.198395 0.20728 0.21819 0.36748
0 0.20407000000000003 0.07477 0.15674000000000002 0.11996000000000001
0 0.30519 0.40629000000000004 0.48584 0.69428
0 0.31982499999999997 0.40719999999999995 0.49112999999999996 0.76232
0 0.27274 0.316245 0.41798 0.6076699999999999
0 0.203965 0.294135 0.25837 0.55119
0 0.177345 0.211485 0.10920999999999999 0.32197000000000003
0 0.151915 0.2159 0.13549 0.39152000000000003
0 0.16914 0.2198 0.16576000000000002 0.38861999999999997
0 0.471215 0.26193500000000003 0.76005 0.46507000000000004
0 0.46359 0.28076999999999996 0.7688400000000001 0.51786
0 0.4505 0.33005 0.78518 0.63156
0 0.45896 0.351745 0.80716 0.65065
0 0.398375 0.31566500000000003 0.67419 0.60567
