5 0.470435 0.540305 0.73145 0.75609
5 0.39756 0.46822 0.75586 0.76324
5 0.407935 0.474265 0.77151 0.78719
5 0.44784999999999997 0.47953500000000004 0.84952 0.82775
5 0.39200999999999997 0.488825 0.2273 0.33659000000000006
5 0.305195 0.409635 0.5068900000000001 0.51727
5 0.40271500000000005 0.29388000000000003 0.50125 0.19222
5 0.2169 0.297475 0.33722 0.18555
5 0.25418999999999997 0.22284500000000002 0.41287999999999997 0.15759
5 0.283335 0.205095 0.49753000000000003 0.18941000000000002
5 0.2585 0.37497 0.32786000000000004 0.23184
5 0.33039 0.363825 0.4712 0.31450999999999996
5 0.302275 0.399045 0.32179 0.33905
0 0.163825 0.39608 0.23023000000000002 0.2826600000000001
0 0.16299 0.32846 0.23908000000000001 0.18675999999999998
0 0.198325 0.33030000000000004 0.28595 0.21242
0 0.166005 0.28857 0.27749 0.15814000000000003
0 0.171335 0.280615 0.29671 0.16369
0 0.137655 0.26997 0.23171000000000003 0.10287999999999997
0 0.14681 0.2852 0.24102 0.13393999999999998
0 0.11756 0.270755 0.18372 0.06887000000000001
0 0.190075 0.41472000000000003 0.28229000000000004 0.35316000000000003
0 0.43355499999999997 0.38915 0.79313 0.6468400000000001
0 0.20568999999999998 0.5995 0.33428 0.68218
0 0.19104500000000002 0.61232 0.33309 0.71146
0 0.19967 0.60844 0.36742 0.74636
0 0.216695 0.6065849999999999 0.38189 0.75635
0 0.34827 0.25494500000000003 0.6624 0.35317000000000004
0 0.353615 0.243705 0.67225 0.35001000000000004
0 0.356705 0.25988 0.68115 0.38238000000000005
0 0.35146 0.262525 0.6647799999999999 0.37756999999999996
0 0.35185 0.270575 0.6596599999999999 0.39247
0 0.34262 0.277955 0.6459 0.39391
0 0.21548 0.46899 0.34638 0.48746
0 0.163175 0.484825 0.28941 0.48488999999999993
0 0.235935 0.43985 0.43215000000000003 0.5132
0 0.220565 0.46076 0.40381 0.5205000000000001
0 0.22895 0.46388999999999997 0.41742 0.54018
0 0.23349499999999998 0.456585 0.41641 0.5177499999999999
5 0.211 0.568605 0.37652 0.66849
5 0.290925 0.536495 0.51173 0.70613
5 0.187105 0.59099 0.19868999999999998 0.5044
5 0.21925999999999998 0.55958 0.29966 0.5354000000000001
5 0.245415 0.53491 0.39091 0.5808
5 0.16163 0.60904 0.16424 0.44476000000000004
0 0.41319999999999996 0.41698 0.79574 0.7089799999999999
0 0.468895 0.407745 0.7310500000000001 0.54915
0 0.26875 0.23319 0.47874 0.19342000000000004
0 0.264795 0.249745 0.5000899999999999 0.24329
0 0.28837 0.22238000000000002 0.55152 0.23766
0 0.278265 0.20276 0.5059899999999999 0.18866000000000002
0 0.249605 0.22161 0.43029 0.16865999999999998
0 0.07253 0.37298 0.11238000000000001 0.19548000000000004
0 0.22082 0.33100999999999997 0.41516000000000003 0.33404
0 0.295445 0.34435499999999997 0.5558500000000001 0.44278999999999996
0 0.29821 0.339885 0.56688 0.44005000000000005
0 0.29866000000000004 0.329705 0.5748 0.43031
0 0.3716 0.39976 0.6551600000000001 0.56996
5 0.35131999999999997 0.320665 0.64822 0.44065
5 0.35374 0.350195 0.6651600000000001 0.50419
5 0.356045 0.357545 0.6798700000000001 0.53575
5 0.26125 0.314055 0.45512 0.30981
