6 0.558595 0.50998 0.57031 0.62066
0 0.62207 0.431425 0.64388 0.74479
0 0.610025 0.4375 0.7070299999999999 0.80556
0 0.63737 0.47396000000000005 0.6679600000000001 0.8368
0 0.6178400000000001 0.42057500000000003 0.72786 0.76823
2 0.8460300000000001 0.66493 0.027999999999999914 0.2882
0 0.7949200000000001 0.13541999999999998 0.37370000000000003 0.22222
0 0.694665 0.172745 0.54297 0.28299
0 0.79883 0.32899500000000004 0.36588 0.60937
0 0.768225 0.37673999999999996 0.40625 0.70486
0 0.7431650000000001 0.234375 0.43295000000000006 0.39237
