0 0.7708349999999999 0.48828499999999997 0.35417 0.78559
0 0.5957049999999999 0.09809000000000001 0.72005 0.09202
0 0.59603 0.17882 0.70638 0.24652000000000002
0 0.74577 0.398435 0.3808600000000001 0.60937
0 0.72949 0.261715 0.42904 0.36719
4 0.491865 0.51693 0.7011700000000001 0.5859399999999999
0 0.63509 0.17318 0.6595 0.21094000000000002
0 0.57845 0.12934 0.7675799999999999 0.16146
0 0.730145 0.35980999999999996 0.39127 0.3967
2 0.8382149999999999 0.66406 0.03321000000000007 0.21354000000000006
