4 0.53906 0.37255499999999997 0.17187999999999998 0.047850000000000004
5 0.72119 0.50635 0.43652 0.79004
5 0.720705 0.421875 0.48047 0.7265699999999999
5 0.711915 0.36767500000000003 0.52929 0.62207
5 0.896485 0.356445 0.09765000000000001 0.60351
5 0.95166 0.34717000000000003 0.022460000000000035 0.59668
2 0.958005 0.281735 0.009770000000000056 0.33301000000000003
2 0.618655 0.207035 0.6962900000000001 0.30468999999999996
2 0.609375 0.279785 0.7109300000000001 0.43847
2 0.90576 0.345215 0.11426000000000003 0.61621
2 0.731445 0.486815 0.45117000000000007 0.8212900000000001
2 0.629395 0.42919999999999997 0.6826099999999999 0.64356
2 0.600095 0.191895 0.74121 0.29395
