2 0.11435500000000001 0.07138 0.0011499999999999982 0.029739999999999996
2 0.16565000000000002 0.20262 0.03431999999999999 0.020079999999999987
2 0.48402999999999996 0.107815 0.34479999999999994 0.06394999999999999
2 0.17104999999999998 0.69113 0.09140000000000001 0.08401999999999998
6 0.13576 0.638715 0.03394 0.94431
2 0.224465 0.327905 0.37797 0.5546899999999999
4 0.467835 0.66325 0.49753000000000003 0.7495
1 0.14174 0.187375 0.008099999999999996 0.011889999999999984
1 0.36987499999999995 0.044985 0.42811 0.026030000000000005
1 0.09121499999999999 0.06320500000000001 0.03895 0.040150000000000005
