4 0.38835000000000003 0.21594 0.27212000000000003 0.15236
1 0.250725 0.5686 0.11381000000000002 0.28800000000000003
0 0.345495 0.135785 0.27244999999999997 0.14715
0 0.30910499999999996 0.13272 0.25311 0.17542
0 0.35165500000000005 0.207515 0.37991 0.33238999999999996
0 0.36705 0.211065 0.43076000000000003 0.34480999999999995
0 0.38486000000000004 0.21468 0.43372 0.2747
0 0.35439 0.293355 0.47717999999999994 0.48600999999999994
0 0.37246 0.306365 0.50352 0.46893
0 0.43597 0.13943 0.47440000000000004 0.19362000000000001
0 0.43676499999999996 0.161135 0.49865 0.23498999999999998
0 0.3979 0.27111999999999997 0.57872 0.49748
0 0.41226 0.269445 0.5917 0.47755000000000003
0 0.39854500000000004 0.351765 0.66445 0.6635500000000001
0 0.28079 0.276025 0.38896000000000003 0.50931
