2 0.05289 0.20850000000000002 0.03526 0.10088
2 0.10156000000000001 0.095415 0.026319999999999996 0.027629999999999988
2 0.04743 0.48446999999999996 0.026319999999999996 0.52688
1 0.045935000000000004 0.211715 0.02135 0.08675
1 0.101805 0.097985 0.02880999999999999 0.032769999999999994
1 0.03774 0.47869 0.023840000000000004 0.5256
1 0.45614 0.05558 0.5288999999999999 0.035339999999999996
2 0.45738 0.060079999999999995 0.52542 0.03148
2 0.138305 0.42150499999999996 0.24285 0.78133
2 0.10777 0.375565 0.18772 0.71257
2 0.242845 0.06361 0.056609999999999994 0.04239999999999999
