5 0.268035 0.324145 0.32297 0.53539
5 0.226475 0.37107500000000004 0.30927 0.63317
2 0.197215 0.39343 0.20690999999999998 0.62702
5 0.40709500000000004 0.23234000000000002 0.30459 0.21942
5 0.4749 0.39943 0.75116 0.68596
5 0.37299000000000004 0.47125500000000003 0.48108 0.74293
4 0.61667 0.444495 0.21562000000000003 0.23507000000000006
2 0.394095 0.21286 0.34385 0.25446
0 0.37149 0.16672499999999998 0.25524 0.13483
0 0.31838500000000003 0.21388000000000001 0.22163000000000002 0.23004000000000002
0 0.28602 0.21521500000000002 0.16402000000000003 0.28863
2 0.39271 0.36202 0.60016 0.66588
2 0.35109 0.44869000000000003 0.62144 0.80494
2 0.35605 0.148565 0.29278 0.20287
2 0.366995 0.13669 0.30547 0.16770000000000002
2 0.46621 0.112 0.30010000000000003 0.11344000000000001
5 0.34445499999999996 0.26351 0.43177 0.48330000000000006
5 0.27869 0.223255 0.2602 0.38113
5 0.30296 0.321115 0.42816000000000004 0.59641
0 0.28052 0.23897000000000002 0.08074 0.043420000000000014
0 0.34269 0.10029 0.10119999999999996 0.06598000000000001
2 0.21138 0.256305 0.08299999999999999 0.16923
2 0.25300500000000004 0.23234 0.08141000000000004 0.15027999999999997
2 0.36756 0.2139 0.09123999999999999 0.12384
2 0.52349 0.28003 0.6355 0.2033
2 0.56542 0.249595 0.74362 0.39923
2 0.549955 0.201515 0.70209 0.30879
2 0.55323 0.19471 0.73586 0.36885999999999997
2 0.55894 0.21118 0.7479 0.38616
2 0.587555 0.18003 0.68521 0.24354
