0 0.565915 0.28369 0.74707 0.45409999999999995
0 0.6196250000000001 0.38378999999999996 0.67871 0.69726
0 0.601075 0.4209 0.69239 0.7558600000000001
0 0.81445 0.39502000000000004 0.30078000000000005 0.708
0 0.819825 0.32764000000000004 0.26269 0.55762
0 0.794925 0.243655 0.29296999999999995 0.40527
0 0.84131 0.241695 0.21971999999999992 0.31543
0 0.62451 0.19385 0.62988 0.29004
0 0.745115 0.134765 0.42383000000000004 0.15234999999999999
4 0.7412099999999999 0.48877 0.04491999999999996 0.28613999999999995
1 0.83545 0.5273450000000001 0.057620000000000005 0.7968700000000001
7 0.57178 0.249515 0.26660000000000006 0.002929999999999988
7 0.61914 0.308595 0.3164 0.35936999999999997
5 0.72217 0.165525 0.50488 0.28809
2 0.8164100000000001 0.40673499999999996 0.28906 0.78613
