2 0.365985 0.310545 0.43235 0.31640999999999997
2 0.31526 0.206055 0.21711999999999998 0.19335
2 0.08391000000000001 0.229005 0.03698 0.08690999999999999
2 0.33185 0.364255 0.35650000000000004 0.46289
4 0.44467999999999996 0.626465 0.2522 0.1708900000000001
6 0.32901 0.61084 0.05119999999999997 0.29589999999999994
0 0.24272500000000002 0.380375 0.36029 0.6787099999999999
0 0.21428 0.393065 0.33374 0.7431700000000001
0 0.23466499999999998 0.39795 0.35555 0.76074
0 0.238935 0.33496000000000004 0.37546999999999997 0.63086
0 0.25031000000000003 0.29639 0.36788000000000004 0.53418
0 0.192945 0.43164 0.29487 0.82422
7 0.534755 0.743165 0.007589999999999986 0.47461
