4 0.26569 0.574055 0.10908000000000001 0.25855
6 0.32813 0.57341 0.09258 0.43345999999999996
1 0.530385 0.537005 0.6580900000000001 0.71369
2 0.235605 0.057085 0.21214999999999998 0.023490000000000004
2 0.195995 0.107715 0.26135 0.13465
2 0.197115 0.14322 0.27975 0.20228
0 0.04708 0.14694 0.014019999999999998 0.18445999999999999
0 0.040085 0.211475 0.01303 0.31744999999999995
3 0.481255 0.37403 0.19768999999999992 0.17582000000000003
7 0.413375 0.26005 0.50195 0.24309999999999998
7 0.444135 0.5557350000000001 0.10145000000000004 0.14885000000000004
7 0.24250500000000003 0.56095 0.08173 0.2859
0 0.26214 0.33843999999999996 0.48432 0.65476
0 0.205915 0.027200000000000002 0.29775 0.01612
3 0.57959 0.73829 0.4266 0.48858
1 0.297465 0.51748 0.14957000000000004 0.79396
