2 0.641115 0.58984 0.5498099999999999 0.37500000000000006
0 0.487305 0.451175 0.91601 0.6835899999999999
0 0.68994 0.09960999999999999 0.5224599999999999 0.09766
4 0.321285 0.56006 0.27539 0.27441999999999994
2 0.925295 0.41504 0.026370000000000005 0.60352
2 0.87695 0.506835 0.13671999999999995 0.93555
2 0.9174800000000001 0.24023499999999998 0.01856000000000002 0.34765
2 0.9443349999999999 0.14453 0.04883000000000004 0.20312
0 0.95752 0.40185499999999996 0.0048799999999999955 0.66699
0 0.9443349999999999 0.36718999999999996 0.04883000000000004 0.64844
