0 0.2284 0.144645 0.22221999999999997 0.17731000000000002
0 0.150465 0.112565 0.23303 0.17381000000000002
0 0.16666999999999998 0.194805 0.1605 0.22163
0 0.068675 0.093905 0.041670000000000006 0.05249000000000001
0 0.079475 0.02391 0.09104999999999999 0.0034999999999999996
0 0.476865 0.1254 0.8302700000000001 0.19014
0 0.53541 0.104985 0.9350200000000001 0.10731
0 0.326395 0.185475 0.54785 0.31494999999999995
0 0.481495 0.25021 0.7901499999999999 0.43044
0 0.52152 0.24088 0.9628 0.43044
0 0.27007 0.2298 0.45372 0.40359999999999996
0 0.07253000000000001 0.41877 0.04012 0.68822
0 0.29862 0.316115 0.5416799999999999 0.5949099999999999
0 0.35572 0.40709999999999996 0.61884 0.73022
0 0.38967 0.41235 0.72378 0.77338
4 0.601865 0.439765 0.48767 0.47824999999999995
7 0.42671000000000003 0.198305 0.11574000000000001 0.11665000000000003
7 0.2284 0.5319200000000001 0.07408000000000001 0.25196
