5 0.53515625 0.30859375 0.765625 0.0546875
5 0.23779296875 0.5537109375 0.0048828125 0.615234375
5 0.421875 0.47265625 0.7265625 0.7265625
2 0.36279296875 0.18212890625 0.5419921875 0.2041015625
5 0.4541015625 0.23486328125 0.611328125 0.2392578125
4 0.482421875 0.35546875 0.12109375 0.109375
5 0.24462890625 0.36962890625 0.3916015625 0.6416015625
5 0.11767578125 0.22705078125 0.1533203125 0.3642578125
5 0.0576171875 0.09619140625 0.044921875 0.1025390625
5 0.0986328125 0.11083984375 0.111328125 0.1396484375
5 0.13232421875 0.0771484375 0.1826171875 0.060546875
5 0.50537109375 0.30517578125 0.9052734375 0.4658203125
5 0.1181640625 0.09912109375 0.189453125 0.1630859375
2 0.19189453125 0.45654296875 0.2001953125 0.6904296875
2 0.138671875 0.52392578125 0.08203125 0.7783203125
2 0.16748046875 0.486328125 0.2216796875 0.83984375
2 0.236328125 0.3583984375 0.41796875 0.662109375
2 0.02734375 0.44287109375 0.015625 0.7802734375
