5 0.466795 0.25976499999999997 0.62109 0.03514999999999999
5 0.613285 0.229495 0.6328100000000001 0.22460999999999998
5 0.54932 0.438475 0.7958999999999999 0.7207100000000001
5 0.535155 0.47412 0.82031 0.81934
5 0.62744 0.49463 0.5927800000000001 0.8916
5 0.7651399999999999 0.50928 0.34082 0.93652
5 0.67334 0.456055 0.54004 0.7949299999999999
5 0.48340000000000005 0.26122999999999996 0.88476 0.3545
5 0.527345 0.250975 0.90625 0.46289
5 0.686035 0.38330000000000003 0.58497 0.71582
5 0.7050799999999999 0.411625 0.53516 0.76465
5 0.827635 0.41992 0.28613 0.78516
5 0.96387 0.3418 0.005859999999999976 0.5351600000000001
5 0.9370099999999999 0.33544999999999997 0.028320000000000012 0.5498
5 0.8959999999999999 0.30907999999999997 0.10253999999999996 0.54394
5 0.666505 0.08594 0.60059 0.07812
5 0.66553 0.03418 0.6025400000000001 0.009759999999999998
5 0.49609499999999995 0.16016 0.90625 0.14844000000000002
5 0.56543 0.219235 0.7910200000000001 0.33301000000000003
5 0.6318349999999999 0.331055 0.68945 0.6074299999999999
5 0.61426 0.34619 0.7168 0.6416
5 0.50781 0.34424 0.9375 0.62988
5 0.5 0.405275 0.9765600000000001 0.74023
5 0.5405249999999999 0.486325 0.82129 0.91797
5 0.795895 0.424805 0.36132999999999993 0.8027299999999999
5 0.620115 0.393065 0.71289 0.73535
5 0.571285 0.38232499999999997 0.78711 0.70605
5 0.66113 0.29443 0.63086 0.52246
0 0.54004 0.08838 0.88868 0.10253999999999999
0 0.527345 0.09082 0.90625 0.14258
0 0.51172 0.134275 0.91406 0.13965
4 0.694825 0.19238 0.35645000000000004 0.30664
