0 0.3585 0.30584 0.5756 0.46710000000000007
0 0.354725 0.330395 0.5611700000000001 0.5532900000000001
0 0.33911 0.29379500000000003 0.53956 0.44671
0 0.342025 0.370945 0.50969 0.45829
0 0.294485 0.25417 0.48189 0.43234
0 0.28298999999999996 0.225905 0.45477999999999996 0.37581000000000003
0 0.27990499999999996 0.25417 0.44997 0.43976000000000004
0 0.286425 0.28174 0.44379 0.4671
0 0.268405 0.248145 0.42423 0.44625000000000004
0 0.26411 0.27317 0.4129 0.48146
0 0.2473 0.36607999999999996 0.33396 0.6469
0 0.29312 0.32507 0.45305999999999996 0.59638
0 0.2938 0.3487 0.44620000000000004 0.6288199999999999
0 0.25519000000000003 0.346615 0.32366 0.3707100000000001
0 0.21451499999999998 0.243285 0.32881 0.38647000000000004
0 0.23339500000000002 0.35079000000000005 0.32675 0.6089
0 0.334645 0.095455 0.60889 0.14642999999999998
0 0.35146499999999997 0.07461000000000001 0.65487 0.10102000000000001
0 0.142955 0.27409500000000003 0.17607 0.49073000000000006
0 0.137635 0.30213 0.14209 0.5375399999999999
0 0.14072 0.31233 0.15514 0.57646
0 0.146905 0.317425 0.17985 0.53475
0 0.15617 0.31973999999999997 0.19290000000000002 0.50602
0 0.170925 0.373495 0.19633 0.70621
0 0.158225 0.34245000000000003 0.18603000000000003 0.6367
0 0.16492 0.350785 0.20628000000000002 0.6274299999999999
0 0.179505 0.36376 0.21622999999999998 0.62002
0 0.195465 0.343375 0.26463000000000003 0.6459699999999999
0 0.142435 0.10588499999999999 0.20113 0.14689
0 0.301525 0.05306 0.5453899999999999 0.037540000000000004
0 0.269775 0.03429 0.5011099999999999 0.012979999999999998
0 0.26531499999999997 0.013670000000000002 0.48533 0.00788
0 0.309245 0.27062 0.50729 0.48564
0 0.444655 0.32530000000000003 0.75613 0.58388
1 0.20302 0.68883 0.08957999999999999 0.14781999999999995
0 0.37978 0.173075 0.6717 0.27387
5 0.18397 0.402455 0.21554 0.7363299999999999
5 0.17127 0.37535 0.19426000000000004 0.7025
0 0.42989 0.26969000000000004 0.7362200000000001 0.48378000000000004
0 0.46765 0.39805 0.7760400000000001 0.75162
0 0.46576 0.43257500000000004 0.7695200000000001 0.78545
5 0.46215500000000004 0.4247 0.77191 0.79564
0 0.25828 0.307925 0.38888 0.46571000000000007
0 0.277845 0.311865 0.43487 0.5607099999999999
0 0.27218 0.324145 0.42353999999999997 0.59453
0 0.25605 0.362375 0.36794000000000004 0.63577
7 0.39471 0.14249 0.34734 0.054220000000000004
7 0.41805000000000003 0.21849000000000002 0.5367999999999999 0.08294000000000001
7 0.245065 0.10681 0.24986999999999998 0.06626000000000001
7 0.17745 0.08457 0.21624 0.05144
0 0.17865 0.39435 0.22137999999999997 0.75162
