4 0.575975 0.69503 0.54407 0.46631999999999996
5 0.4273 0.087395 0.7154400000000001 0.044550000000000006
2 0.251465 0.14380500000000002 0.24680999999999997 0.07597000000000001
2 0.36507500000000004 0.065695 0.68431 0.030690000000000002
2 0.500955 0.13999499999999998 0.94437 0.17653
2 0.081155 0.220515 0.002829999999999999 0.19671
2 0.08914 0.14243 0.07412 0.15377999999999997
2 0.12862 0.115895 0.12244000000000001 0.14067000000000002
5 0.21503 0.49251999999999996 0.21243999999999996 0.74512
5 0.31606 0.365105 0.5513600000000001 0.6233500000000001
0 0.23497500000000002 0.244255 0.37767 0.39015
0 0.11423 0.13153499999999999 0.1401 0.16408999999999999
0 0.18947 0.5048750000000001 0.29041999999999996 0.89797
0 0.076465 0.44198 0.07217 0.76802
0 0.251285 0.32986 0.41801 0.55814
0 0.21384 0.26384 0.31982000000000005 0.42060000000000003
0 0.191945 0.30523 0.31453000000000003 0.47578000000000004
0 0.22988499999999998 0.32086000000000003 0.39053 0.5201
0 0.13705 0.392475 0.2167 0.6831499999999999
0 0.241085 0.42977 0.38613 0.77292
0 0.01338 0.38008 0.00848 0.69282
0 0.03782 0.40262000000000003 0.038099999999999995 0.75026
0 0.16063 0.427135 0.25648000000000004 0.79205
0 0.16388 0.46296000000000004 0.30166 0.85642
5 0.4676 0.19894 0.88588 0.3436
5 0.475295 0.14169 0.90523 0.23720000000000002
5 0.49226 0.244735 0.94284 0.42455000000000004
5 0.488175 0.27433 0.92309 0.48734
5 0.499315 0.32509499999999997 0.95301 0.57773
5 0.336245 0.039805 0.58433 0.010370000000000004
5 0.018415 0.194945 0.00693 0.32269
