2 0.7421899999999999 0.42675500000000005 0.28906 0.68945
2 0.705565 0.30029500000000003 0.47558999999999996 0.42481
2 0.76416 0.26709 0.36622 0.4209
2 0.75537 0.30371 0.39159999999999995 0.5293
2 0.8916 0.34863500000000003 0.01758000000000004 0.35351
2 0.89746 0.219725 0.07225999999999999 0.28320999999999996
2 0.81543 0.09961 0.06445999999999996 0.019540000000000002
2 0.648925 0.046875 0.5029300000000001 0.023430000000000006
0 0.93213 0.49218500000000004 0.0009799999999999809 0.80469
5 0.70703 0.356935 0.49217999999999995 0.57715
5 0.6713899999999999 0.35009999999999997 0.59082 0.61816
1 0.550295 0.54004 0.59863 0.7285200000000001
4 0.48877000000000004 0.50879 0.07324000000000003 0.07225999999999994
6 0.67578 0.55957 0.05467999999999995 0.6035200000000001
2 0.88672 0.20068 0.0 0.045899999999999996
2 0.93945 0.42627 0.05078000000000005 0.78614
2 0.71924 0.231935 0.32323999999999997 0.35058999999999996
