2 0.8228449999999999 0.67395 0.3582099999999999 0.43806
2 0.08612500000000001 0.50388 0.01634999999999999 0.89404
1 0.68077 0.580755 0.6423599999999998 0.74451
2 0.3401 0.5138849999999999 0.26278 0.48019
2 0.33067 0.16375 0.36963999999999997 0.07266
2 0.434395 0.156375 0.53183 0.09583
2 0.37719 0.17375000000000002 0.59344 0.15374000000000002
2 0.49223 0.15848 0.8285600000000001 0.05160000000000001
2 0.44948 0.179545 0.7732399999999999 0.14427
2 0.5713849999999999 0.21745499999999998 0.86113 0.19480999999999998
2 0.54875 0.27747499999999997 0.9063999999999999 0.36541
2 0.12824000000000002 0.12742 0.05532000000000001 0.006320000000000006
2 0.5764149999999999 0.175335 0.8510699999999999 0.07477
2 0.5713849999999999 0.310125 0.86113 0.041069999999999995
0 0.533665 0.46808 0.9365699999999999 0.66236
