2 0.44343 0.18202000000000002 0.5812999999999999 0.11326
2 0.44855 0.179935 0.69478 0.26647
2 0.26657 0.118505 0.22549999999999998 0.07830999999999999
2 0.233515 0.139665 0.05026999999999998 0.08453000000000001
2 0.28940499999999997 0.19975500000000002 0.37696999999999997 0.31467
2 0.313415 0.13668 0.35897 0.17049999999999998
2 0.28583000000000003 0.15267999999999998 0.35642 0.22482
2 0.290175 0.122055 0.34185 0.14171
4 0.34669 0.6729449999999999 0.2389 0.26615
2 0.52842 0.31118 0.8855 0.4743200000000001
2 0.46616 0.153915 0.6706799999999999 0.19875
2 0.47342 0.18406999999999998 0.74042 0.26382
1 0.548315 0.572125 0.6056699999999999 0.55193
