2 0.30055 0.342615 0.17424 0.21361
2 0.28946 0.23504 0.22931999999999997 0.16343999999999997
2 0.35046 0.17628 0.29618 0.13468000000000002
2 0.507015 0.22972499999999998 0.7034100000000001 0.25989
2 0.554905 0.16249999999999998 0.77005 0.1112
2 0.527815 0.219175 0.80633 0.26639
2 0.46121 0.11877 0.6386000000000001 0.0834
2 0.354345 0.05803 0.45363 0.058320000000000004
2 0.23825 0.48393 0.24262 0.84282
4 0.601885 0.5427299999999999 0.26087 0.32433999999999996
0 0.254315 0.272955 0.11785000000000001 0.015009999999999968
