3 0.78129 0.77736 0.43889999999999996 0.5169600000000001
1 0.23007 0.74505 0.15003999999999998 0.32309999999999994
1 0.27237 0.226165 0.07043999999999997 0.14949
1 0.231735 0.60062 0.25340999999999997 0.53576
0 0.21444 0.129 0.3572 0.19047999999999998
0 0.21319 0.177945 0.34802 0.24786999999999998
0 0.22652999999999998 0.176015 0.3947 0.27101000000000003
0 0.22777999999999998 0.191445 0.3772 0.31731000000000004
0 0.22006499999999998 0.21339 0.36011 0.3554
0 0.23132 0.243045 0.33593999999999996 0.35492999999999997
0 0.23215 0.261125 0.38762 0.41230999999999995
0 0.212355 0.25775 0.36303 0.44028
0 0.31467500000000004 0.344555 0.55267 0.60617
0 0.451595 0.18541999999999997 0.82817 0.30718
0 0.44743 0.17047 0.8398399999999999 0.27727999999999997
0 0.464725 0.127795 0.85943 0.17457
0 0.46264 0.10344 0.8619199999999999 0.1355
0 0.46368000000000004 0.08800999999999999 0.87234 0.12007999999999999
0 0.46118000000000003 0.039305 0.85734 0.011090000000000003
0 0.437635 0.03279 0.78857 0.0038600000000000023
0 0.31447 0.20784 0.57392 0.35396
5 0.254035 0.30863 0.36637 0.37807999999999997
5 0.27779499999999996 0.318035 0.45388999999999996 0.50683
4 0.579145 0.77543 0.84319 0.5130999999999999
4 0.6535299999999999 0.611235 0.5435 0.47211
4 0.24257499999999999 0.36312500000000003 0.12836999999999998 0.42919
0 0.371985 0.076915 0.6822900000000001 0.10561000000000001
