4 0.43701171875 0.626953125 0.1376953125 0.06640625
0 0.03955078125 0.185546875 0.0263671875 0.05078125
0 0.04541015625 0.33935546875 0.0302734375 0.2060546875
0 0.0400390625 0.42236328125 0.021484375 0.6142578125
0 0.1630859375 0.486328125 0.060546875 0.74609375
0 0.13427734375 0.5234375 0.0146484375 0.84375
0 0.244140625 0.50732421875 0.34765625 0.9326171875
0 0.365234375 0.060546875 0.58203125 0.00390625
0 0.1015625 0.029296875 0.1640625 0.03515625
0 0.49365234375 0.109375 0.9521484375 0.1796875
0 0.47314453125 0.08740234375 0.9267578125 0.1396484375
0 0.40380859375 0.2919921875 0.7724609375 0.560546875
