5 0.8893599999999999 0.18605 0.09526000000000001 0.13670000000000002
5 0.851925 0.192535 0.15827000000000002 0.27201
5 0.803375 0.26598499999999997 0.24351 0.33179
1 0.9444049999999999 0.33387500000000003 0.03112999999999999 0.15060999999999997
1 0.740915 0.599395 0.15493 0.38137
0 0.968125 0.363295 0.0014899999999999913 0.59685
0 0.9538549999999999 0.40014000000000005 0.01371 0.66496
0 0.93699 0.444855 0.03705999999999998 0.75997
0 0.949405 0.47150499999999995 0.03151000000000004 0.82623
0 0.9266099999999999 0.034525 0.10526000000000002 0.00417
0 0.903265 0.01784 0.14307000000000003 0.01066
0 0.8635999999999999 0.07391 0.17493999999999998 0.043100000000000006
0 0.8245 0.02989 0.29614000000000007 0.019919999999999997
0 0.850445 0.079935 0.27686999999999995 0.08017
0 0.7172000000000001 0.19393 0.52706 0.31186
0 0.704595 0.23656 0.5492900000000001 0.36376
0 0.65215 0.21849 0.61416 0.33874
0 0.6423300000000001 0.321825 0.66494 0.56395
0 0.52761 0.276185 0.89288 0.48192999999999997
0 0.67606 0.10426 0.48184 0.0658
5 0.74518 0.148515 0.43401999999999996 0.20621
4 0.45848999999999995 0.611445 0.72424 0.30537
5 0.894925 0.132065 0.09303000000000006 0.028730000000000006
0 0.9356949999999999 0.05468 0.10636999999999996 0.076
0 0.924945 0.15825 0.11009000000000002 0.26274
0 0.91179 0.14203 0.13788 0.2266
0 0.861565 0.22034 0.23685 0.37952
0 0.843215 0.2405 0.26908999999999994 0.35866
0 0.83321 0.23099999999999998 0.29800000000000004 0.39342
0 0.83284 0.23726 0.31356000000000006 0.43744
0 0.823205 0.24026999999999998 0.32691000000000003 0.42308
0 0.60415 0.23865 0.76204 0.44022
0 0.711455 0.03846 0.54299 0.03244
0 0.70089 0.014595 0.5567 0.00973
0 0.727205 0.011814999999999999 0.5218700000000001 0.00046999999999999993
0 0.70367 0.07345 0.53484 0.07089999999999999
0 0.8424750000000001 0.020855 0.25575000000000003 0.010190000000000001
0 0.836365 0.093605 0.28725 0.15385
0 0.820235 0.08109 0.31801 0.09545999999999999
0 0.9212400000000001 0.257645 0.11750000000000005 0.47081
0 0.9549650000000001 0.13647 0.05893000000000004 0.2266
0 0.925315 0.057229999999999996 0.12712999999999997 0.08294
5 0.844885 0.20088 0.22275 0.31464000000000003
5 0.719055 0.161955 0.52335 0.26645
5 0.67735 0.101715 0.5103800000000001 0.061630000000000004
5 0.75278 0.296805 0.45292 0.5472699999999999
5 0.76742 0.01552 0.4221600000000001 0.007880000000000002
5 0.5072300000000001 0.16056499999999999 0.94552 0.27109
5 0.92457 0.114925 0.09895999999999994 0.17053000000000001
5 0.9355100000000001 0.12071 0.06968000000000008 0.18026
5 0.93773 0.09847 0.07710000000000006 0.12835999999999997
5 0.5871 0.46015 0.76946 0.8387399999999999
