5 0.43709000000000003 0.56462 0.55432 0.6178999999999999
5 0.42228 0.2804 0.48750000000000004 0.28324000000000005
5 0.49275499999999994 0.29823500000000003 0.56223 0.22022999999999998
5 0.26821 0.506795 0.20218000000000003 0.48943000000000003
5 0.254205 0.41347 0.42667 0.5238
5 0.41061000000000003 0.449465 0.61924 0.5686100000000001
1 0.43726 0.526775 0.6206400000000001 0.82901
4 0.46853 0.38483500000000004 0.05706 0.04941000000000001
5 0.45236 0.35311499999999996 0.73482 0.44815
5 0.46646000000000004 0.34297 0.83004 0.59518
5 0.413135 0.457975 0.75541 0.7948500000000001
5 0.25089 0.458745 0.44423999999999997 0.63909
5 0.35894 0.415335 0.62122 0.64771
5 0.15319 0.56565 0.19022 0.6782
5 0.22269 0.42710000000000004 0.38864 0.54816
