4 0.43678 0.57489 0.07286000000000004 0.32212
6 0.27308 0.537075 0.12204000000000001 0.59361
0 0.20551 0.086925 0.22705999999999998 0.07211000000000001
0 0.202345 0.16629 0.22487000000000001 0.16424
0 0.150415 0.07733 0.09284999999999999 0.04402
0 0.100045 0.213105 0.04209 0.33431
0 0.52381 0.26022999999999996 0.8847799999999999 0.3989
0 0.518785 0.30926499999999996 0.85175 0.42900999999999995
0 0.41947500000000004 0.131685 0.66635 0.15099
0 0.282335 0.03821 0.35489000000000004 0.039099999999999996
0 0.23817 0.07838 0.26946000000000003 0.08249999999999999
2 0.518605 0.13358 0.86151 0.18362
2 0.208205 0.17359 0.21488999999999997 0.15173999999999999
2 0.21686 0.10652500000000001 0.21376000000000003 0.03945
2 0.15028 0.07915 0.09986 0.040920000000000005
3 0.543945 0.542615 0.64581 0.56749
3 0.55164 0.224335 0.5847199999999999 0.12409000000000003
0 0.501245 0.14555500000000002 0.85445 0.23467000000000002
2 0.24087999999999998 0.05434 0.20918 0.026439999999999998
