5 0.550875 0.18114999999999998 0.5210699999999999 0.022460000000000008
3 0.6542250000000001 0.6875 0.25669 0.30468000000000006
5 0.31197 0.541995 0.38552000000000003 0.66211
5 0.330235 0.41992 0.5066499999999999 0.52734
5 0.494155 0.30371 0.6998899999999999 0.3418
5 0.50665 0.365235 0.89024 0.48046999999999995
5 0.156225 0.416015 0.11248999999999999 0.60547
5 0.334565 0.43506 0.56145 0.75684
5 0.287935 0.36914 0.47589000000000004 0.6211
1 0.55664 0.55469 0.6095200000000001 0.66406
2 0.14036500000000002 0.38086 0.16151000000000001 0.63672
2 0.42589499999999997 0.257815 0.77103 0.42969
2 0.460025 0.27343999999999996 0.85467 0.47656
2 0.45281 0.098635 0.84794 0.13477
2 0.39224499999999995 0.08886999999999999 0.71143 0.13086
2 0.44320000000000004 0.05615 0.80948 0.061520000000000005
