5 0.271025 0.473145 0.30755 0.87989
5 0.142955 0.44629 0.04239 0.72852
5 0.3062 0.432125 0.30214 0.6962900000000001
5 0.25163 0.29639000000000004 0.3337 0.49512000000000006
5 0.22232000000000002 0.237795 0.31838 0.39355
5 0.338665 0.23242 0.55467 0.36328
5 0.169105 0.43457 0.15422999999999998 0.7675799999999999
0 0.119055 0.16405999999999998 0.12627 0.046880000000000005
0 0.08478 0.22266000000000002 0.003600000000000006 0.06250000000000003
0 0.36436999999999997 0.19335999999999998 0.49785999999999997 0.09766
0 0.22457500000000002 0.414065 0.15333 0.42968999999999996
0 0.44509000000000004 0.15381 0.68816 0.03222
0 0.357605 0.078615 0.58173 0.041990000000000006
0 0.49379500000000004 0.47314500000000004 0.77113 0.72363
0 0.44103 0.37793000000000004 0.71972 0.5293
0 0.2354 0.159665 0.16054000000000002 0.08300999999999999
0 0.13123 0.049805 0.09290000000000001 0.033209999999999996
0 0.41578000000000004 0.354495 0.67282 0.16210999999999998
5 0.41578 0.375975 0.5176999999999999 0.5410100000000001
5 0.380605 0.43066499999999996 0.55197 0.77539
0 0.157835 0.41113 0.016229999999999994 0.49414
5 0.264255 0.35889 0.34453 0.59668
5 0.25208 0.39502000000000004 0.24442 0.67676
0 0.17046 0.272945 0.03427999999999998 0.19043
0 0.1903 0.19678 0.17136 0.08496000000000001
0 0.23269499999999999 0.191405 0.25975000000000004 0.23436999999999997
0 0.21871000000000002 0.22705000000000003 0.24622 0.31738
0 0.33912 0.16260000000000002 0.27418000000000003 0.06151999999999999
0 0.48477499999999996 0.138185 0.80721 0.032229999999999995
0 0.46087500000000003 0.13135000000000002 0.82073 0.12598
0 0.504165 0.232425 0.74497 0.16797000000000004
0 0.4965 0.28369 0.8054 0.36816000000000004
0 0.497405 0.37353499999999995 0.7891699999999999 0.41502999999999995
0 0.488385 0.42578 0.70619 0.58594
0 0.445095 0.45752 0.63765 0.7627
0 0.47711000000000003 0.516605 0.6656 0.8613299999999999
0 0.516795 0.490235 0.71611 0.72265
5 0.243965 0.42480500000000004 0.22097 0.74805
5 0.142505 0.481445 0.061329999999999996 0.8613299999999999
5 0.279595 0.26514 0.35355000000000003 0.37012
5 0.30845500000000003 0.250975 0.45817 0.38476999999999995
4 0.12220500000000001 0.43945500000000004 0.03337000000000001 0.18358999999999998
5 0.28454999999999997 0.13281500000000002 0.41758 0.07031000000000001
5 0.315215 0.15576 0.49695 0.19824
0 0.41713500000000003 0.328615 0.61781 0.28613
0 0.41082 0.17334 0.60878 0.05371999999999999
0 0.367075 0.030765 0.6583899999999999 0.02051
0 0.42524500000000004 0.028805 0.77113 0.00879
0 0.44238500000000003 0.04932 0.80179 0.016599999999999997
0 0.45321 0.06689500000000001 0.83426 0.04395
0 0.479365 0.12549 0.84689 0.04394000000000001
0 0.280945 0.378415 0.39232999999999996 0.6044900000000001
0 0.26516 0.37207 0.3788 0.7050799999999999
0 0.24170999999999998 0.379395 0.25254 0.57519
0 0.26922 0.516115 0.15964 0.87207
5 0.324685 0.234375 0.54115 0.41407000000000005
5 0.21601 0.28955000000000003 0.30214 0.52832
5 0.18399000000000001 0.291505 0.16956 0.5087900000000001
5 0.418485 0.50244 0.5375300000000001 0.8525400000000001
0 0.403155 0.47948999999999997 0.61149 0.88086
0 0.38331000000000004 0.489745 0.55738 0.9287099999999999
0 0.36347 0.341795 0.59346 0.62891
0 0.34543 0.34863 0.56098 0.6425799999999999
0 0.37068 0.42529 0.5682 0.78418
0 0.148815 0.36035 0.12807000000000002 0.66602
0 0.15062 0.38037 0.13168000000000002 0.7099599999999999
0 0.152425 0.39843500000000004 0.08838999999999998 0.74219
0 0.16099 0.4126 0.17406 0.79004
0 0.10236500000000001 0.428715 0.020750000000000005 0.76367
0 0.12717 0.463865 0.08838000000000001 0.88867
0 0.26065499999999997 0.46338 0.35535 0.8916
0 0.24667 0.46875 0.33099999999999996 0.8984399999999999
0 0.424795 0.36035 0.68725 0.66602
0 0.4027 0.37109000000000003 0.6502800000000001 0.6875
0 0.37834999999999996 0.388185 0.60158 0.7412099999999999
0 0.044195 0.19628500000000002 0.012630000000000002 0.36133
0 0.05096 0.061035 0.05502 0.08691
0 0.30439499999999997 0.013184999999999999 0.55467 0.00879
0 0.34543 0.19043 0.5682 0.30274
0 0.37384 0.20801 0.57452 0.24413999999999997
0 0.409465 0.311035 0.67463 0.5478500000000001
0 0.25524 0.28174000000000005 0.39864 0.52832
0 0.23089 0.28759999999999997 0.36076 0.50098
0 0.25479 0.29735999999999996 0.39052 0.55176
0 0.17903 0.28857499999999997 0.17046 0.51855
