5 0.28173828125 0.1494140625 0.4736328125 0.197265625
5 0.2568359375 0.20556640625 0.427734375 0.3134765625
5 0.29736328125 0.21435546875 0.0107421875 0.1123046875
5 0.09423828125 0.5302734375 0.0029296875 0.771484375
5 0.01904296875 0.43701171875 0.0126953125 0.6123046875
5 0.04443359375 0.33349609375 0.0166015625 0.5380859375
5 0.47705078125 0.529296875 0.7626953125 0.69140625
0 0.19677734375 0.06201171875 0.2333984375 0.0283203125
0 0.13916015625 0.07080078125 0.1572265625 0.0341796875
0 0.1240234375 0.3935546875 0.115234375 0.708984375
0 0.2041015625 0.48095703125 0.291015625 0.8486328125
0 0.26708984375 0.51513671875 0.3818359375 0.7763671875
0 0.1591796875 0.49169921875 0.138671875 0.8310546875
0 0.11572265625 0.4912109375 0.1259765625 0.919921875
0 0.35888671875 0.52197265625 0.5029296875 0.7978515625
0 0.0849609375 0.4228515625 0.017578125 0.666015625
0 0.05859375 0.33251953125 0.0546875 0.5283203125
0 0.3876953125 0.2744140625 0.705078125 0.455078125
0 0.37841796875 0.47900390625 0.6826171875 0.8525390625
5 0.064453125 0.220703125 0.07421875 0.37890625
0 0.22119140625 0.34912109375 0.3837890625 0.6630859375
0 0.20458984375 0.1162109375 0.1552734375 0.083984375
