4 0.35388 0.71961 0.22871999999999998 0.30069999999999997
1 0.53938 0.658785 0.34397999999999995 0.69321
7 0.17424 0.365545 0.06573999999999999 0.037870000000000015
7 0.413315 0.30988 0.06303000000000003 0.02295999999999998
7 0.43222499999999997 0.72133 0.56189 0.02180000000000004
7 0.44527999999999995 0.184205 0.67084 0.09755
7 0.155325 0.377595 0.01891000000000001 0.3971100000000001
0 0.11886 0.02984 0.16568 0.013779999999999997
0 0.281395 0.0637 0.48715 0.014920000000000003
0 0.2841 0.05337 0.54298 0.0746
0 0.248075 0.010329999999999999 0.45653 0.006879999999999999
0 0.25168 0.023530000000000002 0.47814 0.005739999999999999
0 0.26293500000000003 0.046479999999999994 0.45383 0.03328
0 0.396655 0.042465 0.57359 0.02525
0 0.402505 0.036155 0.76179 0.03099
0 0.3908 0.046485 0.74558 0.05165
0 0.380445 0.35923499999999997 0.7284700000000001 0.65419
