2 0.49507 0.126955 0.6381600000000001 0.019530000000000006
2 0.477735 0.197755 0.66039 0.23535
2 0.41552 0.056155 0.5430600000000001 0.03223
2 0.35597 0.174315 0.17688000000000004 0.11621
2 0.22220499999999999 0.311035 0.09598999999999999 0.11817
3 0.49773500000000004 0.484865 0.0035499999999999976 0.026370000000000005
4 0.377745 0.28320500000000004 0.15464999999999995 0.04297000000000001
6 0.28664 0.52588 0.13066 0.34471999999999997
5 0.410185 0.31201 0.56795 0.5185599999999999
5 0.42619 0.317385 0.60706 0.54883
2 0.34886 0.32129 0.18932000000000004 0.29882
3 0.28486500000000003 0.52637 0.12711 0.34179999999999994
