5 0.43555 0.27295 0.55078 0.08886
5 0.548825 0.39893 0.8164100000000001 0.7158199999999999
5 0.54248 0.44531 0.84082 0.75
5 0.661135 0.473145 0.5527299999999999 0.82519
5 0.523435 0.47705000000000003 0.84375 0.85644
5 0.811035 0.454105 0.26464999999999994 0.77539
5 0.919435 0.43407999999999997 0.024410000000000043 0.73144
5 0.93164 0.35253999999999996 0.04296 0.55664
5 0.90137 0.313965 0.09570000000000001 0.55371
5 0.6606449999999999 0.4043 0.5732499999999999 0.7148399999999999
5 0.608395 0.353515 0.6894499999999999 0.59765
4 0.674805 0.21631 0.35351 0.28808
5 0.60449 0.358885 0.74414 0.65137
5 0.654295 0.2959 0.64453 0.5293
5 0.697755 0.27197 0.53809 0.47753999999999996
5 0.69287 0.42578 0.55566 0.78906
5 0.63672 0.50293 0.6796800000000001 0.9589799999999999
5 0.789555 0.43603499999999995 0.37793 0.82911
5 0.7768550000000001 0.47363 0.38769 0.8925799999999999
5 0.938965 0.35205 0.0791099999999999 0.6611400000000001
5 0.651365 0.08936 0.61133 0.09667999999999999
5 0.5122099999999999 0.25879 0.9326199999999999 0.44726
5 0.49805 0.348145 0.9726600000000001 0.63769
