2 0.347445 0.11009 0.49655000000000005 0.03654
2 0.38660999999999995 0.19944499999999998 0.618 0.16193
2 0.33271 0.53811 0.36073999999999995 0.77606
2 0.1121 0.521325 0.10348000000000002 0.90047
2 0.34169499999999997 0.275475 0.59429 0.40877
2 0.363615 0.2656 0.6697500000000001 0.42852
5 0.19654 0.222155 0.33272 0.36533000000000004
1 0.05713 0.21179 0.03808 0.08590000000000003
2 0.32517 0.11947 0.5842200000000001 0.12836
2 0.323015 0.38309499999999996 0.58567 0.56871
2 0.37151999999999996 0.23450000000000001 0.61656 0.33076
2 0.315465 0.510955 0.5504500000000001 0.96267
2 0.10815 0.49417500000000003 0.13294 0.89751
0 0.101685 0.497625 0.12001 0.9241699999999999
0 0.306485 0.0548 0.58135 0.050359999999999995
0 0.331635 0.261645 0.63165 0.45221
