4 0.40869140625 0.37646484375 0.2666015625 0.0224609375
0 0.09765625 0.50830078125 0.015625 0.8095703125
0 0.11572265625 0.5068359375 0.1416015625 0.951171875
1 0.54052734375 0.53564453125 0.5771484375 0.7001953125
2 0.04248046875 0.47705078125 0.0283203125 0.5908203125
2 0.0927734375 0.4990234375 0.021484375 0.818359375
2 0.107421875 0.50244140625 0.15234375 0.9697265625
2 0.1650390625 0.30322265625 0.283203125 0.5322265625
0 0.04052734375 0.47607421875 0.0244140625 0.5966796875
2 0.0458984375 0.36181640625 0.060546875 0.6884765625
0 0.1875 0.212890625 0.34375 0.40234375
0 0.19287109375 0.22607421875 0.3583984375 0.4169921875
