4 0.29514 0.666685 0.11717999999999998 0.30051000000000005
6 0.368095 0.663345 0.09065000000000001 0.50753
1 0.60299 0.612145 0.7417199999999999 0.81471
2 0.238765 0.059545 0.24761 0.018930000000000002
2 0.19455 0.12076 0.30066000000000004 0.14801999999999998
2 0.19731 0.162495 0.31946 0.22704999999999997
0 0.02211 0.17307 0.00884 0.21704
0 0.016585000000000003 0.24931 0.00221 0.37396
3 0.53888 0.422385 0.2244 0.19923000000000002
7 0.45487 0.29105 0.57812 0.266
7 0.502955 0.63775 0.11275000000000002 0.1714
7 0.267505 0.652215 0.08401 0.33389
0 0.28132 0.38955 0.54054 0.7523799999999999
0 0.20284 0.025599999999999998 0.3482 0.006680000000000002
3 0.66876 0.8469899999999999 0.47974000000000006 0.55872
1 0.32996000000000003 0.5987899999999999 0.1426 0.93046
