3 0.5883700000000001 0.5451250000000001 0.34384000000000003 0.24023000000000005
4 0.336365 0.448955 0.13881000000000004 0.14027000000000006
0 0.47624500000000003 0.3532 0.79019 0.54848
1 0.57182 0.45315000000000005 0.8403799999999999 0.62744
2 0.39188999999999996 0.437195 0.6471 0.7635099999999999
2 0.40364 0.091975 0.62788 0.06131
2 0.410045 0.060899999999999996 0.7432099999999999 0.031079999999999997
2 0.42125500000000005 0.03612 0.73573 0.02184
2 0.244 0.17261 0.20182 0.10668000000000001
2 0.26375499999999996 0.224685 0.35664999999999997 0.23098999999999997
