0 0.93555 0.23144499999999998 0.011719999999999953 0.29883
0 0.91797 0.458495 0.023440000000000016 0.7412099999999999
0 0.82959 0.499025 0.1728599999999999 0.8964899999999999
0 0.6894549999999999 0.13867000000000002 0.5195299999999999 0.15234
0 0.7075199999999999 0.160155 0.48729999999999996 0.21875
0 0.69629 0.20801 0.48242 0.30663999999999997
0 0.67578 0.19629 0.5625 0.31446
0 0.6582 0.25488500000000003 0.5898399999999999 0.38477
3 0.5874 0.638185 0.20995999999999998 0.11034999999999995
7 0.730955 0.60303 0.16113 0.2509799999999999
7 0.464355 0.595215 0.3017500000000001 0.36621000000000004
7 0.6962900000000001 0.481935 0.14648000000000005 0.6162099999999999
7 0.47705000000000003 0.253905 0.40136000000000005 0.10936999999999997
2 0.65967 0.25439500000000004 0.5908200000000001 0.38769000000000003
2 0.70703 0.20215 0.5 0.31836
2 0.677735 0.19335999999999998 0.5664100000000001 0.3164
2 0.60205 0.46973 0.71386 0.86914
2 0.682615 0.47705000000000003 0.54883 0.85644
2 0.629395 0.49462999999999996 0.65137 0.89942
