2 0.36116499999999996 0.593535 0.63771 0.93149
2 0.378925 0.44389 0.63393 0.6277200000000001
2 0.39819000000000004 0.352535 0.609 0.20737000000000003
2 0.231965 0.31386000000000003 0.31885 0.22418
2 0.245945 0.317785 0.42236999999999997 0.42483
2 0.25274 0.08239 0.36344 0.04596000000000001
2 0.21911999999999998 0.416985 0.28108 0.6097899999999999
2 0.24443 0.506665 0.38308000000000003 0.78017
2 0.14847 0.49321000000000004 0.24556 0.78914
4 0.366835 0.706745 0.23649 0.32395000000000007
7 0.315455 0.45454000000000006 0.21685 0.2948
2 0.359655 0.314425 0.61051 0.44501
2 0.37326 0.47135499999999997 0.68002 0.77681
2 0.360415 0.486485 0.6482899999999999 0.84743
