0 0.12732 0.285525 0.16632 0.10652999999999999
0 0.13812 0.27696 0.22498 0.24818
0 0.11594 0.28984 0.18933999999999998 0.26408
0 0.13947500000000002 0.294335 0.20769 0.28596999999999995
0 0.158155 0.25695 0.22377 0.15686
0 0.197075 0.20725 0.13831000000000002 0.04894000000000001
0 0.172775 0.295015 0.24869 0.22703
0 0.176265 0.29099 0.30333 0.28962
0 0.185085 0.32360500000000003 0.31213 0.33081
0 0.186325 0.34635000000000005 0.32969 0.41994000000000004
0 0.1999 0.37926000000000004 0.3394 0.43946
0 0.21489 0.370505 0.33037999999999995 0.27889
0 0.13074 0.362735 0.20764 0.39627
0 0.147105 0.448405 0.14740999999999999 0.41506999999999994
0 0.098295 0.4762 0.14927 0.59838
0 0.087655 0.48968500000000004 0.11831 0.62043
0 0.08754 0.514865 0.13066 0.65701
0 0.062725 0.494765 0.08087 0.59005
0 0.11854 0.476355 0.18588 0.60375
0 0.12759500000000001 0.51071 0.16907 0.6450199999999999
0 0.152355 0.51676 0.19051 0.6001000000000001
0 0.18209999999999998 0.574365 0.17637999999999998 0.67989
0 0.18818 0.539745 0.29002 0.78067
0 0.195925 0.5682 0.26833 0.78376
0 0.24298 0.556 0.37754000000000004 0.80238
0 0.27222 0.5578350000000001 0.40152 0.76209
0 0.19918 0.448335 0.33815999999999996 0.60939
0 0.190625 0.50937 0.32263 0.67424
0 0.221705 0.51483 0.34893 0.6509400000000001
0 0.20201 0.42205 0.3434 0.55842
0 0.317025 0.32952499999999996 0.47895 0.27141
0 0.349825 0.26453 0.6514300000000001 0.38324
0 0.40376500000000004 0.330275 0.58795 0.33329
0 0.34264 0.37781 0.6408600000000001 0.58342
0 0.28802500000000003 0.41124499999999997 0.52537 0.58921
0 0.30460000000000004 0.40793 0.5531 0.5834999999999999
0 0.36224999999999996 0.23070500000000002 0.6918 0.33849
0 0.38989999999999997 0.257995 0.7228 0.36389
0 0.432105 0.29821 0.75233 0.36906
0 0.46034499999999995 0.33233 0.81943 0.47615999999999997
0 0.470665 0.269375 0.88971 0.42761
0 0.47738 0.21462499999999998 0.77756 0.19649
0 0.39605 0.14332999999999999 0.75482 0.19183999999999998
5 0.349375 0.165765 0.43947 0.12245
4 0.27635499999999996 0.22623 0.47004999999999997 0.18239999999999998
7 0.35890999999999995 0.182595 0.40685999999999994 0.11105000000000001
7 0.42910000000000004 0.34552499999999997 0.5162 0.19671
7 0.350445 0.35713 0.44303000000000003 0.25224
0 0.40721999999999997 0.37301 0.73694 0.6138800000000001
0 0.40237500000000004 0.40680499999999997 0.76227 0.6871700000000001
0 0.14146 0.36844499999999997 0.18863999999999997 0.39081
5 0.030685 0.26781499999999997 0.030129999999999997 0.14382999999999999
5 0.27377999999999997 0.409365 0.50134 0.59863
5 0.11734 0.23074 0.18184 0.15236000000000002
5 0.14717 0.210875 0.23976 0.13313000000000003
5 0.3993 0.14371 0.74844 0.185
5 0.473795 0.27255 0.88271 0.41388
5 0.464715 0.2802 0.89043 0.49889999999999995
5 0.46182999999999996 0.33581 0.8205 0.46996000000000004
5 0.41305 0.37746 0.73076 0.59918
0 0.06409000000000001 0.51471 0.09532 0.64924
0 0.298995 0.199395 0.55951 0.24663000000000002
0 0.0223 0.260675 0.023239999999999997 0.15909
0 0.26694999999999997 0.40748 0.51256 0.61278
0 0.233905 0.40992 0.43743000000000004 0.6020599999999999
0 0.202325 0.232215 0.37984999999999997 0.22568999999999997
0 0.175935 0.14842 0.31311 0.06708000000000001
0 0.13945000000000002 0.14913500000000002 0.21874000000000002 0.04446999999999998
0 0.22503 0.233095 0.1967 0.08965000000000001
0 0.20661500000000002 0.21417 0.37411 0.20239999999999997
5 0.26929 0.46191 0.45782 0.63902
5 0.278625 0.45243 0.5036700000000001 0.6675800000000001
