0 0.35883499999999996 0.26731499999999997 0.42057 0.28207
0 0.14432499999999998 0.10258999999999999 0.12312999999999999 0.01858
0 0.05776 0.16832 0.034699999999999995 0.10798
0 0.11485000000000001 0.334005 0.05624000000000001 0.38059
3 0.54042 0.554895 0.3147 0.58633
5 0.22119 0.22849000000000003 0.26904000000000006 0.2753
5 0.41664 0.166315 0.7133799999999999 0.12901
5 0.4564 0.13314 0.8498 0.1734
0 0.08779999999999999 0.07511999999999999 0.08059999999999999 0.027880000000000002
0 0.075965 0.12486 0.040490000000000005 0.049420000000000006
0 0.24090499999999998 0.31289999999999996 0.40061 0.50336
0 0.27543 0.309475 0.45000000000000007 0.39729000000000003
0 0.33085 0.28075 0.52504 0.46786000000000005
0 0.38287499999999997 0.060975 0.64405 0.04003
0 0.06451 0.45529000000000003 0.04774 0.37834
2 0.07325 0.11654500000000001 0.02704 0.061890000000000014
2 0.044685 0.169375 0.031169999999999996 0.11248999999999999
2 0.062044999999999996 0.4315 0.04919 0.43162000000000006
2 0.14477500000000001 0.1021 0.12793 0.021599999999999994
3 0.5623100000000001 0.6565449999999999 0.61292 0.053570000000000007
