4 0.66475 0.18188500000000002 0.47628 0.09129000000000001
0 0.732395 0.15431 0.4640500000000001 0.21963999999999997
0 0.71998 0.146895 0.51112 0.21594999999999998
0 0.722945 0.22521000000000002 0.49333 0.32438
5 0.7981849999999999 0.09082499999999999 0.30727000000000004 0.08155
5 0.8384 0.05584 0.2639 0.0051
5 0.85563 0.06464500000000001 0.25760000000000005 0.06441000000000001
5 0.835435 0.07368 0.28169 0.07322000000000001
5 0.83821 0.11677499999999999 0.28058000000000005 0.13345
5 0.8524849999999999 0.118395 0.23277000000000003 0.16821000000000003
5 0.880835 0.103105 0.20718999999999999 0.13762999999999997
5 0.80541 0.361215 0.009639999999999982 0.020850000000000035
5 0.74444 0.39365 0.2398 0.5222399999999999
5 0.51186 0.551205 0.63232 0.6779499999999999
0 0.495365 0.19069 0.94551 0.24606
5 0.525385 0.30167 0.86175 0.49954000000000004
5 0.50074 0.276185 0.95108 0.48192999999999997
1 0.8135650000000001 0.57924 0.10748999999999997 0.45042
5 0.868425 0.085495 0.21275 0.06163
5 0.49369999999999997 0.291475 0.88214 0.21223
5 0.487585 0.166125 0.87213 0.05607000000000001
5 0.4507 0.553985 0.6894 0.43140999999999996
5 0.73795 0.38346 0.41437999999999997 0.67238
0 0.912525 0.309775 0.14529000000000003 0.58063
0 0.87861 0.22544 0.22350000000000003 0.43050000000000005
0 0.7374 0.199725 0.51186 0.38091
0 0.647705 0.50139 0.69125 0.9768399999999999
0 0.63436 0.49166 0.71498 0.95366
0 0.636215 0.48308500000000004 0.71423 0.92725
0 0.63751 0.50139 0.7101599999999999 0.97312
0 0.620645 0.453425 0.73647 0.88647
0 0.621575 0.46409 0.74203 0.89296
0 0.567085 0.479845 0.84803 0.91705
0 0.60007 0.49884 0.78206 0.96988
0 0.565975 0.48911 0.8532299999999999 0.9578399999999999
0 0.581175 0.45366 0.82283 0.8813799999999999
0 0.56412 0.453895 0.8599 0.88369
0 0.5758 0.42168500000000003 0.8321000000000001 0.82113
0 0.58914 0.484015 0.80244 0.93651
