1 0.45296000000000003 0.56258 0.5074799999999999 0.53278
5 0.35049 0.47968500000000003 0.6404 0.89975
5 0.330465 0.492725 0.6205499999999999 0.92583
5 0.3197 0.507625 0.5747800000000001 0.9593700000000001
5 0.419645 0.30178 0.75853 0.44708000000000003
5 0.22009 0.27128 0.3621 0.42892
5 0.31465 0.319245 0.58622 0.5732900000000001
5 0.30118999999999996 0.326465 0.58084 0.60077
5 0.287225 0.3565 0.53541 0.618
5 0.34191 0.2927 0.6219 0.50158
5 0.348135 0.298755 0.64377 0.52485
5 0.35571 0.334615 0.67372 0.61893
5 0.41611000000000004 0.375135 0.78242 0.6738900000000001
5 0.38364000000000004 0.384445 0.72958 0.71859
5 0.37943 0.404235 0.7306 0.73769
5 0.365465 0.396325 0.68517 0.73303
5 0.360085 0.38072 0.67709 0.70742
5 0.34763 0.39865 0.66564 0.74514
5 0.34947999999999996 0.41844499999999996 0.64108 0.77169
5 0.371355 0.457095 0.6632899999999999 0.77821
5 0.340565 0.254045 0.60575 0.34603
4 0.131075 0.49249 0.08649 0.051700000000000024
2 0.044925 0.31831499999999996 0.03735000000000001 0.47828999999999994
2 0.06983 0.25172 0.05216 0.40098
2 0.018000000000000002 0.22913 0.005719999999999999 0.38373999999999997
0 0.10937 0.33112 0.14873999999999998 0.47596000000000005
0 0.09187 0.358135 0.12451999999999999 0.60449
0 0.14319 0.35184499999999996 0.1962 0.55653
2 0.08144 0.484105 0.033659999999999995 0.8583099999999999
0 0.07757 0.484575 0.040720000000000006 0.86297
0 0.06125 0.11526499999999999 0.08480000000000001 0.16161
0 0.06797500000000001 0.11316999999999999 0.10365 0.17418
0 0.065625 0.13925 0.08817 0.20026
0 0.07521 0.156945 0.10061999999999999 0.26173
0 0.112065 0.139715 0.09759 0.18629
0 0.12317 0.15159 0.17634 0.18954
0 0.11156 0.163235 0.15716 0.23891
0 0.12283 0.174645 0.19182 0.25987000000000005
0 0.14706 0.19793 0.22144000000000003 0.31016
0 0.189635 0.14018 0.22985 0.053099999999999994
0 0.18374000000000001 0.13668999999999998 0.34056 0.17464
0 0.19232500000000002 0.11735999999999999 0.35907 0.18256
0 0.21857000000000001 0.169985 0.36042 0.19094999999999995
0 0.24684 0.18116500000000002 0.40618 0.22075
0 0.14942 0.04378 0.13191999999999998 0.0018600000000000005
0 0.088505 0.085925 0.07471 0.09547
0 0.10466 0.06357 0.14201999999999998 0.06939999999999999
0 0.135115 0.057285 0.15851 0.06613
0 0.155305 0.050065 0.23118999999999998 0.027469999999999994
0 0.16405499999999998 0.03656 0.27831 0.00698
0 0.20409999999999998 0.04238 0.3584 0.04006
0 0.262655 0.07754 0.47551000000000004 0.08988000000000002
0 0.253235 0.10944 0.45667 0.12574
0 0.254245 0.119455 0.45599 0.18861
0 0.222945 0.09943 0.36917 0.11876
0 0.29900499999999997 0.12038499999999999 0.51589 0.17185
0 0.32121 0.17138 0.5522400000000001 0.20864
0 0.31784999999999997 0.22843 0.59128 0.31342
0 0.33013000000000003 0.18885 0.60104 0.31622
0 0.329625 0.085225 0.6013700000000001 0.07359
0 0.31028 0.058679999999999996 0.5828599999999999 0.054020000000000006
0 0.40046499999999996 0.118755 0.74709 0.13318999999999998
0 0.380945 0.12947 0.72689 0.18441999999999997
0 0.38817999999999997 0.16416 0.73194 0.21842
0 0.42250499999999996 0.19304 0.80059 0.31342000000000003
0 0.40349 0.17813500000000002 0.77468 0.29853
5 0.269555 0.172545 0.49334999999999996 0.27617
5 0.282175 0.191875 0.51185 0.29805
5 0.22059499999999999 0.223775 0.38869 0.32272999999999996
0 0.18694 0.210735 0.32138 0.34509
0 0.15968000000000002 0.24100500000000002 0.26148 0.37583
0 0.17617500000000003 0.25032 0.30523 0.43172
0 0.219075 0.34393 0.40585 0.62638
0 0.20764 0.35534 0.37758 0.6548
0 0.22547499999999998 0.3579 0.41325 0.6394200000000001
0 0.21436999999999998 0.36349 0.39104 0.6655
0 0.20141 0.504835 0.32878 0.87927
0 0.28402499999999997 0.40773000000000004 0.5142100000000001 0.70556
6 0.2953 0.62941 0.05956 0.19886000000000004
0 0.30001 0.49318999999999996 0.5583 0.92304
0 0.309435 0.48480999999999996 0.57715 0.8951
0 0.29311499999999996 0.505765 0.52161 0.96309
0 0.33618499999999996 0.43777 0.60507 0.8047599999999999
0 0.34931 0.45407 0.6178600000000001 0.79636
0 0.334675 0.462685 0.6249300000000001 0.8564499999999999
0 0.41729 0.31645 0.7672800000000001 0.5229999999999999
0 0.41207499999999997 0.28711000000000003 0.78243 0.5053
0 0.40585 0.266385 0.7847799999999999 0.49178999999999995
1 0.133435 0.5558299999999999 0.05553000000000001 0.6738799999999999
2 0.31482000000000004 0.21958499999999997 0.59868 0.34043
2 0.32525000000000004 0.21516 0.633 0.39306
2 0.33451 0.226105 0.6394 0.40563000000000005
2 0.24987 0.12714 0.4634 0.12016
2 0.18828499999999998 0.138085 0.22985 0.05449000000000001
2 0.19669999999999999 0.147165 0.32206 0.16765000000000002
2 0.219415 0.16905499999999998 0.36074999999999996 0.19280999999999998
2 0.109875 0.146 0.09994999999999998 0.17092000000000002
2 0.11509 0.165795 0.15750000000000003 0.23845
2 0.12115000000000001 0.174875 0.19384 0.25847
2 0.06747500000000001 0.139715 0.08783 0.19001
2 0.08632000000000001 0.08732 0.07706 0.09453999999999999
2 0.100285 0.06171 0.14673 0.061939999999999995
2 0.12737500000000002 0.06124 0.16995000000000002 0.057280000000000005
2 0.147565 0.04401 0.14033 0.003259999999999999
2 0.154635 0.052860000000000004 0.23523 0.025620000000000004
2 0.16574 0.038425 0.27898 0.010709999999999997
2 0.200065 0.04098 0.35570999999999997 0.040979999999999996
2 0.23119 0.017465 0.37354 0.011650000000000002
2 0.24701 0.02608 0.44018 0.011179999999999995
2 0.325755 0.0801 0.60575 0.07824
2 0.31162 0.058215 0.5828599999999999 0.053090000000000005
2 0.3303 0.020955 0.6242599999999999 0.01397
2 0.40130499999999997 0.11876 0.74473 0.12574000000000002
2 0.39104 0.177205 0.72016 0.14390999999999998
2 0.405345 0.19886 0.7716500000000001 0.2785
2 0.42217 0.21772000000000002 0.8053 0.28828
2 0.10971 0.32273999999999997 0.1548 0.47781999999999997
2 0.13562000000000002 0.32507 0.21202000000000001 0.5719
2 0.09237999999999999 0.35697 0.12956 0.5853999999999999
2 0.017165 0.438935 0.0006700000000000005 0.8163900000000001
2 0.19384 0.48946 0.33921999999999997 0.90814
2 0.21235 0.4543 0.40316 0.86576
5 0.260305 0.503205 0.33619 0.81081
5 0.29631 0.321575 0.48628 0.49224999999999997
5 0.32575499999999996 0.291535 0.50883 0.37443000000000004
5 0.33602 0.25521499999999997 0.63032 0.45081
5 0.330635 0.334845 0.60877 0.5989099999999999
5 0.359075 0.34648999999999996 0.68853 0.64828
5 0.39138 0.34904999999999997 0.7154600000000001 0.5882000000000001
5 0.40870999999999996 0.349055 0.78916 0.6515299999999999
7 0.25778 0.43195 0.3298 0.6124200000000001
2 0.24498999999999999 0.21492999999999998 0.46306 0.38328
2 0.27191 0.22563499999999997 0.46843999999999997 0.34509
2 0.1829 0.21818500000000002 0.32946 0.39725
2 0.15025999999999998 0.227735 0.28302 0.41821
2 0.14016 0.18978 0.23860000000000003 0.34416
2 0.321045 0.1623 0.55593 0.21841999999999998
2 0.29328 0.11945499999999999 0.52868 0.17743
2 0.230685 0.095705 0.43311000000000005 0.14857
2 0.256095 0.06706000000000001 0.38565 0.05216
2 0.12502 0.078005 0.211 0.12435
2 0.04913 0.12550999999999998 0.06596 0.20443999999999998
2 0.126535 0.232625 0.21537 0.42612999999999995
2 0.412075 0.30760499999999996 0.77703 0.55001
2 0.29177 0.03726 0.55392 0.02608
2 0.319025 0.11736 0.5572900000000001 0.08196
2 0.17701 0.03493 0.32709999999999995 0.0326
2 0.1935 0.07474499999999999 0.32777999999999996 0.08429
0 0.182565 0.09687 0.34225 0.15275999999999998
5 0.31095 0.295265 0.5841999999999999 0.54209
5 0.313305 0.337875 0.58353 0.6180100000000001
5 0.29563999999999996 0.343465 0.5657 0.64035
5 0.292105 0.37094 0.5438299999999999 0.6804
5 0.189635 0.402375 0.35368999999999995 0.76005
2 0.16708499999999998 0.336475 0.27091 0.55187
5 0.146055 0.321345 0.27057 0.59425
