5 0.5224609375 0.21728515625 0.810546875 0.2744140625
5 0.41552734375 0.4130859375 0.6474609375 0.599609375
5 0.267578125 0.39306640625 0.41796875 0.7119140625
4 0.4501953125 0.2783203125 0.072265625 0.064453125
5 0.49365234375 0.0625 0.5693359375 0.03125
5 0.109375 0.2197265625 0.078125 0.330078125
5 0.13671875 0.27880859375 0.0859375 0.3740234375
5 0.0927734375 0.373046875 0.115234375 0.65234375
2 0.37060546875 0.37646484375 0.6982421875 0.7021484375
2 0.38134765625 0.3828125 0.7197265625 0.71875
5 0.509765625 0.21533203125 0.93359375 0.1220703125
5 0.4306640625 0.24755859375 0.783203125 0.3583984375
5 0.3759765625 0.2744140625 0.705078125 0.494140625
5 0.5029296875 0.39453125 0.974609375 0.7109375
5 0.1435546875 0.2333984375 0.248046875 0.404296875
5 0.14501953125 0.169921875 0.2314453125 0.25390625
