5 0.8029999999999999 0.302595 0.10785999999999996 0.30491
5 0.833395 0.22104 0.25759 0.34198
5 0.94533 0.231925 0.045579999999999954 0.37303
5 0.833395 0.32159499999999996 0.08043 0.46895
5 0.959045 0.3633 0.023349999999999982 0.5709000000000001
5 0.8106 0.348935 0.28093999999999997 0.5718300000000001
5 0.664755 0.365615 0.29837 0.56071
5 0.646215 0.39342 0.54003 0.54216
5 0.59136 0.496755 0.6616 0.65617
5 0.663825 0.233545 0.6011900000000001 0.38925
5 0.64325 0.25139 0.64974 0.37488
5 0.642695 0.312325 0.47739 0.41705000000000003
5 0.60749 0.212235 0.6990400000000001 0.35033000000000003
5 0.6616 0.160335 0.62046 0.24653000000000003
5 0.623795 0.16265 0.66049 0.24003999999999998
5 0.50241 0.186285 0.5014799999999999 0.11676999999999998
0 0.76779 0.028499999999999998 0.36212 0.019
0 0.757965 0.027569999999999997 0.44255 0.006020000000000001
0 0.7199800000000001 0.046105 0.45182 0.0013900000000000023
0 0.73202 0.050275 0.49444 0.03939000000000001
0 0.74407 0.061865 0.47184000000000004 0.06627
0 0.73888 0.089435 0.47628000000000004 0.12327000000000002
0 0.755375 0.072285 0.43884999999999996 0.08897
0 0.751295 0.110055 0.41735 0.14783
0 0.77613 0.08851 0.39436000000000004 0.04356
0 0.800595 0.10518999999999999 0.33060999999999996 0.15106
0 0.7752 0.120945 0.36212 0.14551000000000003
0 0.766865 0.138785 0.40401 0.18675
0 0.9067799999999999 0.094065 0.11082000000000003 0.08063000000000001
0 0.948665 0.07924 0.05076999999999998 0.11028
0 0.9736849999999999 0.18883 0.015569999999999973 0.21640000000000004
0 0.8632299999999999 0.24305000000000002 0.1727200000000001 0.36562
0 0.849145 0.245595 0.25722999999999996 0.43559000000000003
0 0.83395 0.213625 0.26094000000000006 0.34199
0 0.86175 0.262515 0.21720000000000006 0.46014999999999995
0 0.835805 0.26784 0.26613 0.48378
0 0.9507 0.22243000000000002 0.05708000000000002 0.38554
0 0.72924 0.32762 0.48961999999999994 0.59592
0 0.835805 0.320205 0.30467 0.60333
0 0.82135 0.33457 0.33062 0.63206
0 0.64177 0.059545 0.64678 0.07275000000000001
0 0.63862 0.071825 0.68718 0.09917000000000001
0 0.62287 0.092215 0.6994 0.09545000000000001
0 0.604335 0.092675 0.73943 0.12975
0 0.586175 0.055375 0.70459 0.008809999999999998
0 0.663265 0.499305 0.62157 0.9263300000000001
0 0.654005 0.502315 0.65493 0.97127
5 0.663085 0.50046 0.6234299999999999 0.92308
5 0.649925 0.503935 0.64825 0.95783
5 0.749255 0.430025 0.16122999999999998 0.48192999999999997
5 0.6102650000000001 0.446245 0.19384999999999997 0.51437
5 0.51742 0.57507 0.43440000000000006 0.52734
4 0.558745 0.5447150000000001 0.12786999999999998 0.70945
4 0.7713099999999999 0.53823 0.10303999999999991 0.72614
