0 0.43657500000000005 0.316405 0.70397 0.44531
0 0.03666 0.18994 0.005639999999999999 0.27442
0 0.277735 0.485355 0.42389 0.8613299999999999
0 0.1673 0.51221 0.15789999999999998 0.90332
0 0.102915 0.48828499999999997 0.03665 0.84375
2 0.07378000000000001 0.331055 0.002820000000000003 0.49022999999999994
2 0.07002 0.47168 0.010340000000000002 0.80274
2 0.132525 0.49072000000000005 0.09963 0.87598
2 0.149445 0.5043949999999999 0.062030000000000016 0.94239
2 0.3299 0.220705 0.48686 0.25391
2 0.255175 0.16113 0.41637 0.14257999999999998
2 0.08646999999999999 0.16357500000000003 0.05639999999999999 0.19043000000000002
2 0.0329 0.328125 0.0018799999999999997 0.35156999999999994
2 0.24155 0.42432000000000003 0.30264 0.7666
2 0.3064 0.43310499999999996 0.46242000000000005 0.77637
0 0.29418 0.22754 0.46053999999999995 0.36913999999999997
0 0.279615 0.25244 0.44644999999999996 0.41503999999999996
4 0.2298 0.369625 0.11372000000000002 0.44629
2 0.07989 0.203615 0.04324 0.32519
1 0.41308 0.26367 0.63066 0.38672
1 0.30969 0.5166 0.21712 0.8457
7 0.41167 0.464845 0.45114000000000004 0.44531
7 0.439865 0.37988500000000003 0.68047 0.58789
7 0.40979 0.48779 0.6128 0.78418
7 0.28572 0.616695 0.15414 0.25293000000000004
7 0.40885 0.33838 0.0018799999999999928 0.08692
7 0.41401999999999994 0.55127 0.31673999999999997 0.67676
0 0.41542500000000004 0.44872999999999996 0.72183 0.82324
0 0.417775 0.41943499999999995 0.74909 0.81933
0 0.425765 0.43603499999999995 0.76883 0.82911
0 0.37501 0.42578 0.66732 0.8281200000000001
0 0.39052 0.42871 0.69458 0.82618
0 0.13346 0.47314 0.1391 0.9033199999999999
0 0.10996500000000001 0.47168 0.12971 0.9199200000000001
0 0.049815 0.296385 0.028189999999999993 0.5498099999999999
0 0.072375 0.143555 0.08083 0.21679
7 0.28901499999999997 0.41162 0.35620999999999997 0.5927800000000001
0 0.199255 0.5009750000000001 0.28197 0.9785100000000001
