2 0.820315 0.407715 0.15625 0.6396499999999999
2 0.86621 0.42041 0.13476 0.72754
2 0.918455 0.38574 0.04981000000000002 0.60742
2 0.863285 0.37451500000000004 0.09375 0.54199
2 0.77734 0.223145 0.3125 0.30175
2 0.74268 0.26172 0.34668 0.375
2 0.74414 0.33496 0.19921999999999995 0.41991999999999996
2 0.82959 0.2959 0.10253999999999996 0.41991999999999996
2 0.81201 0.250975 0.2314400000000001 0.36133000000000004
2 0.63623 0.419925 0.55176 0.60547
2 0.62549 0.38086 0.55762 0.26171999999999995
2 0.623535 0.14014 0.37403 0.07324
2 0.63721 0.20459 0.53418 0.17090000000000002
2 0.693845 0.229495 0.45214999999999994 0.28711
2 0.683105 0.34668 0.44239 0.41992
2 0.729005 0.366695 0.40527 0.6279300000000001
2 0.70557 0.48877000000000004 0.45996 0.833
2 0.572755 0.51172 0.66309 0.89844
2 0.479 0.48584000000000005 0.8584 0.45214000000000004
2 0.7446299999999999 0.50586 0.41308 0.94922
2 0.96338 0.337895 0.006839999999999957 0.5820299999999999
2 0.53857 0.06006 0.22168000000000004 0.03222
2 0.54297 0.09961 0.66406 0.050780000000000006
4 0.393065 0.719725 0.3037099999999999 0.3964899999999999
5 0.70703 0.41553 0.5078199999999999 0.7333999999999999
5 0.707035 0.421385 0.53125 0.7998099999999999
5 0.67432 0.39648 0.5849599999999999 0.7382799999999999
5 0.63574 0.391115 0.55664 0.64551
5 0.663575 0.45996 0.6220699999999999 0.85742
5 0.603025 0.44922 0.71973 0.83594
5 0.62988 0.4541 0.6699200000000001 0.8457
5 0.609865 0.03027 0.5654300000000001 0.01758
5 0.855955 0.279295 0.23731000000000002 0.50391
