2 0.5719000000000001 0.195805 0.07647999999999999 0.12793
2 0.20267000000000002 0.105465 0.029740000000000016 0.03125
5 0.5812550000000001 0.289065 0.51327 0.015629999999999977
5 0.40364500000000003 0.317875 0.43339 0.51465
5 0.462285 0.361815 0.5982500000000001 0.6181700000000001
5 0.48564999999999997 0.368165 0.64498 0.63477
5 0.50817 0.35938000000000003 0.68662 0.625
4 0.44911 0.282225 0.14022 0.17383
5 0.33694 0.03418 0.37135999999999997 0.005859999999999997
5 0.41426999999999997 0.028319999999999998 0.52262 0.009760000000000001
2 0.547685 0.23291 0.75205 0.04003999999999999
2 0.306345 0.22900500000000001 0.22859000000000002 0.28223
