0 0.2509765625 0.16796875 0.431640625 0.234375
0 0.27294921875 0.1865234375 0.4638671875 0.302734375
0 0.4462890625 0.19140625 0.806640625 0.296875
0 0.2275390625 0.16162109375 0.400390625 0.2333984375
0 0.11767578125 0.1064453125 0.0361328125 0.119140625
0 0.17626953125 0.04541015625 0.2080078125 0.0302734375
0 0.4365234375 0.169921875 0.794921875 0.17578125
0 0.2587890625 0.26318359375 0.369140625 0.4443359375
4 0.33056640625 0.37451171875 0.0634765625 0.2470703125
0 0.06884765625 0.35107421875 0.0322265625 0.4326171875
7 0.33349609375 0.31103515625 0.3271484375 0.2509765625
0 0.32666015625 0.146484375 0.6103515625 0.22265625
0 0.3701171875 0.10595703125 0.693359375 0.1533203125
