0 0.286095 0.369565 0.37279 0.42608999999999997
0 0.113245 0.65218 0.04658999999999999 0.8869600000000001
0 0.14684 0.639755 0.13330000000000003 1.2198900000000001
0 0.090485 0.13975500000000002 0.020589999999999997 0.13541
2 0.5342549999999999 0.6211199999999999 0.81709 0.01988000000000001
2 0.5770599999999999 0.20621499999999998 0.10946 0.014910000000000007
3 0.6567149999999999 0.78199 0.20373000000000008 0.29938
2 0.283925 0.36398 0.37713 0.43976000000000004
2 0.07965 0.6087 0.09428000000000002 1.1379000000000001
2 0.057975 0.609325 0.02493 1.02485
2 0.028715 0.56025 0.009750000000000002 1.0310599999999999
2 0.049850000000000005 0.14224 0.039020000000000006 0.20994000000000002
2 0.07586000000000001 0.124225 0.08236 0.16895
4 0.48982499999999995 0.48075 0.35545 0.05713999999999997
1 0.619865 0.8801300000000001 0.7022299999999999 0.51056
