5 0.421755 0.447085 0.5515300000000001 0.55675
5 0.235215 0.37438 0.12976999999999997 0.45953999999999995
5 0.11963 0.433025 0.036500000000000005 0.58969
5 0.594115 0.19923999999999997 0.57181 0.12211999999999998
5 0.53835 0.28037999999999996 0.7766 0.26511999999999997
4 0.576875 0.33019 0.054749999999999965 0.03373999999999999
5 0.251435 0.27476 0.39743 0.45954000000000006
5 0.42784 0.352285 0.7583599999999999 0.65637
5 0.22558 0.31332 0.38222 0.58166
5 0.05373 0.12854 0.04258000000000001 0.21209999999999998
2 0.176915 0.33823000000000003 0.28489 0.50292
2 0.23217000000000002 0.26552 0.44 0.48283999999999994
2 0.478025 0.15706 0.91145 0.26592
2 0.40959 0.30930500000000005 0.6975199999999999 0.55433
5 0.40047 0.05985 0.6955 0.07150000000000001
5 0.39033 0.280785 0.6914399999999999 0.51337
5 0.3736 0.296855 0.6296 0.5390699999999999
5 0.415165 0.31251500000000004 0.6802900000000001 0.54791
5 0.411115 0.32938999999999996 0.72895 0.5945
2 0.06641 0.380005 0.05576 0.72145
1 0.430885 0.42821 0.56167 0.71502
2 0.1465 0.345455 0.19162 0.55595
2 0.160695 0.320555 0.26867 0.5896899999999999
2 0.485125 0.23016999999999999 0.89319 0.37358
2 0.360425 0.34826999999999997 0.62757 0.62906
