4 0.635845 0.594565 0.17538999999999993 0.10877000000000003
4 0.224655 0.330585 0.18240999999999996 0.13117
1 0.2053 0.623555 0.12340000000000001 0.28008999999999995
1 0.308655 0.60689 0.19941 0.44766
0 0.140985 0.529155 0.13427 0.41384999999999994
0 0.150705 0.510185 0.22013 0.50509
0 0.11458499999999999 0.535775 0.15757 0.53921
0 0.18305 0.5547249999999999 0.16474 0.53723
0 0.14812999999999998 0.55578 0.25954 0.6447200000000001
0 0.16942000000000002 0.57378 0.28176 0.6811
0 0.145085 0.5938950000000001 0.17409 0.58251
0 0.152395 0.593695 0.24155000000000001 0.67485
0 0.1588 0.60065 0.2491 0.7054400000000001
5 0.188875 0.5455 0.33483 0.66654
0 0.37075 0.30172 0.685 0.42486
0 0.325795 0.29637 0.60305 0.38332
0 0.19521 0.237005 0.33204 0.10898999999999998
0 0.15881 0.266955 0.25642 0.14520999999999998
5 0.2246 0.327625 0.35886 0.30739000000000005
0 0.213255 0.329435 0.33907000000000004 0.24316999999999997
0 0.26074 0.36058999999999997 0.43228 0.3868
0 0.23871499999999998 0.40007000000000004 0.43385 0.46952
0 0.308865 0.20174 0.5623900000000001 0.20990000000000003
4 0.23065 0.435635 0.35296 0.36823
4 0.296235 0.51403 0.39431 0.51006
5 0.309175 0.38885000000000003 0.57731 0.53668
5 0.2621 0.366305 0.46321999999999997 0.43131
5 0.285745 0.267585 0.52647 0.29781
5 0.313175 0.27218 0.58565 0.34104
5 0.30134500000000003 0.18732000000000001 0.56519 0.18956
