2 0.706055 0.33203 0.44727 0.25
2 0.680175 0.36426 0.5185500000000001 0.54102
2 0.85498 0.074705 0.05176000000000003 0.04198999999999999
2 0.853025 0.46435499999999996 0.09472999999999998 0.52637
2 0.938475 0.44677999999999995 0.0410100000000001 0.62402
0 0.865235 0.27441499999999996 0.035150000000000015 0.07227
4 0.48584000000000005 0.51709 0.31348000000000004 0.000980000000000092
2 0.8696299999999999 0.27392500000000003 0.03808 0.07519
2 0.96289 0.30322 0.019540000000000002 0.41503999999999996
0 0.96631 0.2959 0.022459999999999924 0.41991999999999996
0 0.87988 0.41992 0.1543 0.6367200000000001
0 0.9785200000000001 0.42040999999999995 0.011720000000000064 0.69628
