5 0.493835 0.23323499999999997 0.5827899999999999 0.14095
5 0.535645 0.292195 0.72955 0.12213000000000002
5 0.525505 0.25918 0.79861 0.35488000000000003
3 0.641655 0.548715 0.13843000000000005 0.06179000000000001
2 0.012809999999999998 0.160585 0.00532 0.21347
2 0.49407 0.15726 0.8649800000000001 0.05507999999999999
2 0.412835 0.40089 0.76923 0.62258
5 0.04528 0.327875 0.02704 0.49159
5 0.11086499999999999 0.37011499999999997 0.16303 0.64177
5 0.2279 0.44278 0.3772 0.7518600000000001
5 0.253185 0.429875 0.42379 0.71993
5 0.42113 0.40845 0.78392 0.76122
5 0.47407000000000005 0.44175000000000003 0.83072 0.74178
5 0.35452500000000003 0.422975 0.64651 0.7628699999999999
0 0.191865 0.5049 0.34121 0.9666
