0 0.50537 0.467775 0.81348 0.56055
0 0.67334 0.11865 0.38378000000000007 0.016600000000000004
0 0.798825 0.27880499999999997 0.20703000000000005 0.38965
0 0.85059 0.21581999999999998 0.18164000000000002 0.33008
0 0.802735 0.44238 0.14453000000000005 0.5800799999999999
0 0.5498 0.480465 0.30663999999999997 0.82031
0 0.578125 0.33252 0.64063 0.40332
0 0.63184 0.25293 0.55664 0.20118
0 0.783695 0.105955 0.20214999999999994 0.06542999999999999
0 0.79785 0.148925 0.27148000000000005 0.14550999999999997
0 0.62109 0.10839499999999999 0.5625 0.06445
0 0.567385 0.12060499999999999 0.66211 0.06738999999999999
0 0.87451 0.18847999999999998 0.10644000000000009 0.15819999999999998
0 0.5014649999999999 0.35889000000000004 0.7744099999999999 0.44824
0 0.53467 0.51025 0.23144000000000003 0.9150400000000001
2 0.918455 0.42383 0.026370000000000005 0.6132799999999999
2 0.921385 0.50586 0.01269000000000009 0.8086
2 0.933105 0.33545 0.020510000000000028 0.38573999999999997
2 0.638185 0.42822000000000005 0.48535 0.50098
2 0.691405 0.42334000000000005 0.39842999999999995 0.61622
2 0.80469 0.462405 0.23438000000000003 0.7880900000000001
2 0.771485 0.46484 0.32421 0.77344
2 0.81494 0.51465 0.15528000000000008 0.7793
2 0.8876999999999999 0.43945 0.06836000000000009 0.61328
2 0.90625 0.21777000000000002 0.031260000000000066 0.056639999999999996
2 0.549805 0.04492 0.79101 0.011720000000000001
2 0.5 0.175785 0.7578199999999999 0.03125
2 0.498535 0.186525 0.87403 0.17773000000000003
2 0.495605 0.229005 0.75489 0.21191
2 0.52783 0.24316500000000002 0.7685599999999999 0.35351
2 0.546875 0.51709 0.6328100000000001 0.71778
2 0.509765 0.49463 0.76953 0.81348
2 0.48291 0.490235 0.8896400000000001 0.6289100000000001
2 0.636715 0.30664 0.49218999999999996 0.27734
2 0.759275 0.24170000000000003 0.33691000000000004 0.19824
2 0.80078 0.279785 0.21094000000000002 0.39161
2 0.8549800000000001 0.342775 0.15332 0.36523000000000005
2 0.88574 0.342285 0.04491999999999996 0.37597
5 0.7480450000000001 0.32959 0.19140999999999997 0.48339999999999994
5 0.804685 0.36279 0.29686999999999997 0.65918
0 0.911135 0.21289 0.025390000000000024 0.058599999999999985
0 0.82666 0.15185500000000002 0.0771400000000001 0.05174999999999999
0 0.71924 0.103515 0.2685599999999999 0.12891000000000002
0 0.703615 0.02783 0.04198999999999997 0.018559999999999997
0 0.749025 0.10889 0.3378899999999999 0.028320000000000012
0 0.78662 0.091795 0.22754000000000008 0.12109
0 0.638185 0.30664 0.49316999999999994 0.27734
0 0.63574 0.32323999999999997 0.5957 0.49024
0 0.543455 0.49022999999999994 0.72949 0.42578
0 0.48877000000000004 0.486815 0.88574 0.6181700000000001
0 0.49462999999999996 0.53223 0.65528 0.7675799999999999
0 0.574705 0.473635 0.66699 0.75195
0 0.824705 0.50684 0.17481000000000002 0.79492
0 0.9209 0.5043949999999999 0.01758000000000004 0.81739
0 0.959475 0.47363 0.024410000000000043 0.61914
0 0.76074 0.46436 0.2207 0.7841800000000001
0 0.883305 0.43701 0.002929999999999988 0.6123000000000001
2 0.509765 0.33594 0.78515 0.4375
2 0.477055 0.48778999999999995 0.6904299999999999 0.43261999999999995
2 0.5249 0.53613 0.18848000000000004 0.7675799999999999
2 0.8037099999999999 0.43457 0.14258000000000004 0.5956999999999999
2 0.427735 0.123535 0.19141000000000002 0.07715000000000001
2 0.8686499999999999 0.200685 0.10253999999999996 0.09277000000000002
2 0.79834 0.17676 0.26660000000000006 0.11914000000000001
2 0.765625 0.13428 0.39843000000000006 0.18652
2 0.612305 0.18555 0.46289 0.09766
2 0.62793 0.25683500000000004 0.5410200000000001 0.20117000000000002
2 0.64209 0.306155 0.50098 0.28027
2 0.641115 0.32226499999999997 0.60449 0.49609
2 0.578615 0.330565 0.6435500000000001 0.39941000000000004
2 0.640625 0.356445 0.6484300000000001 0.6425700000000001
0 0.690915 0.41845499999999997 0.45801 0.62207
5 0.742675 0.37451 0.46387 0.69824
