2 0.21382 0.121095 0.014979999999999993 0.14063
2 0.214235 0.07617 0.019130000000000008 0.05078
2 0.1976 0.515135 0.17222 0.8623099999999999
2 0.284535 0.44385 0.17305 0.72754
2 0.37646999999999997 0.46582 0.4135 0.6660200000000001
2 0.48255000000000003 0.546385 0.46258000000000005 0.69043
5 0.47214999999999996 0.527345 0.48838 0.71875
5 0.549105 0.31787 0.65893 0.0009799999999999809
5 0.55909 0.23242000000000002 0.38603999999999994 0.22266
5 0.37439 0.061524999999999996 0.36274000000000006 0.021490000000000002
2 0.17513 0.123535 0.052419999999999994 0.14941
5 0.44011999999999996 0.0835 0.53746 0.08496000000000001
5 0.46216500000000005 0.05469 0.58155 0.015620000000000002
5 0.47839 0.033205 0.60402 0.019530000000000002
5 0.378135 0.416015 0.41348999999999997 0.76953
5 0.22505 0.308595 0.11398000000000003 0.52343
2 0.428885 0.36426 0.5216500000000001 0.58008
2 0.5686599999999999 0.12744 0.66808 0.14942
2 0.178875 0.265135 0.014970000000000011 0.40137
2 0.28537 0.36767500000000003 0.25792 0.63769
2 0.30534 0.373535 0.30118 0.61817
4 0.46133 0.330565 0.14726 0.14941000000000004
