2 0.967195 0.518535 0.021870000000000056 0.8591300000000001
0 0.670315 0.24212 0.6104499999999999 0.42678000000000005
0 0.66123 0.24096499999999998 0.6449199999999999 0.43003
0 0.66642 0.309085 0.5989599999999999 0.56997
0 0.7086699999999999 0.316265 0.55004 0.60843
0 0.70274 0.32947 0.5529999999999999 0.6181599999999999
0 0.69718 0.34152 0.56412 0.63484
0 0.69162 0.366775 0.57524 0.65755
0 0.711085 0.3677 0.54967 0.67794
0 0.727945 0.46177 0.51149 0.8623799999999999
0 0.703855 0.48818 0.55375 0.8633000000000001
0 0.706635 0.50649 0.51705 0.95366
0 0.757415 0.458295 0.42438999999999993 0.87581
0 0.704965 0.22011000000000003 0.54559 0.38832
0 0.7192350000000001 0.2266 0.50371 0.40499999999999997
0 0.72795 0.12419 0.50556 0.2076
0 0.7168300000000001 0.14203000000000002 0.49518000000000006 0.2303
5 0.73017 0.34036500000000003 0.49222000000000005 0.61585
5 0.72498 0.22405 0.50556 0.39806
1 0.8912150000000001 0.461305 0.07152999999999998 0.10241
7 0.657895 0.453895 0.42625 0.51297
7 0.56579 0.392725 0.6237999999999999 0.5574699999999999
7 0.6621600000000001 0.543095 0.38658000000000003 0.71919
0 0.6562250000000001 0.22104000000000001 0.64159 0.39017999999999997
0 0.7449950000000001 0.024329999999999997 0.48034999999999994 0.002319999999999999
0 0.707745 0.05028 0.56227 0.054220000000000004
0 0.7201599999999999 0.0804 0.52706 0.09592
0 0.7361 0.332485 0.51298 0.63345
