1 0.37429 0.144645 0.20722000000000002 0.09643
0 0.155665 0.23556 0.17648999999999998 0.3769
0 0.15368 0.19065500000000002 0.21218 0.31653
0 0.119475 0.202805 0.14773000000000003 0.32021
2 0.66777 0.426215 0.046599999999999975 0.45197
2 0.55871 0.5635 0.69306 0.37173999999999996
3 0.753805 0.562395 0.4962899999999999 0.37101
2 0.120965 0.17446 0.17847 0.27236000000000005
2 0.15021 0.18771000000000002 0.21714 0.32242
2 0.12047 0.19874999999999998 0.14972000000000002 0.32684
2 0.155665 0.236295 0.18441000000000002 0.37837000000000004
