0 0.153845 0.38304499999999997 0.21111000000000002 0.51291
0 0.21672999999999998 0.46164 0.32694 0.6529999999999999
0 0.03838 0.164165 0.03528 0.11098999999999999
0 0.08321500000000001 0.14825 0.08381000000000001 0.05593999999999999
0 0.18905 0.184545 0.24641999999999997 0.19017
0 0.13267500000000002 0.20849499999999999 0.21513000000000002 0.20731
0 0.133845 0.2127 0.20363 0.22897999999999996
0 0.10736000000000001 0.27673 0.13848 0.32684
0 0.1623 0.15402 0.18059999999999998 0.06026000000000001
0 0.180365 0.129215 0.29727000000000003 0.09078999999999998
0 0.251695 0.179705 0.39641000000000004 0.15681
0 0.116235 0.170685 0.17182999999999998 0.12558999999999998
2 0.10963500000000001 0.21404499999999999 0.02491 0.12072999999999998
2 0.419115 0.41962 0.5799099999999999 0.12459999999999999
2 0.55217 0.571705 0.56808 0.47153
1 0.5724899999999999 0.65237 0.5905 0.23296000000000006
0 0.32774499999999995 0.312535 0.48206999999999994 0.4502900000000001
0 0.31449 0.30096999999999996 0.559 0.42838
0 0.35196 0.338385 0.6368999999999999 0.54153
2 0.376985 0.343755 0.40895 0.34489000000000003
