0 0.44287109375 0.31640625 0.7490234375 0.4453125
0 0.03125 0.18994140625 0.015625 0.2744140625
0 0.27001953125 0.4853515625 0.4736328125 0.861328125
0 0.154296875 0.51220703125 0.19921875 0.9033203125
0 0.08837890625 0.48828125 0.0712890625 0.84375
2 0.06494140625 0.3310546875 0.0166015625 0.490234375
2 0.05517578125 0.4716796875 0.0205078125 0.802734375
2 0.119140625 0.49072265625 0.13671875 0.8759765625
2 0.13671875 0.50439453125 0.1015625 0.9423828125
2 0.3359375 0.220703125 0.515625 0.25390625
2 0.26025390625 0.1611328125 0.4384765625 0.142578125
2 0.083984375 0.16357421875 0.06640625 0.1904296875
2 0.021484375 0.328125 0.01171875 0.3515625
2 0.2353515625 0.42431640625 0.345703125 0.7666015625
2 0.302734375 0.43310546875 0.51171875 0.7763671875
0 0.2978515625 0.2275390625 0.494140625 0.369140625
0 0.28173828125 0.25244140625 0.4814453125 0.4150390625
4 0.22607421875 0.36962890625 0.1357421875 0.4462890625
2 0.076171875 0.20361328125 0.05859375 0.3251953125
1 0.41943359375 0.263671875 0.6708984375 0.38671875
1 0.30322265625 0.5166015625 0.2587890625 0.845703125
7 0.4111328125 0.46484375 0.486328125 0.4453125
7 0.443359375 0.3798828125 0.73046875 0.587890625
7 0.408203125 0.48779296875 0.66796875 0.7841796875
7 0.2744140625 0.61669921875 0.169921875 0.2529296875
7 0.4130859375 0.33837890625 0.005859375 0.0869140625
7 0.40966796875 0.55126953125 0.3544921875 0.6767578125
0 0.4150390625 0.44873046875 0.783203125 0.8232421875
0 0.41845703125 0.41943359375 0.8095703125 0.8193359375
0 0.4267578125 0.43603515625 0.830078125 0.8291015625
0 0.3740234375 0.42578125 0.724609375 0.828125
0 0.39013671875 0.4287109375 0.7529296875 0.826171875
0 0.12109375 0.47314453125 0.1796875 0.9033203125
0 0.0966796875 0.4716796875 0.169921875 0.919921875
0 0.041015625 0.29638671875 0.05078125 0.5498046875
0 0.0703125 0.1435546875 0.09375 0.216796875
7 0.28466796875 0.41162109375 0.3935546875 0.5927734375
0 0.1884765625 0.5009765625 0.330078125 0.978515625
