5 0.484985 0.41103 0.82691 0.49211999999999995
1 0.461085 0.49398000000000003 0.7309100000000001 0.32808000000000004
1 0.44014 0.54518 0.49556 0.70668
5 0.600075 0.43118999999999996 0.68421 0.6937
5 0.6701250000000001 0.42956000000000005 0.61231 0.7924
0 0.6712400000000001 0.43026000000000003 0.61898 0.80676
0 0.64659 0.426555 0.66086 0.78823
0 0.673835 0.460845 0.57821 0.85681
0 0.678465 0.47242500000000004 0.6000700000000001 0.89481
0 0.72035 0.508575 0.46885999999999994 0.9003699999999999
0 0.75519 0.37813 0.39918 0.66728
0 0.757415 0.323915 0.40066999999999997 0.5477299999999999
0 0.79559 0.32437 0.351 0.5709000000000001
0 0.82543 0.35913 0.28688 0.66636
0 0.82635 0.37279500000000004 0.3043 0.68443
0 0.96479 0.28220500000000004 0.009639999999999982 0.48285000000000006
0 0.9755400000000001 0.32298499999999997 0.010379999999999945 0.56071
0 0.96164 0.37048000000000003 0.03076000000000001 0.67238
0 0.8167150000000001 0.377205 0.33543 0.70621
0 0.81579 0.39296000000000003 0.3447 0.73772
0 0.802075 0.38160000000000005 0.35731 0.70204
5 0.554855 0.39875000000000005 0.8131900000000001 0.66218
5 0.520385 0.40871500000000005 0.86731 0.69509
5 0.5845100000000001 0.17377 0.75982 0.24374
5 0.80356 0.07785 0.32172 0.05932
5 0.7425900000000001 0.040775 0.38288 0.02595
5 0.8511850000000001 0.02224 0.15085000000000004 0.011119999999999998
5 0.8975150000000001 0.038459999999999994 0.14120999999999995 0.02132
5 0.854895 0.064875 0.22943000000000002 0.04077
0 0.48906499999999997 0.32553 0.88399 0.45643999999999996
0 0.50445 0.37465499999999996 0.91104 0.62141
1 0.513525 0.27039 0.70163 0.038459999999999994
5 0.7941050000000001 0.115615 0.06708999999999998 0.037529999999999994
5 0.76223 0.13508 0.23684000000000005 0.03476000000000001
5 0.70015 0.24977 0.27945999999999993 0.07322000000000004
5 0.90808 0.14875 0.05634000000000006 0.09732
5 0.88584 0.21501499999999998 0.08006000000000002 0.25209
5 0.760745 0.28985 0.28725 0.40362
5 0.6894 0.328545 0.36324 0.30121000000000003
5 0.6875450000000001 0.39736000000000005 0.48555000000000004 0.49258
5 0.6686449999999999 0.550975 0.34841 0.67933
5 0.637695 0.51251 0.5659700000000001 0.9064
5 0.602855 0.4576 0.6979299999999999 0.7836000000000001
0 0.59711 0.157785 0.7791 0.27293
0 0.56227 0.38878500000000005 0.82506 0.67377
0 0.542995 0.354495 0.87249 0.6126100000000001
0 0.53484 0.32252000000000003 0.8888 0.5597799999999999
0 0.54874 0.42377499999999996 0.76464 0.70853
0 0.61156 0.41542999999999997 0.7235 0.73262
0 0.6137900000000001 0.434665 0.72202 0.79889
0 0.637135 0.015295 0.68421 0.006490000000000001
0 0.68328 0.253245 0.58154 0.42679
4 0.59396 0.699255 0.26871999999999996 0.20667000000000002
0 0.81264 0.065105 0.34358 0.08387
0 0.8606400000000001 0.05491 0.255 0.08202000000000001
0 0.907525 0.032905000000000004 0.15381 0.02873
0 0.88269 0.013205000000000001 0.20052000000000003 0.00881
