2 0.41285000000000005 0.055385000000000004 0.68072 0.03485
2 0.44692 0.08098 0.77294 0.04234
2 0.33138 0.43204 0.59426 0.69122
2 0.28065999999999997 0.44932500000000003 0.46659999999999996 0.68691
2 0.301645 0.481875 0.54791 0.8793099999999999
2 0.31983500000000004 0.484615 0.59177 0.86575
2 0.261855 0.47969 0.47965 0.87132
2 0.27842 0.46656 0.50424 0.8526
2 0.239905 0.549825 0.35911 0.53047
2 0.17838 0.375895 0.24948 0.56677
2 0.181325 0.423465 0.26741 0.70427
2 0.151985 0.375875 0.23279 0.64799
5 0.149955 0.509265 0.15238999999999997 0.60619
5 0.11075 0.373665 0.09990000000000002 0.41625
5 0.484785 0.288065 0.54287 0.30467
5 0.46191 0.483925 0.7082 0.52743
5 0.33136 0.22903 0.19784 0.013300000000000006
5 0.16947 0.23702499999999999 0.014640000000000014 0.31969000000000003
5 0.152985 0.09273999999999999 0.09353000000000002 0.02574
5 0.27231500000000003 0.30615000000000003 0.42199000000000003 0.50766
5 0.2391 0.26041 0.36382 0.42407999999999996
5 0.3747 0.451095 0.6325 0.73607
5 0.40102499999999996 0.48038 0.70109 0.7105
5 0.103735 0.466155 0.08934999999999998 0.62035
3 0.735835 0.745355 0.49177000000000004 0.49459000000000003
2 0.26883 0.18514 0.36336 0.042320000000000024
2 0.22843 0.164225 0.31876 0.17001
2 0.195735 0.16745000000000002 0.30913 0.26958
2 0.35277 0.213115 0.63786 0.35729
2 0.42811499999999997 0.264445 0.62481 0.32635000000000003
2 0.43766499999999997 0.241585 0.81705 0.39903
2 0.42029999999999995 0.22061999999999998 0.7773 0.37622
2 0.390265 0.439865 0.73359 0.80703
2 0.2678 0.265275 0.4603 0.45371
5 0.33615500000000004 0.15233 0.54889 0.16570000000000001
2 0.333835 0.14797 0.54813 0.17624
