4 0.282225 0.529785 0.42383000000000004 0.33496999999999993
5 0.5136700000000001 0.466795 0.46484000000000003 0.43359000000000003
5 0.62549 0.486815 0.44823999999999997 0.58691
5 0.456055 0.39209 0.6738299999999999 0.16308
5 0.541505 0.277345 0.18652999999999992 0.17969000000000002
5 0.5659150000000001 0.22461 0.53613 0.09766000000000002
6 0.6113299999999999 0.631835 0.07422000000000006 0.14649
0 0.667485 0.45459 0.5595699999999999 0.8193400000000001
0 0.606445 0.413575 0.64649 0.71387
0 0.86279 0.07861 0.21582 0.05176
0 0.80615 0.08887 0.31348 0.09179999999999999
0 0.801755 0.066405 0.31055 0.04687
0 0.83789 0.155275 0.26954 0.22460999999999998
0 0.748535 0.23291 0.33497 0.29003999999999996
0 0.711915 0.21582 0.45898999999999995 0.3457
0 0.5532250000000001 0.06836 0.80371 0.027340000000000003
0 0.53418 0.059575 0.87696 0.025390000000000003
0 0.56592 0.12158 0.80176 0.15332
0 0.55762 0.149415 0.8456999999999999 0.19727
0 0.52734 0.205565 0.875 0.30567
0 0.5292950000000001 0.219725 0.8554700000000001 0.33789
0 0.6914049999999999 0.08643 0.51563 0.09082000000000001
0 0.725585 0.092775 0.47071 0.09178999999999998
1 0.48095499999999997 0.49951 0.62793 0.63574
0 0.519045 0.47265500000000005 0.74707 0.67187
7 0.5981449999999999 0.52344 0.37793 0.83594
2 0.65332 0.336915 0.63086 0.61133
0 0.680665 0.298825 0.59961 0.54297
5 0.510255 0.15186 0.9287099999999999 0.22168
