5 0.36479500000000004 0.09928000000000001 0.69219 0.1295
5 0.351975 0.052995 0.67983 0.06570999999999999
5 0.35771000000000003 0.06643 0.68646 0.0849
5 0.34293 0.05324 0.65932 0.06810000000000001
5 0.32121 0.05372 0.6183000000000001 0.053720000000000004
5 0.338705 0.082975 0.64363 0.11223
5 0.34564 0.087055 0.66474 0.11463
5 0.35152 0.10431499999999999 0.6752999999999999 0.14149
5 0.03725 0.09257 0.022619999999999998 0.09688
5 0.370975 0.19161 0.62855 0.20096000000000003
5 0.38756500000000005 0.148445 0.59175 0.11847
5 0.35982000000000003 0.055155 0.62554 0.03549000000000001
5 0.379875 0.069545 0.72717 0.08537
5 0.128635 0.09976499999999999 0.21262999999999999 0.14581
5 0.08656 0.188975 0.14176 0.32423
5 0.154725 0.10744 0.27085000000000004 0.15732
5 0.25546 0.106955 0.47714 0.16019
5 0.26843 0.111755 0.5055 0.17363
5 0.256065 0.12182499999999999 0.48077000000000003 0.19377
0 0.183225 0.33094 0.33147 0.6158399999999999
0 0.226205 0.37890500000000005 0.42345 0.71177
0 0.23073000000000002 0.38514000000000004 0.44456 0.72424
0 0.21776 0.38466 0.40656000000000003 0.72712
0 0.23043 0.34749 0.43432 0.6662
0 0.24325 0.36044 0.46115999999999996 0.66524
0 0.26195 0.39713 0.47684 0.70218
0 0.248825 0.38561999999999996 0.47111 0.72136
0 0.27145 0.33502 0.4874 0.5990599999999999
0 0.278985 0.37459 0.53143 0.69546
0 0.268735 0.38754 0.5085099999999999 0.7252000000000001
0 0.24083000000000002 0.496655 0.44668 0.92999
0 0.3185 0.5014500000000001 0.59598 0.93576
0 0.34760500000000005 0.11727000000000001 0.64815 0.1482
1 0.42723 0.55565 0.59266 0.7908999999999999
4 0.401745 0.638385 0.13271 0.039329999999999976
5 0.29271 0.185375 0.2633 0.08873
5 0.337495 0.535505 0.44819000000000003 0.013910000000000089
5 0.24883 0.208635 0.12004000000000001 0.13909
5 0.113705 0.378425 0.04041 0.45372999999999997
5 0.08052999999999999 0.548455 0.046439999999999995 0.6000099999999999
5 0.142815 0.292095 0.09199 0.21199
5 0.22123 0.22877999999999998 0.32544 0.27722
5 0.301155 0.319435 0.41291 0.45085000000000003
5 0.30327000000000004 0.42518999999999996 0.37852 0.54918
5 0.37444500000000003 0.5345449999999999 0.5208699999999999 0.8676499999999999
0 0.34142 0.494255 0.66112 0.95973
0 0.25335 0.10432 0.4874 0.17218
0 0.2529 0.11487 0.4877 0.19712000000000002
0 0.26451 0.10384 0.51454 0.18658
0 0.340365 0.047 0.66505 0.07866000000000001
0 0.31865000000000004 0.048205 0.62644 0.06763
0 0.031215 0.0777 0.03227000000000001 0.12086
