0 0.358915 0.495775 0.47855000000000003 0.79713
0 0.343955 0.50696 0.45860999999999996 0.92448
2 0.064805 0.09623999999999999 0.02991 0.07582
2 0.079135 0.15894 0.02617 0.16624
3 0.719065 0.52397 0.5657699999999999 0.19635999999999998
3 0.654265 0.679995 0.4062700000000001 0.18372999999999995
1 0.5458500000000001 0.58716 0.26420000000000005 0.45106
0 0.47107 0.47827499999999995 0.9122399999999999 0.92545
0 0.472945 0.490915 0.9109900000000001 0.9507300000000001
0 0.51842 0.498695 0.9670599999999999 0.9351700000000001
