2 0.199315 0.306205 0.22347 0.49468999999999996
2 0.227625 0.21546 0.36767 0.3048
2 0.18232500000000001 0.19164 0.28311 0.302
2 0.18912 0.217915 0.30274 0.37977
2 0.08380499999999999 0.250145 0.013590000000000005 0.25365000000000004
2 0.079275 0.15766 0.05587 0.2032
2 0.14268999999999998 0.07147 0.04982 0.01401999999999999
2 0.271415 0.03363 0.38881 0.01682
0 0.05247 0.35314999999999996 0.0007600000000000037 0.57738
5 0.22649 0.256105 0.3805 0.41411000000000003
5 0.25405 0.2512 0.45676000000000005 0.44354
1 0.347665 0.38748 0.46279000000000003 0.52272
4 0.39523 0.365065 0.056620000000000004 0.05185000000000001
6 0.25065 0.401495 0.042279999999999984 0.4330299999999999
2 0.04681 0.30584999999999996 0.03926 0.56406
2 0.217055 0.166415 0.24989000000000003 0.25155
