3 0.69345 0.71038 0.38593999999999995 0.42168000000000005
0 0.095445 0.46988 0.003470000000000001 0.85078
0 0.105685 0.46593999999999997 0.04060999999999999 0.8596
0 0.10273 0.48470500000000005 0.016660000000000008 0.88415
0 0.11435999999999999 0.48262000000000005 0.05239999999999999 0.89666
0 0.1718 0.50672 0.12702 0.9448599999999999
2 0.173015 0.497915 0.12807000000000002 0.9569099999999999
0 0.07861 0.15314999999999998 0.03852 0.23772
0 0.07306 0.21617 0.06352 0.37118
0 0.11852499999999999 0.187445 0.05241 0.29889000000000004
0 0.130675 0.22127 0.06837 0.36284
0 0.09874 0.119785 0.02256000000000001 0.18211
0 0.12026 0.148285 0.035059999999999994 0.20389000000000002
0 0.15461999999999998 0.06001 0.06352 0.03382
0 0.164165 0.023864999999999997 0.15619 0.009729999999999999
0 0.17319 0.044719999999999996 0.18672 0.0431
0 0.13206 0.082485 0.06838000000000001 0.07971
0 0.20911 0.08827499999999999 0.19888 0.11166999999999999
0 0.18846000000000002 0.106115 0.20616 0.15663000000000002
0 0.190195 0.12002 0.18740999999999997 0.17701999999999998
0 0.225945 0.12534499999999998 0.26863000000000004 0.17840999999999999
0 0.24121499999999998 0.12071499999999999 0.29639 0.17285
0 0.24607500000000002 0.133455 0.28807 0.21131
0 0.250415 0.213625 0.27037 0.20111
0 0.291885 0.178405 0.35609 0.23447
0 0.27141 0.21316 0.38594 0.37072
0 0.27453500000000003 0.2354 0.37137000000000003 0.39296
0 0.29292999999999997 0.22775499999999999 0.40121999999999997 0.39805
0 0.307505 0.27873 0.42202999999999996 0.45552
0 0.26915 0.31718999999999997 0.35922 0.5621
0 0.339785 0.19277 0.5226900000000001 0.34106000000000003
0 0.37501 0.22938 0.56676 0.41056
0 0.435405 0.234475 0.68477 0.41335
0 0.37605 0.30097 0.57162 0.5407799999999999
0 0.333015 0.331325 0.47861000000000004 0.5773900000000001
0 0.321735 0.06556999999999999 0.44355000000000006 0.05144
0 0.353665 0.07622999999999999 0.5101899999999999 0.03568
0 0.33718000000000004 0.069505 0.50498 0.09453
0 0.32451 0.036375 0.47826 0.01159
0 0.3167 0.099165 0.46541999999999994 0.12048999999999999
0 0.25128 0.090125 0.32208000000000003 0.10796999999999998
0 0.24503 0.05491 0.27072 0.03754
0 0.251105 0.040545 0.28841 0.02085
0 0.273495 0.015525 0.34985 0.00417
0 0.524075 0.125815 0.86351 0.10519000000000002
4 0.548895 0.60936 0.38143 0.25116000000000005
5 0.44095500000000004 0.37279500000000004 0.72365 0.69555
5 0.193665 0.254175 0.20407000000000003 0.42493000000000003
5 0.304555 0.49606 0.42863000000000007 0.9420799999999999
