5 0.177705 0.07843 0.12945 0.023139999999999994
5 0.21242 0.24085 0.04354000000000002 0.24170000000000003
5 0.24301999999999999 0.26399 0.34952 0.41142
5 0.490745 0.25756 0.8308500000000001 0.37456
5 0.55158 0.201425 0.9007399999999999 0.22457
2 0.46309 0.29999000000000003 0.72376 0.46284000000000003
2 0.30833 0.27342 0.5225200000000001 0.46456000000000003
2 0.21947999999999998 0.30556500000000003 0.34952 0.52541
2 0.288915 0.420845 0.38483 0.74569
2 0.36129 0.337705 0.5342800000000001 0.53141
2 0.38777 0.40199 0.57312 0.55712
5 0.54687 0.278565 0.9101599999999999 0.38571
5 0.533925 0.29442 0.9360499999999999 0.46198000000000006
5 0.484855 0.31927500000000003 0.83791 0.52541
5 0.275385 0.206565 0.42837000000000003 0.29657
5 0.37953 0.21642 0.43426 0.33342000000000005
2 0.20242 0.13542500000000002 0.2542 0.15429
1 0.46721 0.09856499999999999 0.3507 0.056569999999999995
2 0.183585 0.334275 0.23536999999999997 0.5931299999999999
2 0.435435 0.30685 0.6072500000000001 0.43542000000000003
2 0.448965 0.325705 0.78025 0.52799
2 0.47544 0.31499 0.8567400000000001 0.53742
2 0.20418 0.23785499999999998 0.07413999999999998 0.25285
2 0.52216 0.17528 0.9595799999999999 0.25114000000000003
2 0.5162749999999999 0.18856499999999998 0.9713499999999999 0.30857
2 0.33599 0.397275 0.46014 0.57855
2 0.34481500000000004 0.4037 0.58607 0.7251200000000001
2 0.39365 0.438415 0.67904 0.8048299999999999
2 0.37012 0.45856 0.46249999999999997 0.73884
2 0.273615 0.401135 0.41071 0.65141
5 0.030010000000000002 0.38356 0.00824 0.7157
5 0.10827 0.390415 0.14122 0.71569
5 0.028835 0.22285 0.01295 0.39083999999999997
5 0.069435 0.14614000000000002 0.06355 0.21342000000000003
2 0.13239499999999998 0.043285 0.22243 0.055709999999999996
2 0.132395 0.062145 0.21301 0.08657
2 0.355995 0.212565 0.51899 0.33599
5 0.5078050000000001 0.426415 0.92617 0.7945500000000001
5 0.40542 0.4337 0.76848 0.82626
2 0.43249 0.38442 0.7943600000000001 0.68312
