2 0.28642999999999996 0.50997 0.19929999999999998 0.35497999999999996
2 0.20572 0.46218000000000004 0.1718 0.70214
2 0.23595499999999997 0.38302 0.13939 0.29366000000000003
2 0.273375 0.288555 0.06003 0.030889999999999973
2 0.183995 0.26276 0.06683 0.10521999999999998
2 0.36204 0.18185 0.35760000000000003 0.17418
2 0.541705 0.30713999999999997 0.7633300000000001 0.4029
2 0.524665 0.376695 0.8781100000000001 0.6605700000000001
2 0.53895 0.420485 0.77072 0.66337
4 0.322175 0.49182000000000003 0.13119000000000003 0.73688
4 0.558895 0.56814 0.27795 0.52464
3 0.48931 0.712905 0.36352000000000007 0.47228999999999993
