2 0.3291326908821349 0.392029657089898 0.3024462564862861 0.5579240037071362
0 0.17272053372868792 0.2402687673772011 0.15270570793180133 0.07831325301204817
0 0.1334321719792439 0.23030583873957367 0.21052631578947367 0.3568118628359592
0 0.14677538917716826 0.22822057460611678 0.2520385470719051 0.38785912882298423
0 0.15511489992587102 0.2632066728452271 0.24647887323943662 0.39666357738646896
0 0.1664195700518903 0.2534754402224282 0.29725722757598216 0.45134383688600554
0 0.18013343217197925 0.24189063948100092 0.32171979243884363 0.43188137164040774
0 0.134173461823573 0.27687673772011123 0.20607857672349889 0.474050046339203
0 0.16326908821349148 0.3037534754402224 0.2746478873239437 0.5463392029657089
0 0.17809488510007412 0.3021316033364226 0.30429948109710897 0.5560704355885079
0 0.19848035581912526 0.29518072289156627 0.3569310600444774 0.5421686746987953
0 0.02575982209043736 0.2930954587581094 0.002594514455151964 0.5139017608897127
0 0.11323202372127503 0.2557924003707136 0.18346923647146035 0.4633920296570899
0 0.11508524833209785 0.25602409638554213 0.0685693106004448 0.2766450417052826
0 0.08598962194217939 0.20018535681186284 0.029651593773165313 0.17423540315106578
0 0.06912527798369163 0.12233549582947173 0.08339510748702741 0.14828544949026878
0 0.08598962194217939 0.10588507877664505 0.13046701260192736 0.1506024096385542
0 0.09247590808005932 0.1411028730305839 0.11823573017049666 0.20620945319740502
0 0.11656782802075612 0.1737720111214087 0.1278724981467754 0.2511584800741427
0 0.024647887323943664 0.11607970342910102 0.0033358042994810905 0.16357738646895273
0 0.05189028910303929 0.126274328081557 0.04744255003706449 0.13948100092678406
0 0.07394366197183098 0.09823911028730306 0.08710155670867309 0.10009267840593139
0 0.06541882876204597 0.07645968489341984 0.08191252779836916 0.06765523632993511
0 0.10322461082283173 0.07205746061167748 0.11304670126019276 0.038461538461538464
0 0.0937731653076353 0.0433271547729379 0.1430689399555226 0.006950880444856339
0 0.11378799110452187 0.04379054680259499 0.17716827279466274 0.015291936978683973
0 0.1992216456634544 0.09291010194624652 0.35841363973313567 0.13206672845227063
0 0.19310600444773907 0.11677479147358666 0.3150481838398814 0.1519925857275255
0 0.17216456634544106 0.13577386468952735 0.29243884358784283 0.21223354958294716
0 0.2168272794662713 0.16566265060240964 0.31504818383988137 0.25903614457831325
0 0.1960711638250556 0.1913809082483781 0.3506300963676798 0.34198331788693237
0 0.16160118606375093 0.16195551436515293 0.284655300222387 0.2664504170528267
0 0.3467383246849518 0.12812789620018536 0.5852483320978503 0.1468952734012975
0 0.33858413639733137 0.22173308619091753 0.5867309117865086 0.14874884151992585
0 0.3117123795404003 0.17539388322520852 0.5730170496664195 0.2822057460611677
0 0.2785396590066716 0.14874884151992587 0.5259451445515196 0.24930491195551435
0 0.257227575982209 0.1346153846153846 0.4818383988139363 0.22289156626506024
0 0.2524091919940697 0.25278035217794254 0.47220163083765754 0.44068582020389246
0 0.39473684210526316 0.19717330861909174 0.6975537435137138 0.29981464318813716
0 0.4990733876945886 0.09962928637627433 0.8573017049666419 0.11770157553290084
0 0.45478131949592293 0.05746061167747915 0.8650852483320979 0.05931417979610751
0 0.46608598962194214 0.06000926784059314 0.8891771682727947 0.055143651529193705
0 0.21237954040029652 0.02571825764596849 0.30911786508524836 0.013438368860055602
4 0.5559673832468495 0.28892493049119555 0.6019273535952556 0.16543095458758106
4 0.38417346182357304 0.4798424467099166 0.10859896219421794 0.6241890639481
2 0.1608598962194218 0.5929101019462465 0.10229799851742033 0.39805375347544025
1 0.610637509266123 0.6146895273401297 0.321349147516679 0.30444856348470806
0 0.22776130467012604 0.022242817423540315 0.4332839140103781 0.02224281742354032
0 0.24128984432913267 0.012743280815569972 0.42327650111193477 0.006024096385542167
0 0.16697553743513713 0.014596848934198332 0.2731653076352854 0.009731232622798888
0 0.07005189028910304 0.013206672845227061 0.1134173461823573 0.006024096385542167
0 0.4160489251297257 0.011816496756255792 0.8039288361749444 0.007877664504170528
0 0.2357301704966642 0.4617701575532901 0.4566345441067457 0.9031510658016682
0 0.22164566345441067 0.4860982391102873 0.4225352112676056 0.9499536607970344
0 0.2092290585618977 0.48725671918443003 0.4021497405485545 0.9504170528266913
5 0.16067457375833952 0.3025949953660797 0.27835433654558933 0.545875810936052
5 0.1738324684951816 0.30305838739573676 0.30911786508524836 0.5542168674698795
5 0.1981097108969607 0.2944856348470806 0.35618977020014825 0.5389249304911955
5 0.25370644922164565 0.2532437442075996 0.47331356560415117 0.4416126042632066
5 0.26908821349147516 0.2020389249304912 0.49962935507783546 0.3521779425393883
5 0.27928094885100074 0.1494439295644115 0.5244625648628614 0.2414272474513438
5 0.25611564121571534 0.13994439295644115 0.4766493699036324 0.20945319740500462
5 0.2772424017790956 0.18280815569972195 0.45663454410674575 0.252548656163114
5 0.24592290585618978 0.46895273401297494 0.43402520385470716 0.8785912882298424
5 0.22942920681986656 0.49559777571825764 0.39955522609340255 0.9263206672845227
5 0.22831727205337288 0.45759962928637626 0.41512231282431433 0.8688600556070435
