0 0.69873 0.3916 0.47364 0.6582
0 0.58252 0.07617 0.6513599999999999 0.027340000000000003
0 0.788085 0.24121 0.33789 0.39648
0 0.7876000000000001 0.10205 0.27246000000000004 0.05175999999999999
2 0.78809 0.54004 0.10741999999999996 0.74414
2 0.922855 0.17773499999999998 0.037109999999999976 0.22265
2 0.496585 0.09960999999999999 0.9169900000000001 0.09766
2 0.49023500000000003 0.256345 0.93359 0.11035000000000003
2 0.541015 0.08789 0.83985 0.050780000000000006
4 0.759765 0.52344 0.14453000000000005 0.21093999999999996
7 0.69678 0.29834 0.10253999999999996 0.10840000000000002
0 0.850095 0.28906499999999996 0.20214999999999994 0.49218999999999996
0 0.8535200000000001 0.25586000000000003 0.26172000000000006 0.47266
2 0.84033 0.29442999999999997 0.18262 0.4834
2 0.6108399999999999 0.081055 0.67286 0.025389999999999996
