1 0.18343 0.5923700000000001 0.15492 0.59588
4 0.48593 0.39117999999999997 0.023219999999999963 0.013940000000000008
5 0.25216 0.41141 0.42726 0.5415599999999999
5 0.14359 0.47685 0.17643999999999999 0.5118
5 0.141675 0.34253 0.21093 0.31013999999999997
5 0.42732 0.34681 0.7695 0.5414800000000001
5 0.44042000000000003 0.35425500000000004 0.83022 0.62251
5 0.454185 0.35779500000000003 0.85543 0.64423
5 0.46867 0.370695 0.88752 0.6815500000000001
5 0.36942 0.40763 0.62352 0.6229399999999999
5 0.38470000000000004 0.443135 0.64686 0.6602100000000001
5 0.4203 0.56969 0.5305199999999999 0.61524
1 0.40339499999999995 0.54082 0.60385 0.79706
5 0.093875 0.27384000000000003 0.13022999999999998 0.16794
0 0.139125 0.5634399999999999 0.20809 0.6815399999999999
5 0.49175 0.28392 0.55182 0.27622
2 0.40533 0.27361 0.76622 0.43724
2 0.428805 0.229045 0.74701 0.37334999999999996
2 0.1886 0.49233 0.28576 0.5549799999999999
2 0.224205 0.47744 0.31635 0.52928
5 0.2505 0.5122150000000001 0.23134 0.48721000000000003
2 0.12082 0.46565 0.20514000000000002 0.5329599999999999
