2 0.193359375 0.31298828125 0.01171875 0.1826171875
2 0.35400390625 0.0859375 0.5322265625 0.0078125
2 0.470703125 0.18310546875 0.65234375 0.0341796875
2 0.38916015625 0.3896484375 0.4072265625 0.513671875
2 0.36083984375 0.5078125 0.5458984375 0.9140625
2 0.13525390625 0.51025390625 0.0947265625 0.8916015625
2 0.2470703125 0.38330078125 0.025390625 0.4423828125
2 0.509765625 0.3291015625 0.35546875 0.267578125
4 0.615234375 0.34326171875 0.01171875 0.1923828125
4 0.17431640625 0.19384765625 0.1083984375 0.1240234375
