5 0.12578499999999998 0.092285 0.09226999999999999 0.032229999999999995
5 0.112675 0.293455 0.027189999999999992 0.30957
5 0.37687499999999996 0.329105 0.64107 0.52539
5 0.45943999999999996 0.287595 0.72072 0.34473
5 0.442925 0.3584 0.75763 0.54492
5 0.363765 0.39013499999999995 0.6459299999999999 0.69043
5 0.171925 0.313475 0.25449 0.5253899999999999
0 0.159295 0.45996 0.24089 0.7793
0 0.149095 0.373535 0.22049000000000002 0.62597
0 0.215635 0.441405 0.33803 0.7343700000000001
0 0.24623 0.47412 0.35648 0.81152
0 0.342395 0.370115 0.56823 0.62305
0 0.33851 0.32666 0.6381600000000001 0.60254
0 0.16027 0.30029 0.2778 0.5732400000000001
0 0.146185 0.321775 0.25351 0.5146499999999999
0 0.1117 0.22217 0.18844 0.39355999999999997
0 0.094705 0.072265 0.16221 0.11329
0 0.265655 0.427735 0.44195 0.73047
0 0.28217 0.426265 0.43611999999999995 0.8095699999999999
0 0.213205 0.33203 0.37979 0.6406200000000001
0 0.132585 0.31885 0.20301 0.60254
0 0.088875 0.23047 0.06897 0.35938000000000003
0 0.061189999999999994 0.23974499999999999 0.08742 0.43653
0 0.08111 0.24120999999999998 0.12336 0.42774
0 0.42592500000000005 0.237305 0.80523 0.41211
0 0.42058 0.25976499999999997 0.8061999999999999 0.47264999999999996
0 0.414275 0.31738 0.80523 0.6035200000000001
0 0.42738499999999996 0.340335 0.82757 0.62207
0 0.35356499999999996 0.31006 0.67993 0.5927800000000001
