2 0.313825 0.269045 0.10732999999999998 0.21386999999999998
2 0.09369 0.37012 0.0054600000000000065 0.34179999999999994
2 0.300635 0.40088 0.15736999999999998 0.45409999999999995
2 0.39478 0.155275 0.5130399999999999 0.14649
2 0.18966 0.28711 0.06640000000000001 0.2539
2 0.16827999999999999 0.33496 0.005459999999999993 0.3418
2 0.515305 0.33349500000000004 0.80139 0.50683
2 0.19557000000000002 0.4375 0.05276 0.7265600000000001
4 0.699055 0.56152 0.31201 0.6074200000000001
6 0.49211499999999997 0.5454100000000001 0.11461000000000005 0.6884800000000001
0 0.18692999999999999 0.45459 0.10096000000000002 0.8193400000000001
0 0.317005 0.504395 0.39023 0.95019
0 0.1651 0.412595 0.11552 0.75879
0 0.08368500000000001 0.30029500000000003 0.021830000000000002 0.44043000000000004
0 0.24651 0.22266 0.28925999999999996 0.35156000000000004
