5 0.395915 0.37793000000000004 0.48675 0.5293
5 0.275935 0.30956999999999996 0.28451000000000004 0.47069999999999995
5 0.30679 0.424805 0.25366 0.70899
5 0.29779 0.48682 0.23224 0.85254
5 0.143115 0.441895 0.05313 0.73145
5 0.38777 0.431645 0.48417999999999994 0.7695299999999999
5 0.27337 0.13036999999999999 0.39934000000000003 0.12401999999999999
5 0.29993499999999995 0.15088 0.46274999999999994 0.2041
5 0.27336499999999997 0.23926 0.35135 0.35352
5 0.24423 0.397465 0.15596 0.70117
5 0.24423 0.425785 0.19709999999999997 0.75781
5 0.099835 0.419925 0.07285 0.70703
5 0.203955 0.512695 0.006849999999999995 0.91601
5 0.22366 0.29834000000000005 0.2588 0.51464
5 0.17267500000000002 0.40429499999999996 0.04027 0.72265
0 0.287935 0.4209 0.04457 0.41991999999999996
0 0.12811499999999998 0.34375 0.01629 0.5234399999999999
0 0.158105 0.38965 0.031710000000000016 0.60742
0 0.28151 0.51904 0.10025999999999999 0.87012
0 0.11226 0.26073999999999997 0.01541999999999999 0.017579999999999985
0 0.12082999999999999 0.16113 0.1114 0.04102
0 0.189815 0.20215 0.14311 0.05274000000000001
0 0.16925 0.276365 0.05056000000000002 0.16211
0 0.11526 0.052245 0.06942 0.03223
0 0.12383 0.056150000000000005 0.16882000000000003 0.0009800000000000017
0 0.23180499999999998 0.15918000000000002 0.14825 0.07226
0 0.208235 0.18506 0.25537 0.28028
0 0.24637 0.116215 0.34878000000000003 0.09961
0 0.22709 0.07422000000000001 0.3445 0.07812000000000001
0 0.200955 0.06348000000000001 0.34707 0.01758
0 0.21852 0.060055 0.37534 0.014649999999999996
0 0.40319499999999997 0.21924 0.61443 0.23143999999999998
0 0.40491 0.274905 0.58016 0.40527
0 0.355205 0.06738 0.48761000000000004 0.04492
0 0.395055 0.16699 0.5501699999999999 0.005859999999999976
0 0.434905 0.161135 0.61615 0.05273
0 0.4349 0.37744 0.6641400000000001 0.5244200000000001
0 0.43147 0.37451500000000004 0.6127199999999999 0.65137
0 0.439185 0.399905 0.6384299999999999 0.7021499999999999
0 0.51974 0.50293 0.6452800000000001 0.68554
0 0.479895 0.512205 0.59987 0.87207
0 0.461465 0.242675 0.7446900000000001 0.38769000000000003
0 0.48589 0.356445 0.7318399999999999 0.40820999999999996
0 0.45633 0.21483999999999998 0.74126 0.27344
0 0.45718000000000003 0.1001 0.70184 0.061520000000000005
0 0.29093 0.384765 0.33164 0.58203
0 0.220665 0.21777 0.21167000000000002 0.35742
2 0.46447 0.122555 0.7918200000000001 0.053709999999999994
2 0.42933499999999997 0.15332 0.64271 0.02148
2 0.47475 0.29785 0.74726 0.44726000000000005
2 0.40062499999999995 0.262695 0.60929 0.42383
3 0.51546 0.50391 0.65728 0.6875
5 0.39634 0.49463 0.4739 0.9150400000000001
5 0.406625 0.474125 0.53559 0.8662099999999999
5 0.1881 0.438475 0.09512000000000001 0.79883
5 0.18896000000000002 0.413575 0.13454 0.7451099999999999
2 0.47775 0.22655999999999998 0.78068 0.17188
4 0.153395 0.47119 0.02571000000000001 0.2959
