2 0.19178 0.373005 0.12454000000000001 0.62867
2 0.61581 0.365075 0.76836 0.6381899999999999
2 0.16625 0.080465 0.11084000000000001 0.06897
0 0.281445 0.26439 0.49315000000000003 0.48122
0 0.28829 0.29452 0.46202 0.49707999999999997
0 0.278955 0.17243 0.51805 0.31632
0 0.27086 0.183135 0.48692 0.32821
0 0.253425 0.195025 0.45205 0.35199
0 0.2939 0.197405 0.53798 0.35675
0 0.34433 0.07808999999999999 0.5741 0.10862
4 0.39352000000000004 0.24616 0.53798 0.33694
3 0.764495 0.54266 0.47545000000000015 0.35754
0 0.06538000000000001 0.09672 0.08592000000000001 0.13635999999999998
0 0.08157 0.09711499999999999 0.11830000000000002 0.14667
0 0.240965 0.14984 0.44707 0.26796000000000003
