0 0.082745 0.353515 0.06619 0.58985
0 0.303855 0.19141000000000002 0.40176999999999996 0.25
2 0.079065 0.465335 0.044129999999999996 0.74707
2 0.14388499999999999 0.13525500000000001 0.017470000000000013 0.09473000000000001
2 0.21927000000000002 0.05518 0.1995 0.03418
2 0.439465 0.12109 0.61415 0.03906
2 0.33327500000000004 0.24463000000000001 0.47165000000000007 0.39942
2 0.36177499999999996 0.25927500000000003 0.54335 0.41309
4 0.34063 0.360355 0.05975999999999998 0.22461000000000003
2 0.105265 0.27588 0.01747 0.3291
2 0.08918000000000001 0.356445 0.03862 0.58789
0 0.126415 0.12304999999999999 0.010110000000000008 0.11327999999999999
2 0.30018 0.184085 0.41280000000000006 0.27051000000000003
