5 0.28623499999999996 0.284255 0.48672999999999994 0.46037
5 0.32611999999999997 0.179395 0.58758 0.29741
5 0.360565 0.10431 0.6789499999999999 0.16332
5 0.373915 0.17428 0.7084699999999999 0.30764
5 0.449645 0.065585 0.86977 0.09171
5 0.434185 0.27768000000000004 0.82479 0.51152
5 0.261985 0.18305 0.42979 0.21118
0 0.10947 0.217755 0.17536 0.38875
0 0.129325 0.20789000000000002 0.18836999999999998 0.34856
0 0.14742000000000002 0.163135 0.20910000000000004 0.26635000000000003
0 0.17254999999999998 0.15053 0.26356 0.22214
0 0.1794 0.139935 0.33209999999999995 0.24187
0 0.2098 0.134455 0.38868 0.22215
0 0.16306 0.197665 0.29238000000000003 0.35149
0 0.1975 0.198945 0.35282 0.36135
0 0.209975 0.192 0.36513 0.32699999999999996
0 0.25777 0.11618500000000001 0.38761999999999996 0.18561
0 0.253025 0.104495 0.45825000000000005 0.16807
0 0.21243499999999998 0.0939 0.38691 0.14980000000000002
0 0.181335 0.032335 0.29239 0.028129999999999995
0 0.02214 0.160765 0.01054 0.28645
0 0.062555 0.09956 0.06606999999999999 0.13336
0 0.07784 0.10010999999999999 0.11492000000000001 0.15638
0 0.04358 0.129705 0.044980000000000006 0.21849
0 0.06712 0.12203 0.05552000000000001 0.17684
0 0.11931 0.05645 0.18941999999999998 0.07052
0 0.10015500000000001 0.07490000000000001 0.16377 0.11764000000000001
0 0.20171499999999998 0.016805 0.26849 0.010229999999999998
0 0.155505 0.02265 0.26463000000000003 0.001460000000000003
0 0.14566500000000002 0.030504999999999997 0.25057 0.01571
5 0.023545 0.163135 0.01335 0.28680999999999995
5 0.010365000000000001 0.131715 0.0059700000000000005 0.21521
5 0.17079499999999997 0.146875 0.26849 0.23237000000000002
4 0.217005 0.135735 0.23861 0.13555
1 0.5250250000000001 0.429305 0.40343000000000007 0.56339
0 0.27007 0.25868 0.51906 0.50274
0 0.264445 0.25667 0.50781 0.48558
0 0.27675 0.27092 0.52116 0.51408
