2 0.18341000000000002 0.60673 0.14118 0.4857
5 0.48369 0.22053499999999998 0.6691600000000001 0.21198999999999998
5 0.33314499999999997 0.42896 0.55459 0.5202
4 0.565345 0.41162 0.06567 0.17099999999999999
2 0.40831 0.19694 0.75886 0.28268000000000004
2 0.46872 0.21048 0.81758 0.28362
2 0.319145 0.50732 0.54877 0.8164800000000001
5 0.31516 0.49786 0.5520799999999999 0.82784
5 0.213955 0.34363 0.38975000000000004 0.49727999999999994
5 0.215145 0.36396 0.37599 0.51788
5 0.19458 0.375655 0.34708 0.5438500000000001
5 0.17792 0.38416 0.2947 0.53462
5 0.23774499999999998 0.4148 0.41289 0.6403800000000001
2 0.438965 0.33386499999999997 0.83923 0.57883
2 0.46719 0.34507 0.8790199999999999 0.5703400000000001
2 0.39979000000000003 0.310285 0.73402 0.51093
