2 0.37348000000000003 0.20117000000000002 0.39788 0.09766
2 0.39976 0.121585 0.6306 0.12207000000000001
2 0.45231 0.177735 0.7619800000000001 0.26953
2 0.49360000000000004 0.19873 0.8408 0.26855999999999997
2 0.50486 0.24365 0.8333 0.3584
2 0.45043 0.28125 0.7169399999999999 0.4375
2 0.438235 0.40625 0.72257 0.6562600000000001
2 0.271665 0.158695 0.31437000000000004 0.11035
2 0.214425 0.13818 0.26369000000000004 0.14745999999999998
2 0.19330999999999998 0.155765 0.15766 0.16699
2 0.160465 0.24072500000000002 0.05066999999999999 0.28223
2 0.14733000000000002 0.300295 0.10697999999999999 0.39355
2 0.09478 0.3584 0.00938 0.54492
2 0.073195 0.45752 0.022529999999999994 0.78614
2 0.259 0.433595 0.32655999999999996 0.7031299999999999
2 0.250555 0.35791 0.25337000000000004 0.6259800000000001
1 0.45089999999999997 0.54102 0.70662 0.7382799999999999
1 0.52128 0.493655 0.7385200000000001 0.7255900000000001
4 0.25806 0.38623 0.2421 0.6123
1 0.4875 0.519535 0.7085 0.78125
