5 0.45965 0.16899999999999998 0.42203999999999997 0.028479999999999978
5 0.437485 0.24869 0.48539 0.17092000000000002
5 0.308815 0.3688 0.39591000000000004 0.42346
5 0.27397499999999997 0.420385 0.35157 0.59439
5 0.112045 0.32722 0.11957000000000001 0.5251
5 0.139755 0.32761 0.20667 0.58438
1 0.382845 0.40306 0.5978300000000001 0.69832
4 0.439855 0.31798 0.10531000000000001 0.02310000000000001
5 0.29812 0.36995500000000003 0.51706 0.67523
5 0.41175 0.22250999999999999 0.74748 0.38342
5 0.28466 0.14128000000000002 0.49014 0.16246000000000002
5 0.25774 0.24945499999999998 0.4743 0.37573
5 0.15678499999999998 0.27486499999999997 0.25655 0.50045
5 0.07205500000000001 0.201725 0.07443 0.34185
5 0.024149999999999998 0.13243 0.00554 0.20942
5 0.251405 0.061590000000000006 0.41729 0.006160000000000006
5 0.21616500000000002 0.281795 0.38799 0.5266299999999999
5 0.25378 0.301815 0.42203999999999997 0.53587
5 0.2324 0.403445 0.36028000000000004 0.7021700000000001
