6 0.333477508650519 0.4587475149105368 0.21539792387543255 0.25745526838966204
2 0.18295847750865052 0.3004473161033797 0.3070934256055363 0.5313121272365806
2 0.21128892733564014 0.279324055666004 0.36548442906574397 0.5069582504970179
2 0.15873702422145328 0.32554671968190857 0.25173010380622834 0.5636182902584493
0 0.1468425605536332 0.3297713717693837 0.19506920415224915 0.4786282306163022
0 0.46301903114186854 0.3412027833001988 0.8551038062283737 0.573061630218688
2 0.4798875432525952 0.34791252485089463 0.8334775086505191 0.5685884691848906
2 0.426038062283737 0.32007952286282304 0.6133217993079585 0.194831013916501
4 0.3920847750865052 0.33474155069582506 0.2244809688581315 0.2032803180914513
7 0.268598615916955 0.18339960238568587 0.14965397923875434 0.13220675944333993
2 0.039792387543252594 0.34741550695825046 0.024221453287197228 0.647117296222664
2 0.06466262975778547 0.34517892644135184 0.04801038062283736 0.6366799204771372
2 0.11894463667820068 0.334493041749503 0.06487889273356401 0.5974155069582505
2 0.12283737024221454 0.3305168986083499 0.18339100346020762 0.5775347912524851
2 0.04346885813148789 0.30069582504970177 0.02205882352941177 0.521868787276342
2 0.05471453287197232 0.3056660039761432 0.06963667820069204 0.5675944333996024
2 0.19874567474048443 0.3056660039761432 0.33001730103806226 0.5357852882703777
2 0.23464532871972318 0.2865308151093439 0.34645328719723184 0.41998011928429424
2 0.20696366782006922 0.2952286282306163 0.25994809688581316 0.4473161033797216
2 0.18641868512110726 0.3151093439363817 0.19982698961937717 0.4592445328031809
2 0.07179930795847751 0.39537773359840955 0.053633217993079574 0.6893638170974155
