0 0.891115 0.27929499999999996 0.04198999999999997 0.30859
0 0.819335 0.32128999999999996 0.22070999999999996 0.50196
0 0.72461 0.45166 0.42578000000000005 0.6884800000000001
5 0.64746 0.0708 0.57226 0.020499999999999997
0 0.882325 0.23291 0.17674999999999996 0.36816000000000004
0 0.847655 0.374025 0.21092999999999995 0.63867
5 0.858395 0.095215 0.08789000000000002 0.022470000000000004
5 0.94922 0.174315 0.0 0.24317
5 0.62451 0.3457 0.6376999999999999 0.51172
0 0.75488 0.48828000000000005 0.31836 0.70312
0 0.81592 0.49805 0.34082 0.9726600000000001
0 0.85156 0.44629 0.25 0.79882
0 0.762205 0.30029 0.45605000000000007 0.5732400000000001
5 0.6132799999999999 0.29297 0.7343799999999999 0.53906
5 0.6293949999999999 0.279295 0.6982499999999999 0.5195299999999999
5 0.55664 0.3623 0.7539 0.5683600000000001
5 0.683595 0.069335 0.57813 0.09179
0 0.875485 0.31836000000000003 0.21387 0.59766
0 0.65918 0.374025 0.57226 0.62305
0 0.651365 0.38330499999999995 0.67383 0.74707
0 0.60889 0.361325 0.75488 0.66797
0 0.6445350000000001 0.31787 0.67969 0.5849599999999999
0 0.641115 0.30615000000000003 0.6904300000000001 0.56934
0 0.570315 0.25244 0.8046899999999999 0.41503999999999996
0 0.578615 0.265625 0.7998099999999999 0.48436999999999997
2 0.65967 0.375 0.5751999999999999 0.625
2 0.75635 0.48535 0.31933999999999996 0.70508
2 0.72705 0.4458 0.43262 0.708
5 0.693845 0.01758 0.53027 0.01172
