5 0.573235 0.266115 0.47725 0.04395000000000002
5 0.458765 0.436525 0.6463300000000001 0.7089899999999999
5 0.46273 0.499515 0.6401600000000001 0.81543
5 0.36850499999999997 0.49121000000000004 0.46581 0.86524
5 0.24743500000000002 0.50635 0.23071 0.91504
5 0.34385499999999997 0.46288999999999997 0.40593 0.77734
5 0.16202 0.306155 0.031700000000000006 0.5380900000000001
5 0.136925 0.34033500000000005 0.07132999999999999 0.53613
5 0.55122 0.13135000000000002 0.715 0.06348000000000001
5 0.5138 0.4126 0.79162 0.7041000000000001
5 0.211335 0.4209 0.17611 0.7793
5 0.245235 0.42822499999999997 0.24391000000000002 0.78223
5 0.326245 0.41162 0.39888999999999997 0.74902
5 0.34341 0.37890500000000005 0.44731999999999994 0.71875
5 0.40461 0.393065 0.55562 0.71191
5 0.44732 0.375 0.6410399999999999 0.70312
5 0.507635 0.34082 0.7792899999999999 0.63476
5 0.540215 0.274415 0.74583 0.34571
4 0.35266 0.20214500000000002 0.31436 0.28711
