2 0.115745 0.15234999999999999 0.04993 0.17692
2 0.10723 0.09583 0.03744 0.06387999999999999
2 0.173045 0.64809 0.09645 1.08486
2 0.276875 0.5584 0.38127 0.9152999999999999
2 0.4068 0.5860449999999999 0.70012 0.8379099999999999
2 0.567365 0.6874 0.7716099999999999 0.86862
5 0.548635 0.663445 0.81133 0.90425
5 0.5826749999999999 0.39991 0.8385499999999999 0.0012199999999999989
5 0.6082099999999999 0.29241 0.5719 0.28012000000000004
5 0.32226 0.077405 0.49927999999999995 0.02703
2 0.062975 0.15542 0.0056699999999999945 0.18797999999999998
5 0.41644499999999995 0.105045 0.75119 0.10688999999999999
5 0.44084 0.0688 0.7954399999999999 0.019660000000000004
5 0.45843 0.041775 0.8260799999999999 0.024569999999999998
5 0.39885499999999996 0.523385 0.72055 0.9681299999999999
5 0.168505 0.388235 0.25984999999999997 0.6585300000000001
2 0.45786000000000004 0.458265 0.82948 0.72979
2 0.5656549999999999 0.16033 0.8725899999999999 0.18797999999999998
2 0.096455 0.333565 0.07488999999999998 0.50495
2 0.263255 0.46257 0.48113000000000006 0.80228
2 0.290485 0.46994 0.53559 0.7777000000000001
4 0.495305 0.41588 0.23260999999999998 0.18798000000000004
