0 0.197765 0.11701 0.30865000000000004 0.19138
0 0.20269500000000001 0.12697 0.29615 0.21316000000000002
0 0.23659 0.332945 0.30734 0.5565300000000001
0 0.222445 0.3114 0.28167 0.58202
0 0.23001 0.310935 0.29022000000000003 0.5662699999999999
0 0.240375 0.31047 0.31623 0.57646
0 0.22556500000000002 0.320435 0.27871 0.60565
0 0.21899000000000002 0.31510499999999997 0.21948 0.53383
0 0.194635 0.28197 0.21553 0.49166000000000004
0 0.254035 0.24606499999999998 0.33826999999999996 0.39203
0 0.17226 0.16659 0.23396 0.27572
0 0.152515 0.10797000000000001 0.22475 0.16774
0 0.16996 0.12002 0.25568 0.19926000000000002
0 0.18164 0.096155 0.28826 0.13485
0 0.114515 0.127435 0.14215 0.17331000000000002
0 0.10579 0.14781999999999998 0.09576 0.23261999999999997
0 0.085555 0.122335 0.09345 0.20018999999999998
0 0.075685 0.138785 0.051329999999999994 0.23865
0 0.07157 0.167515 0.04442 0.29980999999999997
0 0.070255 0.16265 0.02731 0.28082
0 0.042945 0.191145 0.02139 0.31001
0 0.05709500000000001 0.354035 0.054950000000000006 0.5560700000000001
0 0.070745 0.33828 0.04409 0.62836
0 0.07897499999999999 0.37812500000000004 0.07239 0.67099
0 0.08983 0.09824 0.10464 0.14458
0 0.10217 0.07924 0.13721999999999998 0.10658000000000001
0 0.124055 0.050975 0.19809 0.05005
1 0.5121749999999999 0.515525 0.77821 0.35448999999999997
2 0.140675 0.07089999999999999 0.007569999999999993 0.04356
2 0.0923 0.07785 0.015459999999999988 0.06672
2 0.081605 0.15801500000000002 0.03159000000000001 0.07507
2 0.036855 0.16404000000000002 0.013170000000000001 0.23170000000000002
5 0.19956999999999997 0.15431 0.16485999999999998 0.13068000000000002
5 0.16600499999999999 0.09754499999999999 0.20961 0.11538999999999999
5 0.171275 0.09754499999999999 0.26356999999999997 0.10797
5 0.18031999999999998 0.09847 0.28562 0.12835999999999997
5 0.13738 0.09036 0.19184 0.12882
5 0.12224499999999999 0.101485 0.16551 0.13995
5 0.13524 0.115155 0.18230000000000002 0.16543
5 0.129645 0.13809 0.10924999999999999 0.15756
5 0.09328499999999999 0.134845 0.08917 0.21409
5 0.0487 0.222195 0.0329 0.37581000000000003
5 0.09262999999999999 0.21177 0.057580000000000006 0.38276
5 0.09937499999999999 0.21594 0.08161 0.3874
5 0.12175 0.256255 0.09608 0.46060999999999996
5 0.12306500000000001 0.263205 0.10135000000000001 0.49305
5 0.13014 0.26877 0.12075999999999999 0.48934
5 0.13705 0.27572 0.13457999999999998 0.50324
5 0.052485 0.30352 0.05297 0.55514
5 0.19546 0.191145 0.27904 0.32113
5 0.47022 0.23470999999999997 0.80618 0.40454
5 0.064165 0.260425 0.012509999999999993 0.47637
5 0.08424000000000001 0.25254499999999996 0.0329 0.42724999999999996
5 0.139685 0.21710000000000002 0.10957 0.32484
5 0.14265 0.17215 0.17736000000000002 0.28314
5 0.052485 0.20227 0.01217 0.3026
5 0.46989000000000003 0.21571 0.81606 0.348
5 0.4819 0.370485 0.7637400000000001 0.5722900000000001
5 0.49029500000000004 0.37442 0.78315 0.6228
4 0.24201999999999999 0.283825 0.24447999999999998 0.38415
5 0.465945 0.15825 0.82659 0.19972
0 0.458045 0.14226 0.83581 0.25116000000000005
0 0.46693 0.2076 0.8193400000000001 0.35588
0 0.46512 0.22752499999999998 0.8130999999999999 0.42169
0 0.47483 0.34708 0.7746 0.6163200000000001
0 0.48618 0.35796999999999995 0.79598 0.64366
0 0.113685 0.196245 0.12603 0.36468999999999996
0 0.041955 0.20458500000000002 0.022710000000000004 0.39249
0 0.20566 0.36353 0.22836 0.69926
0 0.20648 0.359595 0.23263999999999996 0.68953
5 0.21652 0.377895 0.20664000000000002 0.65385
0 0.16058 0.47845 0.09214 0.9290999999999999
0 0.19183999999999998 0.184665 0.28892 0.34523
0 0.17785499999999999 0.17215 0.26095 0.30907999999999997
5 0.120105 0.27734000000000003 0.02041000000000001 0.28962
5 0.19184 0.18837 0.21916000000000002 0.24884
5 0.192005 0.17145500000000002 0.27738999999999997 0.29101
5 0.08572 0.385075 0.06481999999999999 0.65153
