5 0.5541849999999999 0.21474500000000002 0.51595 0.024389999999999995
5 0.330575 0.5890949999999999 0.36300999999999994 0.75825
5 0.1573 0.44699 0.12487999999999999 0.6606799999999999
5 0.335895 0.46024499999999996 0.5014299999999999 0.64901
5 0.49126000000000003 0.34147500000000003 0.71536 0.37753000000000003
4 0.405595 0.367985 0.09099000000000002 0.12512999999999996
5 0.33348 0.47350000000000003 0.5856399999999999 0.84944
5 0.505785 0.34147500000000003 0.93025 0.58963
5 0.50917 0.38548 0.9099200000000001 0.6224999999999999
1 0.543535 0.57637 0.5798300000000001 0.82612
5 0.19215 0.37223 0.30298 0.65962
5 0.16262500000000002 0.418885 0.27105 0.77839
5 0.284595 0.39397 0.49175 0.71582
5 0.31411500000000003 0.35738 0.55467 0.66386
5 0.41527000000000003 0.27254500000000004 0.66018 0.23967
5 0.29766000000000004 0.09491 0.49078000000000005 0.04984000000000001
5 0.282175 0.128845 0.48302999999999996 0.11771000000000001
5 0.48933 0.257695 0.93606 0.46448999999999996
2 0.30733999999999995 0.586445 0.39397999999999994 0.7656700000000001
2 0.13504 0.40934 0.18102000000000001 0.7084
2 0.32041000000000003 0.40086 0.55564 0.7083999999999999
2 0.42302 0.277845 0.7995800000000001 0.47933000000000003
0 0.44964 0.06469 0.85668 0.08696000000000001
0 0.41866 0.26247000000000004 0.81022 0.49524000000000007
0 0.264265 0.538195 0.47433000000000003 1.0382099999999999
