2 0.0891 0.11377000000000001 0.09640000000000001 0.09864000000000002
2 0.14119 0.08301 0.18112 0.03320000000000001
1 0.531175 0.51318 0.55601 0.8584
4 0.598365 0.43896499999999994 0.38269000000000003 0.26660999999999996
4 0.480055 0.46777500000000005 0.23174999999999996 0.47461000000000003
2 0.022394999999999998 0.11914 0.01363 0.17578
2 0.04625 0.14648499999999998 0.04966 0.22265
2 0.037 0.15819999999999998 0.019479999999999997 0.26172
2 0.06816 0.15918 0.07400000000000001 0.25586
2 0.055499999999999994 0.17285 0.056479999999999995 0.2832
2 0.041385000000000005 0.190915 0.024350000000000004 0.31543
2 0.020935000000000002 0.213865 0.0009700000000000021 0.36523
2 0.09007 0.510745 0.07887999999999998 0.8886700000000001
0 0.07936 0.50537 0.11198 0.9052800000000001
