6 0.45279947916666663 0.5321180555555556 0.548828125 0.4947916666666666
1 0.4466145833333333 0.4926215277777778 0.5755208333333334 0.7317708333333333
0 0.2955729166666667 0.2578125 0.46614583333333337 0.3836805555555556
0 0.2421875 0.14366319444444445 0.41145833333333337 0.20052083333333331
2 0.1650390625 0.6701388888888888 0.037109375 0.21527777777777768
0 0.23763020833333331 0.3836805555555556 0.41796875 0.7048611111111112
0 0.21712239583333334 0.3298611111111111 0.3326822916666667 0.6041666666666666
0 0.22526041666666669 0.32421875 0.4140625 0.6102430555555556
0 0.3505859375 0.2013888888888889 0.5787760416666667 0.3055555555555556
0 0.2981770833333333 0.2322048611111111 0.5598958333333334 0.41927083333333337
