0 0.741215 0.41357499999999997 0.27539 0.48731
0 0.6958 0.3916 0.45606 0.58008
0 0.846195 0.305665 0.053710000000000035 0.38477
0 0.79736 0.26807000000000003 0.24512 0.35254
0 0.9707 0.41942999999999997 0.011719999999999953 0.7334
5 0.73828 0.279295 0.4531200000000001 0.45703
5 0.603515 0.31152 0.66797 0.41992000000000007
2 0.55371 0.04834 0.82226 0.008779999999999996
0 0.751465 0.32617 0.44628999999999996 0.59766
0 0.74805 0.39648500000000003 0.42578000000000005 0.69921
0 0.64844 0.02002 0.6015599999999999 0.01074
0 0.5585950000000001 0.042969999999999994 0.85157 0.015620000000000002
0 0.5639649999999999 0.118655 0.8369099999999999 0.17871
0 0.83301 0.33008 0.29491999999999996 0.6132799999999999
0 0.867675 0.41406000000000004 0.21387 0.78906
0 0.855955 0.40283 0.23731000000000002 0.7626999999999999
0 0.8291 0.391605 0.29491999999999996 0.7363299999999999
0 0.80664 0.407225 0.29296 0.75977
0 0.845215 0.44531000000000004 0.25097 0.78906
0 0.7866200000000001 0.38622999999999996 0.33692 0.7295
0 0.78418 0.297365 0.36914 0.5439499999999999
0 0.965335 0.29003500000000004 0.026369999999999894 0.52539
0 0.60205 0.17724499999999999 0.64356 0.07715000000000002
