0 0.30412500000000003 0.201575 0.37415000000000004 0.30305000000000004
0 0.314105 0.22567 0.36163 0.3735
0 0.238835 0.12187 0.25845 0.1659
0 0.19993 0.10866500000000001 0.19147999999999998 0.13021
0 0.15594999999999998 0.215245 0.08728 0.34337
0 0.33186000000000004 0.11330000000000001 0.42286000000000007 0.13948
5 0.45872 0.113995 0.60216 0.03151000000000001
5 0.461935 0.089895 0.7019500000000001 0.10565000000000002
0 0.33423 0.45852499999999996 0.3613 0.78915
0 0.311395 0.365155 0.39005 0.65987
0 0.343195 0.337115 0.45770999999999995 0.5834100000000001
0 0.28924 0.36399499999999996 0.36738000000000004 0.64829
4 0.32644999999999996 0.36863 0.34843999999999997 0.5389200000000001
0 0.285855 0.15755 0.36603 0.23725999999999997
0 0.258285 0.172615 0.30413 0.23586999999999997
0 0.33440000000000003 0.191845 0.45906 0.29843
0 0.3503 0.190455 0.46919999999999995 0.25857
0 0.331525 0.14898 0.41271 0.22568
0 0.34861 0.11214 0.49424 0.1798
0 0.35452500000000003 0.13114 0.52503 0.21408
0 0.458555 0.08132500000000001 0.7060099999999999 0.12001
0 0.486965 0.035679999999999996 0.77773 0.045419999999999995
0 0.43115 0.07599500000000001 0.66338 0.12605
0 0.43978 0.08086 0.6765800000000001 0.13392
5 0.07239 0.317655 0.15425999999999998 0.60009
5 0.41931 0.13438 0.6410600000000001 0.20204
5 0.422525 0.153615 0.6353099999999999 0.26088999999999996
5 0.32391000000000003 0.412885 0.41238 0.75533
5 0.32662 0.50695 0.43132 0.9471799999999999
0 0.19925500000000002 0.06696 0.20095 0.10982
0 0.25287 0.186055 0.3136 0.34059
0 0.25981 0.182115 0.32476 0.33457
0 0.260145 0.1981 0.32679 0.36468
0 0.238495 0.18698 0.28349 0.34244
0 0.20517 0.15940500000000002 0.21008 0.28545
0 0.30226000000000003 0.03661 0.41102000000000005 0.04356
0 0.281795 0.062785 0.36602999999999997 0.10518999999999999
0 0.276215 0.045645000000000005 0.35081 0.06719
0 0.23477499999999998 0.071365 0.27063 0.10195000000000001
0 0.32391 0.242355 0.43538 0.43281000000000003
0 0.31917999999999996 0.268305 0.43538 0.49583
0 0.275705 0.27293500000000004 0.33491 0.49027000000000004
0 0.32442000000000004 0.298195 0.33356 0.40547
5 0.412545 0.413115 0.62753 0.78731
5 0.31292 0.366545 0.38904 0.6700699999999999
