5 0.80664 0.612795 0.12109999999999999 0.29198999999999997
5 0.62549 0.30664 0.12012 0.035160000000000025
5 0.826175 0.28174 0.10546999999999995 0.23926
5 0.7002 0.359375 0.44336000000000003 0.53125
2 0.8383799999999999 0.299805 0.22558 0.5527299999999999
2 0.82715 0.39794999999999997 0.26758000000000004 0.6748
2 0.73828 0.448245 0.39844 0.7636700000000001
2 0.74951 0.4917 0.37988 0.8545
2 0.691405 0.48291 0.52343 0.78222
2 0.61865 0.496095 0.62598 0.7656299999999999
2 0.806155 0.13379 0.32128999999999996 0.19726
2 0.6709 0.20214500000000002 0.35351999999999995 0.16211
4 0.71436 0.294925 0.3408199999999999 0.26953000000000005
4 0.473635 0.24463000000000001 0.82617 0.16504
4 0.55908 0.329105 0.5498000000000001 0.40039
4 0.40039 0.5874 0.36328000000000005 0.44434
3 0.2583 0.46045 0.48926 0.30176000000000003
