0 0.32229 0.399145 0.49584 0.70735
0 0.325585 0.37078 0.56159 0.6643399999999999
0 0.39450999999999997 0.359035 0.65912 0.63795
0 0.403785 0.39722500000000005 0.63573 0.67279
0 0.337905 0.39177500000000004 0.5887100000000001 0.72497
0 0.355575 0.428475 0.53305 0.7666499999999999
5 0.40580499999999997 0.18817499999999998 0.65429 0.20819
5 0.37855 0.07624 0.49071999999999993 0.06287999999999999
5 0.24827 0.0872 0.29478000000000004 0.027260000000000006
5 0.15305 0.09771500000000001 0.1548 0.10577
5 0.16303499999999999 0.099585 0.19003 0.10217
5 0.13181500000000002 0.104425 0.12903 0.13573
5 0.059685 0.15939 0.02361 0.23064
5 0.49228500000000003 0.353675 0.89491 0.6186900000000001
0 0.47685 0.05779 0.8103 0.06863999999999999
0 0.47358999999999996 0.088955 0.80206 0.10469
5 0.263585 0.20077 0.029109999999999997 0.012979999999999992
5 0.37967 0.19708 0.15866000000000002 0.10608000000000001
5 0.478695 0.36293 0.44493 0.04004000000000002
5 0.223755 0.12529 0.09915000000000002 0.07574
5 0.347615 0.346055 0.45913000000000004 0.5268900000000001
0 0.123825 0.289535 0.17903 0.5507299999999999
0 0.123245 0.27722 0.18839 0.5356799999999999
0 0.12884500000000002 0.28821 0.18871000000000002 0.54808
0 0.108125 0.239215 0.14540999999999998 0.44733
0 0.10892500000000001 0.250685 0.15217 0.46877
0 0.377315 0.346475 0.69379 0.66289
0 0.389625 0.150085 0.6714500000000001 0.23389
0 0.38843 0.162475 0.68362 0.29717
0 0.484045 0.33903 0.9135300000000001 0.64536
0 0.158205 0.07746 0.21051000000000003 0.13068000000000002
0 0.15765 0.08452 0.20678 0.14618
0 0.122415 0.091625 0.14811000000000002 0.15773
0 0.339925 0.05746 0.55279 0.0691
0 0.34189 0.040615 0.53982 0.049710000000000004
0 0.22376000000000001 0.04285 0.33638 0.07025999999999999
0 0.22524 0.06471 0.34512 0.10894
0 0.11637 0.019685 0.11792000000000001 0.01363
5 0.42635500000000004 0.44809 0.59097 0.5514399999999999
5 0.33018000000000003 0.37416 0.54636 0.6486200000000001
5 0.32443500000000003 0.40211 0.48665 0.68656
5 0.33979000000000004 0.39623 0.57538 0.71196
5 0.294575 0.44085 0.46823 0.76832
5 0.3771 0.43944 0.4862599999999999 0.72494
