1 0.470533728687917 0.44555143651529194 0.45329873980726454 0.5630213160333641
3 0.5580059303187547 0.4066265060240964 0.5630096367679762 0.030120481927710885
0 0.18773165307635284 0.03290083410565338 0.3235730170496664 0.01575532900834106
0 0.1938472942920682 0.0896663577386469 0.31949592290585616 0.11075069508804447
0 0.1619718309859155 0.1216404077849861 0.2824314306893996 0.16728452270620944
2 0.03539659006671608 0.5217794253938832 0.02260934025203855 0.8544949026876738
7 0.2125648628613788 0.3829935125115848 0.29021497405485547 0.5120481927710844
5 0.27446256486286136 0.4911955514365153 0.5059303187546331 0.93790546802595
5 0.29058561897702 0.2764133456904541 0.5455893254262417 0.5027803521779425
5 0.18254262416604894 0.028266913809082486 0.3280207561156412 0.012048192771084335
0 0.16104521868050406 0.21918443002780352 0.30578206078576725 0.41241890639481005
0 0.1697553743513714 0.22497683039851712 0.32171979243884363 0.4258572752548656
0 0.14232765011119347 0.29935125115848005 0.22535211267605637 0.535681186283596
0 0.10507783543365457 0.29240037071362374 0.16716085989621943 0.551436515291937
0 0.11619718309859155 0.3049119555143651 0.20126019273535953 0.5801668211306765
0 0.09080800593031876 0.28127896200185354 0.15789473684210525 0.5329008341056534
0 0.12361008154188287 0.3623725671918443 0.22201630837657524 0.6839666357738647
0 0.21237954040029652 0.016218721037998145 0.40400296515937734 0.0009267840593141785
0 0.49833209785025945 0.13415199258572752 0.9566345441067456 0.196014828544949
0 0.2896590066716086 0.26969416126042633 0.5511489992587102 0.5171455050973124
0 0.2692735359525575 0.4860982391102873 0.522238695329874 0.9573679332715478
0 0.1664195700518903 0.15407784986098239 0.3180133432171979 0.28405931417979613
0 0.19755374351371385 0.20551436515291938 0.368421052631579 0.36839666357738643
7 0.23498888065233506 0.10565338276181649 0.39584877687175685 0.06302131603336425
7 0.16308376575240918 0.05676552363299352 0.2727946627131208 0.04494902687673771
7 0.21071163825055594 0.314643188137164 0.15307635285396592 0.1844300278035218
7 0.24888806523350632 0.2782669138090825 0.32431430689399554 0.3063021316033364
7 0.20348406226834692 0.4534291010194625 0.03335804299481099 0.345227062094532
7 0.32227575982209045 0.49212233549582945 0.2783543365455893 0.6950880444856348
