0 0.5631550000000001 0.323525 0.75873 0.44859
0 0.522505 0.391225 0.8706499999999999 0.68735
0 0.49718 0.427915 0.9378000000000001 0.76487
0 0.314565 0.28992999999999997 0.53487 0.49304
1 0.213835 0.25788500000000003 0.12370999999999999 0.16641
4 0.738695 0.64291 0.3369500000000001 0.24394000000000005
2 0.556085 0.32042000000000004 0.7728700000000001 0.45892000000000005
2 0.31044 0.286825 0.5501999999999999 0.5033700000000001
2 0.49187499999999995 0.42533499999999996 0.94133 0.77211
0 0.45182 0.457895 0.82352 0.7173299999999999
