5 0.55196 0.23295500000000002 0.4294 0.042350000000000027
5 0.464675 0.2902 0.6731900000000001 0.37773999999999996
5 0.34659 0.38042 0.54008 0.5929
5 0.35183 0.45892 0.5805 0.63744
5 0.36007500000000003 0.5462400000000001 0.40171 0.70294
5 0.1819 0.45596000000000003 0.15598 0.58924
4 0.55018 0.42229 0.13983999999999996 0.056479999999999975
5 0.21561 0.39279 0.30426000000000003 0.5865
1 0.492395 0.52287 0.69797 0.8217599999999999
5 0.35903999999999997 0.4692 0.6383 0.8355400000000001
5 0.45182999999999995 0.28311 0.8488 0.49805999999999995
5 0.29692999999999997 0.39412 0.5396 0.67248
5 0.47245 0.296345 0.88674 0.53435
5 0.41036 0.36190500000000003 0.75866 0.63899
2 0.33191 0.54044 0.44631999999999994 0.73352
2 0.343335 0.44965 0.60559 0.6485000000000001
2 0.45732 0.12704 0.85526 0.18102
