4 0.73926 0.58496 0.10351999999999995 0.26367999999999997
6 0.674805 0.582035 0.08007000000000009 0.44531000000000004
1 0.46728499999999995 0.53711 0.65527 0.71484
2 0.789065 0.052250000000000005 0.21875 0.016599999999999997
2 0.828125 0.10596 0.26563000000000003 0.12988
2 0.825685 0.14257999999999998 0.28223 0.19921999999999998
0 0.98047 0.15185500000000002 0.00782000000000005 0.19043000000000002
0 0.985355 0.21875 0.0019500000000000073 0.32811999999999997
3 0.523925 0.37060499999999996 0.19824999999999998 0.17480999999999997
7 0.5981449999999999 0.25537 0.5107499999999999 0.23340000000000002
7 0.555665 0.5595749999999999 0.09960999999999998 0.15038999999999997
7 0.7636700000000001 0.572265 0.07422000000000006 0.29297
0 0.751465 0.3418 0.47753 0.6601600000000001
0 0.8208 0.02246 0.30762 0.005860000000000001
3 0.40918 0.7431650000000001 0.42382000000000003 0.49023000000000005
1 0.7084950000000001 0.52539 0.12597000000000003 0.8164
