2 0.45231 0.516115 0.6588799999999999 0.78613
2 0.458985 0.22168 0.6188100000000001 0.17773999999999998
2 0.49861 0.22705 0.7585999999999999 0.2627
2 0.33968 0.7338899999999999 0.15404 0.48926
2 0.339235 0.41797 0.40779 0.27344
2 0.405565 0.200195 0.52977 0.009770000000000001
2 0.51775 0.16504 0.5547 0.10742
2 0.457205 0.37451500000000004 0.5689500000000001 0.35449
2 0.52532 0.357425 0.76216 0.37891
2 0.36906 0.472655 0.51374 0.74219
2 0.41313500000000003 0.49023 0.53423 0.8242200000000001
2 0.39889 0.336425 0.4808 0.25489
2 0.44608 0.41455000000000003 0.6713399999999999 0.60644
2 0.507065 0.44140500000000005 0.80045 0.78125
2 0.49460000000000004 0.46631 0.69004 0.81934
2 0.338785 0.135745 0.43538999999999994 0.09960999999999999
2 0.47323499999999996 0.09082 0.2733499999999999 0.060540000000000004
2 0.49860499999999996 0.22998000000000002 0.69093 0.30762
2 0.310295 0.390625 0.34991000000000005 0.5390699999999999
2 0.474125 0.44824 0.69895 0.64648
2 0.49861 0.34961 0.67668 0.3164
