2 0.759275 0.29150499999999996 0.40723 0.49316999999999994
0 0.780275 0.47802500000000003 0.2910100000000001 0.84277
4 0.643065 0.48340000000000005 0.05567 0.14648
4 0.847655 0.13574 0.08592999999999995 0.08008
7 0.505375 0.50781 0.69629 0.8125
7 0.79785 0.61133 0.11913999999999991 0.24610000000000004
7 0.5776399999999999 0.5620149999999999 0.48926 0.04199000000000008
0 0.7719750000000001 0.500485 0.36621000000000004 0.93457
0 0.729 0.51416 0.42090000000000005 0.89942
3 0.260255 0.7446250000000001 0.48535 0.49121000000000004
2 0.966305 0.19091999999999998 0.01464999999999994 0.28418
2 0.807615 0.47266 0.32226999999999995 0.85156
2 0.77832 0.496095 0.3886799999999999 0.94531
2 0.736815 0.50586 0.44433 0.90234
