1 0.14112000000000002 0.34477 0.022960000000000008 0.024060000000000026
0 0.47724500000000003 0.15745 0.43437 0.16958
0 0.344435 0.20594500000000002 0.40276999999999996 0.34749
5 0.280165 0.39099 0.38953000000000004 0.5722999999999999
0 0.279695 0.153895 0.18277000000000002 0.17817
5 0.175545 0.212975 0.04641000000000001 0.17951
3 0.196345 0.43357 0.09073 0.11027999999999999
4 0.60608 0.18639 0.40552 0.14912000000000003
4 0.393295 0.42543 0.58607 0.66536
5 0.3551 0.200355 0.44498000000000004 0.35807
5 0.18948500000000001 0.22158 0.09458999999999998 0.19033999999999998
5 0.20805 0.16630999999999999 0.15462 0.27126
5 0.22261999999999998 0.172325 0.17778000000000002 0.28103
5 0.237095 0.14417 0.18859 0.23842
5 0.231685 0.176075 0.20869 0.29607
5 0.22395500000000002 0.19927499999999998 0.20109 0.34031
5 0.226555 0.242015 0.22072999999999998 0.33429000000000003
5 0.24908000000000002 0.21098499999999998 0.22336000000000003 0.29393
5 0.302585 0.24934 0.28911 0.3147
5 0.26987 0.267735 0.27556 0.36221000000000003
5 0.284325 0.49433499999999997 0.06508999999999998 0.25109
5 0.21362 0.234655 0.20895999999999998 0.38107
0 0.26566500000000004 0.172725 0.28011 0.31349
0 0.26213 0.228035 0.32434 0.42686999999999997
0 0.20614 0.15662 0.16974 0.2897
0 0.20214500000000002 0.15556499999999998 0.16403 0.28697
0 0.221435 0.16435 0.18586999999999998 0.29472
0 0.244355 0.179085 0.25347 0.33011
0 0.240065 0.37499 0.41623000000000004 0.7213999999999999
0 0.22402 0.271475 0.2875 0.51311
0 0.231295 0.298225 0.33729000000000003 0.56563
0 0.237765 0.29987 0.34812999999999994 0.57092
0 0.24286 0.305165 0.36908 0.58893
0 0.211455 0.31339500000000003 0.31347 0.59621
0 0.20168 0.33021 0.31151999999999996 0.6335999999999999
0 0.194795 0.32825499999999996 0.29703 0.63069
0 0.193245 0.360425 0.32125000000000004 0.68675
0 0.20896499999999998 0.3386 0.33381 0.6549
0 0.21114 0.29641 0.30476000000000003 0.56828
0 0.18817499999999998 0.28592999999999996 0.24653 0.53676
0 0.18341 0.26979000000000003 0.22427999999999998 0.511
0 0.18459 0.262175 0.21427999999999997 0.49288999999999994
0 0.17672 0.27513 0.21746 0.51654
0 0.20353500000000002 0.269 0.24271 0.49184000000000005
0 0.21293499999999999 0.25578 0.26151 0.47884
0 0.17809999999999998 0.211175 0.10926 0.21501000000000003
0 0.166635 0.146935 0.08444999999999998 0.26253
0 0.492275 0.15748499999999999 0.6428499999999999 0.27371
0 0.49461 0.17287 0.64608 0.28587999999999997
0 0.353675 0.39659500000000003 0.63033 0.75671
0 0.35646 0.35794 0.599 0.68278
0 0.3694 0.357145 0.60662 0.67941
0 0.26378 0.23745 0.34249999999999997 0.4555
