4 0.3711 0.429915 0.09722000000000003 0.58563
0 0.04505 0.35597999999999996 0.04268000000000001 0.6532
0 0.018375000000000002 0.32366 0.005930000000000001 0.60424
0 0.23237999999999998 0.29673 0.40786 0.49944
0 0.17962 0.302115 0.33552000000000004 0.53763
0 0.090105 0.275675 0.12331 0.46909
0 0.125675 0.255595 0.13752999999999999 0.43285
2 0.121525 0.25168 0.14345000000000002 0.44068
2 0.085365 0.275675 0.13279000000000002 0.46909
5 0.462985 0.38291 0.85483 0.71098
5 0.51876 0.30407 0.9663799999999999 0.5337200000000001
