3 0.2216796875 0.3046875 0.080078125 0.015625
2 0.18310546875 0.359375 0.2841796875 0.640625
3 0.5791015625 0.5537109375 0.326171875 0.630859375
2 0.50439453125 0.09912109375 0.9501953125 0.0927734375
2 0.4326171875 0.27587890625 0.802734375 0.4853515625
2 0.45166015625 0.3408203125 0.7509765625 0.541015625
2 0.19287109375 0.3828125 0.2802734375 0.671875
2 0.259765625 0.34228515625 0.37890625 0.6181640625
2 0.265625 0.39501953125 0.4609375 0.7158203125
2 0.2978515625 0.51025390625 0.439453125 0.9072265625
2 0.154296875 0.2333984375 0.19921875 0.279296875
