0 0.11087 0.45308000000000004 0.08118000000000002 0.54576
4 0.36955499999999997 0.44738500000000003 0.18658999999999998 0.41425
2 0.10299 0.43496 0.08966 0.5716600000000001
2 0.03574 0.322075 0.008480000000000001 0.5778700000000001
0 0.034535 0.322075 0.015750000000000004 0.5778700000000001
0 0.09087500000000001 0.1978 0.06543 0.31276
0 0.06361 0.21385500000000002 0.054520000000000006 0.37385
2 0.05513 0.43857999999999997 0.047259999999999996 0.76532
2 0.109655 0.46136499999999997 0.09815000000000002 0.80259
2 0.1036 0.529195 0.037559999999999996 0.88441
2 0.10844 0.53645 0.15388 1.0149000000000001
0 0.05331 0.44065499999999996 0.05816 0.76117
0 0.106625 0.456705 0.09693 0.81399
0 0.100565 0.531265 0.03634999999999999 0.88027
0 0.10541 0.5348949999999999 0.16236 1.01593
2 0.01454 0.44842 0.0097 0.7891400000000001
0 0.131465 0.43340500000000004 0.19023 0.80467
