0 0.372905 0.268665 0.62691 0.44501
0 0.38205 0.226355 0.69276 0.41058999999999996
0 0.396685 0.25429 0.67813 0.42436
0 0.33678 0.246395 0.5437 0.41019
0 0.330835 0.076125 0.59399 0.08099
0 0.346155 0.059725 0.6557299999999999 0.06601000000000001
0 0.211035 0.023684999999999998 0.34707000000000005 0.012550000000000002
0 0.173765 0.039685 0.29264999999999997 0.030770000000000002
0 0.140155 0.059320000000000005 0.20897 0.06196
0 0.101745 0.09475 0.12849 0.11499999999999999
0 0.19434 0.057905 0.34478 0.07045000000000001
0 0.20829 0.058515 0.37816 0.08625
0 0.25196 0.061145000000000005 0.44904 0.07693
0 0.28328 0.104875 0.50986 0.16763
0 0.29471499999999995 0.10933 0.55833 0.18302
0 0.03384 0.13281500000000002 0.020120000000000002 0.22351000000000001
0 0.10563 0.23202 0.17102 0.42516
0 0.097855 0.241945 0.15181 0.43690999999999997
0 0.38388 0.18363000000000002 0.6891 0.26522
0 0.33518000000000003 0.14861000000000002 0.62646 0.2551
0 0.286485 0.25915 0.5345500000000001 0.47294
5 0.36056 0.252875 0.6571 0.45553
5 0.14175 0.288305 0.18108 0.50211
5 0.07545 0.27656499999999995 0.09602 0.50129
5 0.06562 0.2879 0.07819999999999999 0.5304399999999999
5 0.057620000000000005 0.3041 0.060360000000000004 0.5596
5 0.197545 0.08787 0.25972999999999996 0.059120000000000006
5 0.160045 0.08807 0.22497 0.11298
5 0.31186 0.10852 0.37496 0.01296
5 0.33609500000000003 0.05183 0.37221 0.01296
5 0.24761 0.07309 0.37268 0.0012199999999999989
5 0.30979999999999996 0.133825 0.55558 0.21097
5 0.22108999999999998 0.18768 0.38182 0.30896
1 0.2595 0.522145 0.16689999999999997 0.35593
2 0.21583 0.025305 0.04755999999999999 0.015790000000000002
2 0.17787999999999998 0.04859 0.030180000000000012 0.01296
2 0.151815 0.069645 0.058529999999999985 0.061549999999999994
2 0.10494500000000001 0.104875 0.06631 0.08989000000000001
2 0.077505 0.135245 0.05167 0.14739
4 0.37382 0.227365 0.52266 0.26199
0 0.277105 0.06337 0.5249499999999999 0.0992
0 0.29585500000000003 0.039885000000000004 0.54781 0.04251
0 0.27436 0.0247 0.5267799999999999 0.03320000000000001
0 0.060134999999999994 0.28081500000000004 0.08917 0.54057
0 0.048244999999999996 0.29701 0.07271 0.5729599999999999
0 0.049615 0.31341 0.04253 0.58794
0 0.025835 0.32333 0.00961 0.5932200000000001
0 0.05922 0.313615 0.08002 0.5996900000000001
0 0.08665 0.41849000000000003 0.0471 0.68634
0 0.06973 0.349045 0.09373999999999999 0.66569
0 0.12072000000000001 0.281825 0.20852 0.53125
0 0.126895 0.2715 0.22269 0.5187
0 0.31026 0.143545 0.59308 0.25955
0 0.32626499999999997 0.135245 0.62509 0.24781
0 0.349355 0.24012 0.64383 0.43164
5 0.20348500000000003 0.201045 0.21675000000000003 0.14455
5 0.24441 0.151035 0.35896 0.18869
5 0.124605 0.15792 0.07545 0.20894000000000001
5 0.081625 0.275345 0.05440999999999999 0.17493000000000003
5 0.11957499999999999 0.264615 0.10196999999999999 0.35592999999999997
5 0.14747 0.27393 0.1797 0.3778
