2 0.40887 0.213865 0.58258 0.24023
2 0.09175 0.27734499999999995 0.01604 0.46874999999999994
2 0.10912 0.31836000000000003 0.013359999999999997 0.53516
2 0.28371999999999997 0.155275 0.43916 0.22460999999999998
5 0.42357 0.458005 0.50508 0.6113299999999999
5 0.38705 0.45996 0.5033000000000001 0.83398
5 0.35765 0.470215 0.42312 0.74903
5 0.350525 0.513185 0.45163 0.90527
5 0.32469 0.51709 0.37146 0.88964
0 0.381255 0.4541 0.50953 0.8457
0 0.4062 0.43213 0.5130999999999999 0.7822199999999999
0 0.342505 0.489745 0.47123 0.9365300000000001
0 0.32692 0.46094 0.4542999999999999 0.79688
0 0.34518 0.42285 0.45875999999999995 0.7832
2 0.10422 0.49463 0.06236 0.7197199999999999
