2 0.22893 0.14502 0.14277999999999996 0.08886000000000001
5 0.358985 0.539555 0.04840999999999995 0.30956999999999996
2 0.476735 0.441405 0.49069000000000007 0.5781299999999999
2 0.432835 0.30566499999999996 0.55387 0.46288999999999997
2 0.343395 0.214355 0.47017 0.30761
2 0.414785 0.15185500000000002 0.68515 0.21387
0 0.06276999999999999 0.141115 0.002460000000000004 0.14551
0 0.08903 0.124025 0.020519999999999997 0.021489999999999995
2 0.307705 0.53613 0.008209999999999995 0.74414
4 0.55592 0.498045 0.36350000000000005 0.30859000000000003
5 0.265035 0.12109 0.42505 0.1875
2 0.34831999999999996 0.53125 0.03199999999999997 0.32811999999999997
2 0.371705 0.376955 0.42833 0.49609000000000003
0 0.173955 0.35791 0.05251 0.6416000000000001
0 0.15467499999999998 0.08008 0.22401 0.03516
0 0.13169999999999998 0.05664 0.20759999999999998 0.0586
0 0.25888 0.52344 0.06318000000000001 0.85156
0 0.16738999999999998 0.5083 0.1116 0.92676
