0 0.18576 0.37859 0.21361999999999998 0.26068
2 0.30066000000000004 0.205145 0.46878000000000003 0.15416999999999997
2 0.48073999999999995 0.47979499999999997 0.23745999999999995 0.49012999999999995
4 0.34774000000000005 0.412415 0.15692 0.16385
7 0.450925 0.48589 0.16475 0.13156
2 0.399125 0.42984500000000003 0.6316700000000001 0.56925
1 0.58561 0.5584250000000001 0.46620000000000006 0.39733
2 0.18402 0.45175499999999996 0.31856 0.50683
2 0.21619000000000002 0.44163 0.3613 0.51886
0 0.20480500000000001 0.43924 0.38461 0.52978
0 0.181945 0.4504 0.33305 0.51092
2 0.186975 0.379825 0.20823000000000003 0.25629
2 0.11515500000000001 0.332375 0.15837 0.20445
2 0.23872500000000002 0.25887 0.07694999999999999 0.04822000000000001
2 0.11194000000000001 0.43090999999999996 0.10312 0.29882
2 0.12413 0.41957 0.16754 0.3449
2 0.12148 0.43389999999999995 0.17296 0.38153999999999993
0 0.110945 0.43286 0.19695 0.40058
0 0.095715 0.416235 0.14987 0.33715000000000006
0 0.10746 0.327555 0.18118 0.21586999999999998
0 0.145775 0.2677 0.24795 0.16669999999999996
