2 0.6849799999999999 0.747915 0.37185999999999997 0.49490999999999996
0 0.276135 0.182575 0.21741000000000002 0.18721
0 0.224055 0.17748 0.16774999999999998 0.15848
0 0.237035 0.26783999999999997 0.19891 0.10935999999999998
0 0.19809500000000002 0.34059 0.022389999999999993 0.06023999999999996
0 0.18171 0.313715 0.1246 0.46803000000000006
0 0.223245 0.13577499999999998 0.12979000000000002 0.023169999999999996
0 0.24839 0.067425 0.19306 0.06627
0 0.20052999999999999 0.196015 0.13238000000000003 0.29935
0 0.224215 0.262745 0.12395 0.38090999999999997
0 0.25699 0.21316 0.21675999999999998 0.3151
2 0.32853499999999997 0.3399 0.34817 0.5519000000000001
2 0.358875 0.25370499999999996 0.3543299999999999 0.30537
2 0.38305 0.18048999999999998 0.29106000000000004 0.21084
2 0.27743 0.28777 0.24466000000000002 0.46432
2 0.252445 0.26135 0.19079 0.44856
2 0.228595 0.271085 0.14829 0.45691
2 0.298035 0.23934 0.24953 0.33596000000000004
2 0.29592999999999997 0.117935 0.26478 0.11909
2 0.245795 0.07993499999999999 0.20085000000000003 0.11352999999999999
2 0.18706 0.28568000000000005 0.08988000000000002 0.5102
2 0.29608999999999996 0.21223 0.24303999999999998 0.22427999999999998
2 0.257475 0.21154 0.21902999999999997 0.31372
2 0.19534 0.17864 0.11551999999999998 0.26274000000000003
2 0.20994000000000002 0.265985 0.12654 0.37257
