2 0.33629 0.5687 0.55488 0.7509399999999999
2 0.347415 0.52193 0.56791 0.7369399999999999
2 0.332445 0.290605 0.54433 0.32655
2 0.081915 0.43838999999999995 0.11727000000000001 0.36948
2 0.084555 0.46385 0.12857 0.41681999999999997
2 0.38750500000000004 0.445655 0.65803 0.65855
4 0.70707 0.504125 0.46906 0.40865
2 0.375555 0.5435099999999999 0.67077 0.85888
2 0.40783 0.5154799999999999 0.69834 0.8059
2 0.40204 0.498745 0.59872 0.66019
2 0.376255 0.522395 0.65865 0.80649
5 0.193175 0.23723499999999997 0.31841 0.14195
5 0.33281499999999997 0.27942 0.62293 0.39456
0 0.35442 0.40053 0.6814600000000001 0.6448999999999999
0 0.22061 0.268865 0.40478 0.27549
0 0.17763 0.22217 0.3348 0.15782000000000002
