0 0.8354349999999999 0.059315 0.21053 0.022250000000000006
0 0.79003 0.027569999999999997 0.24053999999999998 0.01714
0 0.654745 0.42609 0.6000699999999999 0.76876
0 0.63788 0.43350000000000005 0.6768000000000001 0.80584
0 0.6449199999999999 0.26205 0.6301 0.4481
0 0.6527050000000001 0.279885 0.59377 0.46339
0 0.500185 0.26738 0.93885 0.43466
0 0.5543 0.38183500000000004 0.83358 0.62279
0 0.5153800000000001 0.31904499999999997 0.9143800000000001 0.56581
0 0.5181600000000001 0.358435 0.88658 0.6223299999999999
0 0.522795 0.222895 0.8876900000000001 0.38647
0 0.7807649999999999 0.25533 0.35988999999999993 0.41056000000000004
0 0.72628 0.280585 0.37102 0.42585
0 0.72498 0.24467 0.40474 0.35218000000000005
0 0.72146 0.15059999999999998 0.51112 0.22705999999999998
0 0.737395 0.14041 0.44662999999999997 0.19926
0 0.737765 0.120715 0.38955000000000006 0.11352999999999999
0 0.755745 0.225905 0.32247000000000003 0.27201000000000003
0 0.8975150000000001 0.12697 0.14715 0.20573999999999998
0 0.92328 0.09453 0.1149 0.14458
0 0.89881 0.087115 0.16086 0.12974999999999998
0 0.8939950000000001 0.041705 0.17642999999999998 0.035210000000000005
5 0.76501 0.35102 0.41659999999999997 0.47775999999999996
5 0.67439 0.26622 0.5252 0.31928
5 0.5326150000000001 0.257185 0.50779 0.27710999999999997
5 0.787625 0.16242 0.27057 0.14504
5 0.92921 0.24467499999999998 0.058559999999999945 0.40037
5 0.93328 0.27595 0.05634000000000006 0.46108
5 0.94533 0.30583499999999997 0.012979999999999992 0.51529
5 0.743515 0.38068 0.47739 0.69648
5 0.539475 0.24628999999999998 0.82765 0.424
5 0.53373 0.192775 0.86434 0.32622999999999996
0 0.58562 0.22891499999999998 0.7902199999999999 0.37627
0 0.59989 0.256485 0.7602 0.44439
0 0.593585 0.282205 0.74611 0.5050899999999999
0 0.90196 0.2164 0.13232 0.35496
0 0.798555 0.30375 0.37473 0.56858
0 0.650855 0.29379 0.6597500000000001 0.5430999999999999
0 0.722945 0.201575 0.53187 0.36236999999999997
0 0.818755 0.13392 0.33580999999999994 0.21224
0 0.813565 0.12419 0.34321 0.2076
5 0.727205 0.20667 0.42995000000000005 0.2836
5 0.844515 0.243975 0.27686999999999995 0.42307000000000006
