0 0.12638991845811712 0.26830398517145504 0.034840622683469234 0.05838739573679333
0 0.5544848035581913 0.23772011121408712 0.029651593773165306 0.037998146431881374
5 0.17420311341734618 0.16311399443929564 0.056338028169014086 0.0778498609823911
5 0.16123054114158636 0.03892493049119555 0.040770941438102296 0.06487488415199258
5 0.15789473684210525 0.8753475440222428 0.037064492216456635 0.060240963855421686
4 0.4699777613046701 0.10889712696941613 0.4284655300222387 0.1881371640407785
4 0.07301704966641957 0.3489341983317887 0.14158636026686433 0.6774791473586654
2 0.9707190511489993 0.6621872103799815 0.04966641957005189 0.08619091751621873
2 0.9128984432913269 0.7798887859128822 0.061527057079318014 0.07692307692307693
5 0.3636026686434396 0.12696941612604262 0.24388435878428466 0.211306765523633
5 0.22349888806523352 0.19601482854494903 0.048183839881393624 0.047265987025023166
5 0.6482579688658265 0.03104726598702502 0.048183839881393624 0.028730305838739572
0 0.2853965900667161 0.11306765523632993 0.011860637509266123 0.011121408711770158
0 0.2954040029651594 0.13438368860055608 0.021497405485544848 0.012974976830398516
0 0.3302446256486286 0.1835032437442076 0.01704966641957005 0.03707136237256719
0 0.594885100074129 0.1329935125115848 0.01111934766493699 0.013901760889712697
0 0.6593773165307635 0.028730305838739572 0.01111934766493699 0.018535681186283594
0 0.30985915492957744 0.06950880444856349 0.008895478131949592 0.014828544949026877
1 0.5040770941438102 0.8405931417979611 0.7249814677538917 0.3132530120481928
