5 0.6845703125 0.3095703125 0.232421875 0.095703125
5 0.814453125 0.19140625 0.34765625 0.2265625
5 0.8623046875 0.458984375 0.240234375 0.1875
5 0.62109375 0.734375 0.12109375 0.203125
5 0.5556640625 0.9150390625 0.126953125 0.162109375
5 0.2119140625 0.74609375 0.064453125 0.07421875
4 0.4345703125 0.3720703125 0.646484375 0.548828125
5 0.3466796875 0.666015625 0.033203125 0.02734375
5 0.2998046875 0.798828125 0.029296875 0.02734375
5 0.50390625 0.6884765625 0.015625 0.013671875
5 0.6884765625 0.896484375 0.048828125 0.03515625
5 0.1328125 0.47265625 0.02734375 0.03125
5 0.568359375 0.0849609375 0.0625 0.060546875
0 0.9521484375 0.1435546875 0.021484375 0.021484375
