4 0.392578125 0.384765625 0.76171875 0.734375
5 0.2373046875 0.794921875 0.107421875 0.1328125
5 0.2861328125 0.953125 0.068359375 0.0703125
5 0.361328125 0.9306640625 0.05078125 0.048828125
2 0.6767578125 0.9306640625 0.240234375 0.107421875
2 0.1240234375 0.2890625 0.162109375 0.22265625
0 0.388671875 0.30078125 0.01171875 0.01171875
0 0.3935546875 0.7353515625 0.013671875 0.009765625
0 0.419921875 0.6630859375 0.03125 0.017578125
0 0.6435546875 0.5634765625 0.025390625 0.025390625
0 0.51953125 0.5400390625 0.01171875 0.013671875
0 0.6025390625 0.5048828125 0.009765625 0.013671875
0 0.6396484375 0.9716796875 0.041015625 0.044921875
0 0.287109375 0.943359375 0.01953125 0.0234375
2 0.775390625 0.8427734375 0.02734375 0.041015625
5 0.3291015625 0.8408203125 0.060546875 0.060546875
5 0.162109375 0.888671875 0.0234375 0.03125
5 0.513671875 0.96875 0.0546875 0.05859375
