0 0.96875 0.2763671875 0.03515625 0.068359375
0 0.90625 0.80078125 0.0703125 0.0625
0 0.81640625 0.80078125 0.0703125 0.08203125
1 0.826171875 0.9404296875 0.17578125 0.111328125
0 0.203125 0.9619140625 0.06640625 0.060546875
0 0.4169921875 0.158203125 0.076171875 0.0546875
0 0.013671875 0.7451171875 0.02734375 0.060546875
5 0.9423828125 0.48828125 0.064453125 0.078125
7 0.310546875 0.318359375 0.328125 0.33203125
7 0.2109375 0.638671875 0.26953125 0.328125
7 0.5634765625 0.6611328125 0.416015625 0.341796875
5 0.4404296875 0.8544921875 0.048828125 0.048828125
4 0.392578125 0.4384765625 0.77734375 0.759765625
