1 0.01816160118606375 0.7502316960148285 0.0363232023721275 0.18072289156626506
1 0.23535952557449963 0.902224281742354 0.3951074870274277 0.17516218721038
0 0.4558932542624166 0.056070435588507876 0.025203854707190512 0.05838739573679333
0 0.5318754633061527 0.15384615384615385 0.034840622683469234 0.09267840593141798
0 0.611934766493699 0.16682113067655235 0.09710896960711639 0.11492122335495829
0 0.712008895478132 0.14828544949026876 0.02742772424017791 0.03521779425393883
0 0.7268346923647147 0.36468952734012977 0.022979985174203115 0.047265987025023166
0 0.8517420311341735 0.6853568118628359 0.06226834692364715 0.09731232622798888
0 0.6968124536693847 0.6265060240963856 0.10822831727205337 0.11121408711770157
0 0.5622683469236471 0.711306765523633 0.06300963676797627 0.12326227988878591
0 0.5022238695329874 0.36932344763670066 0.09117865085248332 0.14365152919369786
0 0.5177909562638991 0.2293790546802595 0.04373610081541883 0.0639481000926784
0 0.5759822090437361 0.3025949953660797 0.04744255003706449 0.13438368860055608
0 0.6445515196441809 0.31047265987025024 0.0363232023721275 0.07414272474513438
0 0.27909562638991847 0.12418906394810009 0.05856189770200148 0.05560704355885079
0 0.35507783543365457 0.15477293790546803 0.04892512972572276 0.05560704355885079
0 0.38139362490733875 0.252548656163114 0.06597479614529281 0.09916589434661724
0 0.2998517420311342 0.26413345690454126 0.07783543365455893 0.1334569045412419
0 0.3254262416604892 0.3697868396663577 0.0770941438102298 0.0778498609823911
0 0.3995552260934025 0.36190917516218724 0.050407709414381024 0.08804448563484708
0 0.31653076352853965 0.5296570898980537 0.08598962194217939 0.06950880444856349
0 0.279466271312083 0.6455050973123262 0.04595997034840623 0.10658016682113068
0 0.3799110452186805 0.6496756255792401 0.09117865085248332 0.11306765523632993
7 0.519644180874722 0.08433734939759036 0.2861378799110452 0.14272474513438368
7 0.2954040029651594 0.2293790546802595 0.11045218680504076 0.247451343836886
7 0.41512231282431433 0.2520852641334569 0.1156412157153447 0.07599629286376275
7 0.5159377316530763 0.38693234476367006 0.1334321719792439 0.1696014828544949
7 0.4032616753150482 0.4198331788693234 0.06968124536693847 0.1835032437442076
7 0.35174203113417346 0.5185356811862836 0.15344699777613047 0.34754402224281744
7 0.6208302446256486 0.7845227062094532 0.14455151964418086 0.22335495829471733
7 0.7020014825796886 0.5732159406858202 0.07561156412157154 0.19925857275254866
7 0.7965159377316531 0.6617238183503243 0.15789473684210525 0.11862835959221502
7 0.8243143068939955 0.4726598702502317 0.12008895478131949 0.11862835959221502
7 0.8202372127501854 0.2873030583873957 0.10896960711638251 0.16682113067655235
7 0.7160859896219421 0.3670064874884152 0.0904373610081542 0.1371640407784986
0 0.2894736842105263 0.7349397590361446 0.021497405485544848 0.022242817423540315
5 0.5240919199406968 0.5134383688600556 0.10822831727205337 0.09453197405004633
5 0.6189770200148258 0.577386468952734 0.06968124536693847 0.1334569045412419
