4 0.416015625 0.41796875 0.5234375 0.5625
5 0.7314453125 0.25390625 0.478515625 0.18359375
5 0.7919921875 0.6455078125 0.095703125 0.103515625
5 0.8671875 0.7841796875 0.08203125 0.126953125
5 0.7041015625 0.658203125 0.041015625 0.03515625
5 0.9697265625 0.2587890625 0.044921875 0.072265625
5 0.6416015625 0.564453125 0.029296875 0.04296875
5 0.6865234375 0.5703125 0.033203125 0.0546875
2 0.591796875 0.5185546875 0.01953125 0.029296875
2 0.69921875 0.255859375 0.03515625 0.03515625
2 0.611328125 0.24609375 0.0234375 0.01953125
2 0.638671875 0.2744140625 0.0234375 0.017578125
1 0.8837890625 0.8623046875 0.224609375 0.267578125
