1 0.7453669384729429 0.742354031510658 0.054114158636026685 0.11306765523632993
0 0.5826538176426983 0.2516218721037998 0.072646404744255 0.05838739573679333
0 0.5926612305411416 0.43466172381835033 0.03039288361749444 0.03521779425393883
0 0.23721275018532245 0.7284522706209453 0.042994810971089696 0.05375347544022243
0 0.16493699036323203 0.25023169601482853 0.0748702742772424 0.0871177015755329
0 0.4551519644180875 0.04077849860982391 0.10081541882876205 0.07043558850787766
0 0.34321719792438843 0.018072289156626505 0.05337286879169755 0.026876737720111215
0 0.3369162342475908 0.10055607043558851 0.022979985174203115 0.06950880444856349
4 0.5159377316530763 0.2752548656163114 0.859896219421794 0.49675625579240035
0 0.5151964418087472 0.7228915662650602 0.0385470719051149 0.051899907321594066
0 0.5656041512231282 0.7965708989805376 0.0385470719051149 0.04355885078776645
0 0.5392883617494441 0.8531047265987025 0.025945144551519646 0.030583873957367932
0 0.6215715344699778 0.7164040778498609 0.018532246108228317 0.025949953660797033
0 0.6085989621942179 0.7585727525486562 0.0340993328391401 0.03243744207599629
0 0.6534469977761305 0.7349397590361446 0.022979985174203115 0.04077849860982391
0 0.6801334321719792 0.6830398517145505 0.034840622683469234 0.03707136237256719
0 0.4229058561897702 0.49814643188137164 0.01111934766493699 0.012048192771084338
0 0.4306893995552261 0.42863762743280814 0.011860637509266123 0.017608897126969416
0 0.4447739065974796 0.38461538461538464 0.023721275018532245 0.025949953660797033
0 0.507783543365456 0.31835032437442073 0.04595997034840623 0.04911955514365153
0 0.502594514455152 0.37349397590361444 0.0340993328391401 0.04633920296570899
0 0.5311341734618236 0.36515291936978683 0.018532246108228317 0.022242817423540315
0 0.7865085248332098 0.42539388322520855 0.020756115641215715 0.020389249304911955
0 0.8454410674573758 0.5134383688600556 0.04670126019273536 0.06672845227062095
0 0.7246108228317272 0.4031510658016682 0.012601927353595256 0.020389249304911955
0 0.6545589325426242 0.42168674698795183 0.010378057820607857 0.011121408711770158
0 0.6252779836916235 0.4184430027803522 0.00815418828762046 0.010194624652455977
5 0.7587101556708673 0.43327154772937904 0.02001482579688658 0.026876737720111215
5 0.1753150481838399 0.4008341056533828 0.022979985174203115 0.025023169601482854
5 0.9796145292809488 0.3002780352177943 0.034840622683469234 0.06302131603336422
5 0.7546330615270571 0.23169601482854496 0.026686434395848776 0.033364226135310475
5 0.6219421793921424 0.43002780352177944 0.09933283914010378 0.07599629286376275
5 0.40548554484803556 0.3948100092678406 0.24017790956263899 0.24467099165894346
0 0.36619718309859156 0.17747914735866543 0.020756115641215715 0.019462465245597776
0 0.39918458117123795 0.22103799814643188 0.01111934766493699 0.015755329008341055
0 0.38806523350630096 0.17794253938832252 0.01111934766493699 0.014828544949026877
0 0.7587101556708673 0.2344763670064875 0.009636767976278725 0.012974976830398516
1 0.656412157153447 0.7965708989805376 0.3654558932542624 0.40129749768303985
1 0.700889547813195 0.9253938832252085 0.19199406968124536 0.14365152919369786
