1 0.240234375 0.0791015625 0.421875 0.154296875
2 0.439453125 0.4423828125 0.0390625 0.056640625
2 0.390625 0.6328125 0.03125 0.0625
2 0.3974609375 0.4501953125 0.037109375 0.052734375
3 0.7880859375 0.498046875 0.416015625 0.9921875
5 0.171875 0.267578125 0.0703125 0.08203125
5 0.140625 0.193359375 0.0546875 0.0390625
5 0.525390625 0.1904296875 0.0390625 0.044921875
2 0.96484375 0.728515625 0.03125 0.06640625
2 0.5537109375 0.0361328125 0.044921875 0.068359375
2 0.9443359375 0.11328125 0.033203125 0.04296875
2 0.78515625 0.6142578125 0.046875 0.048828125
2 0.3896484375 0.5732421875 0.029296875 0.044921875
