5 0.2314453125 0.9189453125 0.134765625 0.134765625
5 0.4228515625 0.9296875 0.048828125 0.05078125
5 0.4326171875 0.8115234375 0.048828125 0.048828125
0 0.0927734375 0.185546875 0.083984375 0.26171875
0 0.208984375 0.0283203125 0.0859375 0.056640625
0 0.3349609375 0.1015625 0.146484375 0.19921875
0 0.275390625 0.193359375 0.09375 0.16796875
0 0.19140625 0.236328125 0.08984375 0.31640625
0 0.2880859375 0.4755859375 0.076171875 0.048828125
0 0.31640625 0.5859375 0.16796875 0.1171875
0 0.103515625 0.5986328125 0.1328125 0.080078125
0 0.1201171875 0.7001953125 0.087890625 0.080078125
0 0.3603515625 0.86328125 0.123046875 0.1015625
0 0.474609375 0.970703125 0.09765625 0.0390625
0 0.4755859375 0.6044921875 0.099609375 0.087890625
0 0.4521484375 0.4775390625 0.080078125 0.076171875
0 0.3837890625 0.267578125 0.072265625 0.078125
0 0.451171875 0.0849609375 0.08203125 0.142578125
0 0.5107421875 0.05078125 0.083984375 0.05078125
0 0.541015625 0.130859375 0.08984375 0.08984375
0 0.6298828125 0.19140625 0.123046875 0.125
0 0.7080078125 0.1044921875 0.142578125 0.205078125
0 0.8203125 0.1181640625 0.1484375 0.224609375
0 0.919921875 0.080078125 0.0703125 0.10546875
0 0.8984375 0.138671875 0.03515625 0.0625
0 0.958984375 0.255859375 0.078125 0.13671875
0 0.94921875 0.44921875 0.08203125 0.2109375
0 0.826171875 0.572265625 0.0390625 0.078125
0 0.8935546875 0.5859375 0.060546875 0.05859375
0 0.845703125 0.66796875 0.0703125 0.08203125
0 0.9521484375 0.6767578125 0.091796875 0.130859375
0 0.900390625 0.7724609375 0.0859375 0.138671875
0 0.9775390625 0.8056640625 0.048828125 0.119140625
0 0.837890625 0.857421875 0.06640625 0.03515625
0 0.8623046875 0.9052734375 0.060546875 0.048828125
0 0.8251953125 0.9560546875 0.052734375 0.060546875
0 0.689453125 0.974609375 0.046875 0.03125
0 0.5927734375 0.82421875 0.068359375 0.05859375
0 0.673828125 0.7255859375 0.046875 0.068359375
0 0.7607421875 0.298828125 0.048828125 0.12109375
0 0.7470703125 0.39453125 0.083984375 0.125
0 0.720703125 0.48046875 0.12890625 0.0703125
0 0.6904296875 0.5263671875 0.048828125 0.041015625
0 0.6728515625 0.5927734375 0.060546875 0.048828125
0 0.6708984375 0.298828125 0.076171875 0.08984375
4 0.0556640625 0.3095703125 0.099609375 0.517578125
5 0.4697265625 0.685546875 0.091796875 0.05078125
5 0.365234375 0.7099609375 0.02734375 0.021484375
5 0.18359375 0.787109375 0.03125 0.03515625
0 0.2392578125 0.3408203125 0.041015625 0.064453125
0 0.3701171875 0.3408203125 0.048828125 0.041015625
0 0.490234375 0.2861328125 0.0390625 0.025390625
0 0.505859375 0.2216796875 0.0546875 0.044921875
0 0.7587890625 0.6376953125 0.033203125 0.029296875
0 0.7958984375 0.6142578125 0.025390625 0.029296875
0 0.40625 0.583984375 0.02734375 0.03515625
2 0.0986328125 0.1796875 0.044921875 0.18359375
2 0.193359375 0.2314453125 0.0390625 0.310546875
2 0.1640625 0.33984375 0.02734375 0.09375
2 0.2802734375 0.1923828125 0.068359375 0.162109375
2 0.3212890625 0.0390625 0.107421875 0.06640625
2 0.3427734375 0.1337890625 0.107421875 0.123046875
2 0.6962890625 0.1015625 0.126953125 0.19921875
2 0.798828125 0.0986328125 0.125 0.181640625
2 0.669921875 0.5869140625 0.04296875 0.033203125
2 0.66796875 0.3037109375 0.03125 0.087890625
2 0.544921875 0.134765625 0.0859375 0.09375
2 0.4638671875 0.087890625 0.056640625 0.1484375
2 0.7373046875 0.3916015625 0.072265625 0.107421875
2 0.947265625 0.443359375 0.0703125 0.18359375
2 0.9296875 0.7333984375 0.12109375 0.271484375
2 0.2001953125 0.9248046875 0.056640625 0.095703125
2 0.2490234375 0.89453125 0.072265625 0.08203125
0 0.197265625 0.921875 0.0546875 0.0625
0 0.2529296875 0.90625 0.052734375 0.05078125
2 0.126953125 0.7001953125 0.02734375 0.044921875
2 0.107421875 0.6025390625 0.109375 0.068359375
2 0.958984375 0.654296875 0.0546875 0.1015625
2 0.9091796875 0.7705078125 0.076171875 0.123046875
2 0.9091796875 0.0654296875 0.076171875 0.115234375
2 0.9013671875 0.14453125 0.017578125 0.04296875
2 0.95703125 0.2490234375 0.0703125 0.115234375
2 0.7666015625 0.28125 0.048828125 0.12890625
2 0.7431640625 0.384765625 0.076171875 0.1015625
2 0.71484375 0.4814453125 0.125 0.048828125
5 0.2705078125 0.716796875 0.044921875 0.05078125
5 0.359375 0.65625 0.08984375 0.02734375
