5 0.26389918458117123 0.11353104726598702 0.11267605633802817 0.14921223354958293
0 0.26612305411415865 0.09823911028730306 0.023721275018532245 0.05004633920296571
0 0.23869532987398073 0.1464318813716404 0.031134173461823574 0.04448563484708063
0 0.2601927353595256 0.12974976830398516 0.01927353595255745 0.03151065801668211
0 0.18235730170496664 0.19508804448563485 0.017790956263899184 0.03429101019462465
0 0.17865085248332097 0.2516218721037998 0.020756115641215715 0.03429101019462465
2 0.45329873980726465 0.13206672845227063 0.06300963676797627 0.04911955514365153
2 0.5044477390659748 0.08155699721964782 0.039288361749444035 0.051899907321594066
2 0.8673091178650852 0.49258572752548657 0.10526315789473684 0.9555143651529193
2 0.9121571534469978 0.7354031510658017 0.15048183839881393 0.12326227988878591
0 0.980355819125278 0.7771084337349398 0.03039288361749444 0.07877664504170528
1 0.41994069681245366 0.9291010194624653 0.40548554484803556 0.1195551436515292
5 0.1419570051890289 0.8164967562557924 0.014084507042253521 0.027803521779425393
5 0.17457375833951075 0.8382761816496757 0.025945144551519646 0.03429101019462465
5 0.17420311341734618 0.943466172381835 0.0340993328391401 0.04448563484708063
5 0.20311341734618235 0.7761816496756255 0.031134173461823574 0.03985171455050973
5 0.1334321719792439 0.04402224281742354 0.04151223128243143 0.0639481000926784
5 0.09006671608598962 0.1686746987951807 0.021497405485544848 0.03151065801668211
5 0.3684210526315789 0.10750695088044486 0.0904373610081542 0.1056533827618165
4 0.2575982209043736 0.3266913809082484 0.513713862120089 0.6459684893419834
0 0.17642698295033357 0.8387395736793327 0.011860637509266123 0.016682113067655237
0 0.17272053372868792 0.943002780352178 0.013343217197924388 0.019462465245597776
0 0.27687175685693105 0.2117701575532901 0.014084507042253521 0.017608897126969416
0 0.2894736842105263 0.1872103799814643 0.022979985174203115 0.03707136237256719
0 0.09266123054114159 0.2618164967562558 0.013343217197924388 0.023169601482854494
5 0.1334321719792439 0.15708989805375348 0.04447739065974796 0.05097312326227989
5 0.23832468495181616 0.20945319740500462 0.028910303928836176 0.03707136237256719
5 0.20867309117865085 0.19879518072289157 0.02001482579688658 0.026876737720111215
