0 0.044921875 0.60546875 0.0703125 0.5
0 0.25 0.8740234375 0.11328125 0.232421875
0 0.451171875 0.8564453125 0.15234375 0.205078125
0 0.3720703125 0.6025390625 0.076171875 0.205078125
0 0.6669921875 0.4033203125 0.080078125 0.154296875
0 0.6015625 0.560546875 0.05078125 0.13671875
5 0.408203125 0.09765625 0.06640625 0.08203125
5 0.158203125 0.1416015625 0.05078125 0.115234375
0 0.158203125 0.6083984375 0.0859375 0.123046875
3 0.6845703125 0.12109375 0.341796875 0.21484375
2 0.9306640625 0.1162109375 0.107421875 0.107421875
3 0.490234375 0.880859375 0.4453125 0.19140625
3 0.6357421875 0.5791015625 0.634765625 0.771484375
0 0.4443359375 0.3154296875 0.037109375 0.029296875
0 0.46875 0.40625 0.03125 0.1328125
0 0.4052734375 0.521484375 0.087890625 0.08984375
0 0.37109375 0.94140625 0.06640625 0.0390625
0 0.203125 0.0400390625 0.046875 0.029296875
0 0.1533203125 0.126953125 0.021484375 0.0234375
5 0.123046875 0.7255859375 0.03125 0.033203125
2 0.833984375 0.02734375 0.07421875 0.04296875
2 0.4033203125 0.076171875 0.033203125 0.03515625
2 0.1025390625 0.921875 0.060546875 0.12109375
2 0.265625 0.8828125 0.125 0.2265625
2 0.3681640625 0.65234375 0.060546875 0.1171875
2 0.705078125 0.5185546875 0.03515625 0.044921875
2 0.671875 0.416015625 0.0546875 0.0703125
2 0.6533203125 0.3759765625 0.076171875 0.099609375
2 0.4716796875 0.3642578125 0.041015625 0.060546875
2 0.4423828125 0.318359375 0.048828125 0.0390625
0 0.0986328125 0.9228515625 0.044921875 0.115234375
