5 0.177734375 0.1123046875 0.1015625 0.095703125
5 0.828125 0.6279296875 0.0703125 0.115234375
5 0.701171875 0.591796875 0.05078125 0.0625
0 0.130859375 0.4326171875 0.078125 0.119140625
0 0.294921875 0.57421875 0.07421875 0.0546875
0 0.505859375 0.814453125 0.0703125 0.1171875
0 0.2841796875 0.857421875 0.044921875 0.0703125
0 0.6298828125 0.6767578125 0.056640625 0.048828125
0 0.3876953125 0.8134765625 0.041015625 0.072265625
0 0.416015625 0.8681640625 0.0546875 0.052734375
0 0.2626953125 0.697265625 0.041015625 0.0546875
5 0.828125 0.462890625 0.11328125 0.1328125
5 0.6298828125 0.05859375 0.041015625 0.05859375
5 0.6005859375 0.107421875 0.044921875 0.046875
5 0.2060546875 0.416015625 0.037109375 0.04296875
2 0.8310546875 0.4423828125 0.029296875 0.033203125
2 0.826171875 0.4951171875 0.015625 0.033203125
2 0.841796875 0.6552734375 0.01953125 0.025390625
2 0.81640625 0.6201171875 0.0234375 0.037109375
0 0.20703125 0.4140625 0.015625 0.0234375
0 0.18359375 0.091796875 0.015625 0.01953125
0 0.177734375 0.1259765625 0.015625 0.021484375
0 0.689453125 0.7509765625 0.01171875 0.013671875
0 0.697265625 0.6044921875 0.015625 0.017578125
0 0.7021484375 0.5830078125 0.013671875 0.013671875
0 0.7724609375 0.6875 0.009765625 0.015625
