4 0.17160859896219421 0.3809082483781279 0.34173461823573015 0.7599629286376274
0 0.11601186063750926 0.09499536607970342 0.06745737583395107 0.060240963855421686
0 0.24944403261675316 0.27710843373493976 0.022979985174203115 0.05004633920296571
0 0.17086730911786507 0.3438368860055607 0.015567086730911787 0.04633920296570899
0 0.25500370644922166 0.453660797034291 0.020756115641215715 0.03243744207599629
0 0.28169014084507044 0.4620018535681186 0.01927353595255745 0.05468025949953661
0 0.30096367679762787 0.4365152919369787 0.01630837657524092 0.022242817423540315
0 0.2824314306893996 0.4198331788693234 0.014825796886582653 0.022242817423540315
0 0.2149740548554485 0.5634847080630213 0.023721275018532245 0.07228915662650602
0 0.2605633802816901 0.5579240037071362 0.0452186805040771 0.07599629286376275
0 0.2746478873239437 0.6190917516218721 0.021497405485544848 0.029657089898053754
0 0.3799110452186805 0.6455050973123262 0.02001482579688658 0.04541241890639481
0 0.39807264640474427 0.6765523632993512 0.017790956263899184 0.024096385542168676
0 0.3172720533728688 0.6603336422613532 0.05782060785767235 0.12140871177015755
0 0.2954040029651594 0.2808155699721965 0.033358042994810974 0.04633920296570899
0 0.29762787249814676 0.31881371640407785 0.012601927353595256 0.024096385542168676
0 0.19718309859154928 0.3577386468952734 0.014825796886582653 0.029657089898053754
0 0.1475166790214974 0.4161260426320667 0.017790956263899184 0.029657089898053754
0 0.05263157894736842 0.4907321594068582 0.023721275018532245 0.030583873957367932
0 0.3587842846553002 0.4068582020389249 0.01630837657524092 0.03151065801668211
0 0.3283914010378058 0.3818350324374421 0.013343217197924388 0.033364226135310475
0 0.3524833209785026 0.33178869323447635 0.015567086730911787 0.025949953660797033
0 0.3446997776130467 0.34754402224281744 0.02223869532987398 0.022242817423540315
5 0.3587842846553002 0.40268767377201115 0.02223869532987398 0.03985171455050973
5 0.3591549295774648 0.4494902687673772 0.025945144551519646 0.027803521779425393
5 0.352112676056338 0.4893419833178869 0.01927353595255745 0.027803521779425393
5 0.35804299481097107 0.5347544022242817 0.020756115641215715 0.033364226135310475
5 0.33580429948109713 0.5792400370713624 0.023721275018532245 0.025949953660797033
5 0.3250555967383247 0.6964782205746061 0.015567086730911787 0.03243744207599629
5 0.2972572275759822 0.7015755329008341 0.017790956263899184 0.029657089898053754
5 0.30096367679762787 0.6709916589434661 0.01927353595255745 0.024096385542168676
5 0.27390659747961454 0.6177015755329008 0.022979985174203115 0.03429101019462465
5 0.05263157894736842 0.49258572752548657 0.020756115641215715 0.030583873957367932
5 0.114529280948851 0.0968489341983318 0.061527057079318014 0.056533827618164965
5 0.12527798369162343 0.03521779425393883 0.020756115641215715 0.024096385542168676
5 0.16456634544106746 0.026876737720111215 0.01927353595255745 0.024096385542168676
5 0.1597479614529281 0.05004633920296571 0.012601927353595256 0.025949953660797033
5 0.14084507042253522 0.2752548656163114 0.020756115641215715 0.014828544949026877
1 0.7053372868791697 0.8021316033364226 0.47368421052631576 0.38832252085264135
0 0.18124536693847293 0.6306765523632993 0.009636767976278725 0.012048192771084338
0 0.3254262416604892 0.8169601482854495 0.01630837657524092 0.017608897126969416
0 0.3109710896960712 0.8368860055607044 0.012601927353595256 0.020389249304911955
0 0.3654558932542624 0.6283595922150139 0.008895478131949592 0.022242817423540315
0 0.35174203113417346 0.6640407784986099 0.009636767976278725 0.015755329008341055
0 0.002223869532987398 0.25857275254865614 0.004447739065974796 0.011121408711770158
0 0.013343217197924388 0.3809082483781279 0.007412898443291327 0.009267840593141797
5 0.1827279466271312 0.5903614457831325 0.03039288361749444 0.03707136237256719
5 0.014455151964418088 0.3855421686746988 0.02001482579688658 0.05375347544022243
5 0.016679021497405487 0.24096385542168675 0.02742772424017791 0.05560704355885079
5 0.1300963676797628 0.18906394810009267 0.022979985174203115 0.027803521779425393
5 0.2824314306893996 0.7771084337349398 0.026686434395848776 0.028730305838739572
5 0.24944403261675316 0.752548656163114 0.018532246108228317 0.033364226135310475
4 0.4251297257227576 0.46941612604263205 0.16382505559673832 0.14550509731232622
4 0.40400296515937734 0.6278962001853569 0.12157153446997776 0.1881371640407785
