2 0.5830078125 0.06640625 0.162109375 0.12890625
1 0.9375 0.873046875 0.07421875 0.09765625
2 0.1103515625 0.1455078125 0.091796875 0.138671875
2 0.2900390625 0.0205078125 0.099609375 0.033203125
4 0.369140625 0.4267578125 0.42578125 0.626953125
2 0.5458984375 0.36328125 0.068359375 0.3671875
0 0.923828125 0.6376953125 0.05859375 0.044921875
0 0.9072265625 0.705078125 0.056640625 0.05859375
0 0.943359375 0.7060546875 0.0234375 0.048828125
0 0.83203125 0.8486328125 0.09375 0.095703125
0 0.8583984375 0.9560546875 0.068359375 0.056640625
2 0.0263671875 0.73828125 0.052734375 0.16015625
2 0.20703125 0.021484375 0.05859375 0.03125
7 0.32421875 0.37109375 0.04296875 0.08984375
2 0.48828125 0.01171875 0.0390625 0.01953125
2 0.05078125 0.2255859375 0.03125 0.037109375
2 0.44921875 0.826171875 0.03515625 0.02734375
0 0.9892578125 0.76953125 0.017578125 0.046875
0 0.7763671875 0.96484375 0.064453125 0.0625
2 0.17578125 0.9892578125 0.02734375 0.013671875
0 0.970703125 0.6923828125 0.01171875 0.021484375
0 0.98828125 0.7080078125 0.01171875 0.021484375
0 0.9501953125 0.75390625 0.021484375 0.02734375
