1 0.1123046875 0.884765625 0.111328125 0.140625
5 0.9072265625 0.375 0.158203125 0.27734375
5 0.638671875 0.8779296875 0.140625 0.236328125
5 0.2822265625 0.7001953125 0.146484375 0.150390625
5 0.423828125 0.59375 0.03515625 0.078125
4 0.521484375 0.376953125 0.5546875 0.375
2 0.109375 0.66796875 0.09375 0.08984375
2 0.0185546875 0.2275390625 0.033203125 0.060546875
2 0.2841796875 0.6962890625 0.134765625 0.138671875
2 0.638671875 0.8330078125 0.1015625 0.142578125
2 0.7138671875 0.7265625 0.041015625 0.0546875
2 0.8974609375 0.3798828125 0.037109375 0.056640625
1 0.6435546875 0.9521484375 0.111328125 0.083984375
