0 0.107421875 0.423828125 0.0859375 0.078125
0 0.203125 0.4404296875 0.125 0.142578125
0 0.267578125 0.109375 0.06640625 0.0625
4 0.1259765625 0.6396484375 0.224609375 0.318359375
7 0.2802734375 0.2490234375 0.123046875 0.158203125
0 0.4501953125 0.609375 0.052734375 0.0234375
0 0.3115234375 0.31640625 0.037109375 0.0234375
2 0.232421875 0.6162109375 0.08984375 0.068359375
2 0.1044921875 0.4248046875 0.060546875 0.068359375
2 0.1904296875 0.4404296875 0.083984375 0.115234375
2 0.232421875 0.2587890625 0.05078125 0.025390625
2 0.2880859375 0.2392578125 0.044921875 0.087890625
