5 0.384765625 0.6494140625 0.08203125 0.080078125
5 0.236328125 0.830078125 0.06640625 0.0703125
2 0.3076171875 0.171875 0.060546875 0.08984375
4 0.634765625 0.294921875 0.4375 0.5
0 0.0537109375 0.4892578125 0.107421875 0.173828125
5 0.33984375 0.908203125 0.1171875 0.1015625
5 0.1640625 0.1787109375 0.0234375 0.029296875
5 0.2578125 0.17578125 0.0234375 0.0234375
5 0.302734375 0.189453125 0.046875 0.0234375
5 0.326171875 0.1728515625 0.0234375 0.021484375
2 0.33203125 0.9189453125 0.0859375 0.064453125
2 0.2353515625 0.8505859375 0.037109375 0.033203125
5 0.2158203125 0.078125 0.025390625 0.02734375
