5 0.9284655300222387 0.6570898980537535 0.10155670867309118 0.164967562557924
1 0.9043736100815419 0.6580166821130676 0.17346182357301704 0.329935125115848
1 0.80763528539659 0.8985171455050973 0.31208302446256486 0.19184430027803523
5 0.7420311341734618 0.7780352177942539 0.05782060785767235 0.08433734939759036
5 0.6360266864343959 0.8257645968489342 0.023721275018532245 0.033364226135310475
0 0.6382505559673832 0.8336422613531047 0.01927353595255745 0.026876737720111215
0 0.683839881393625 0.8206672845227062 0.022979985174203115 0.03243744207599629
0 0.6152705707931801 0.8892493049119555 0.037064492216456635 0.03243744207599629
0 0.6215715344699778 0.9198331788693235 0.021497405485544848 0.025023169601482854
0 0.5140845070422535 0.958758109360519 0.0452186805040771 0.05838739573679333
0 0.4444032616753151 0.7117701575532901 0.0452186805040771 0.04448563484708063
0 0.4429206819866568 0.597775718257646 0.04225352112676056 0.05004633920296571
0 0.3799110452186805 0.6098239110287303 0.028910303928836176 0.03892493049119555
0 0.31801334321719793 0.6923076923076923 0.031134173461823574 0.025949953660797033
0 0.3257968865826538 0.7150139017608897 0.021497405485544848 0.030583873957367932
0 0.03039288361749444 0.5236329935125116 0.04002965159377316 0.04077849860982391
0 0.029651593773165306 0.603336422613531 0.01927353595255745 0.042632066728452274
0 0.05374351371386212 0.7066728452270621 0.022979985174203115 0.03429101019462465
0 0.3510007412898443 0.7303058387395737 0.015567086730911787 0.024096385542168676
0 0.35656041512231285 0.7618164967562558 0.011860637509266123 0.024096385542168676
0 0.3765752409191994 0.7326227988878591 0.01927353595255745 0.030583873957367932
5 0.8517420311341735 0.7298424467099166 0.0385470719051149 0.06765523632993513
5 0.9132690882134915 0.7562557924003707 0.04595997034840623 0.061167747914735865
5 0.7954040029651593 0.29564411492122333 0.03558191252779837 0.051899907321594066
5 0.35730170496664193 0.10750695088044486 0.03558191252779837 0.04819277108433735
5 0.44885100074128986 0.027803521779425393 0.06597479614529281 0.05375347544022243
5 0.22424017790956263 0.016682113067655237 0.07338769458858414 0.027803521779425393
5 0.1730911786508525 0.04911955514365153 0.03187546330615271 0.027803521779425393
5 0.259822090437361 0.08526413345690455 0.03039288361749444 0.04448563484708063
0 0.9529280948851001 0.5537534754402225 0.06893995552260934 0.09731232622798888
0 0.9510748702742773 0.6853568118628359 0.04002965159377316 0.0639481000926784
1 0.8372868791697554 0.2896200185356812 0.1356560415122313 0.2511584800741427
5 0.17234988880652335 0.0968489341983318 0.23943661971830985 0.13438368860055608
5 0.35618977020014825 0.1524559777571826 0.11934766493699037 0.11770157553290084
5 0.4395848776871757 0.28637627432808155 0.16011860637509265 0.21316033364226136
5 0.06375092661230541 0.1974050046339203 0.12008895478131949 0.10009267840593142
5 0.1541882876204596 0.3410565338276182 0.07412898443291327 0.08897126969416126
5 0.382876204595997 0.4916589434661724 0.09562638991845812 0.08804448563484708
5 0.4922164566345441 0.47914735866543096 0.12898443291326908 0.17794253938832252
5 0.5552260934025204 0.6436515291936978 0.06968124536693847 0.15106580166821132
5 0.5055596738324685 0.8906394810009268 0.15715344699777614 0.211306765523633
5 0.64529280948851 0.9657089898053753 0.0793180133432172 0.05931417979610751
5 0.7461082283172721 0.8493975903614458 0.048183839881393624 0.06580166821130677
0 0.7924388435878429 0.2942539388322521 0.013343217197924388 0.021316033364226137
0 0.8502594514455152 0.7256719184430028 0.025203854707190512 0.051899907321594066
0 0.8932542624166049 0.6607970342910102 0.020756115641215715 0.04819277108433735
0 0.9095626389918459 0.6024096385542169 0.020756115641215715 0.042632066728452274
0 0.8335804299481097 0.7780352177942539 0.06893995552260934 0.06950880444856349
0 0.7501853224610823 0.7817423540315107 0.026686434395848776 0.04911955514365153
0 0.7472201630837657 0.8341056533827618 0.025203854707190512 0.03521779425393883
0 0.7049666419570052 0.012048192771084338 0.020756115641215715 0.018535681186283594
0 0.6074870274277242 0.4666357738646895 0.025945144551519646 0.03985171455050973
4 0.2716827279466271 0.5959221501390176 0.5404002965159377 0.8025949953660797
0 0.3591549295774648 0.10704355885078777 0.015567086730911787 0.023169601482854494
0 0.2668643439584878 0.09592215013901761 0.011860637509266123 0.013901760889712697
0 0.16938472942920682 0.047265987025023166 0.015567086730911787 0.018535681186283594
0 0.21756856931060045 0.008804448563484708 0.01704966641957005 0.017608897126969416
