1 0.869140625 0.8837890625 0.25390625 0.216796875
5 0.443359375 0.6376953125 0.14453125 0.181640625
5 0.5986328125 0.3662109375 0.154296875 0.150390625
5 0.5703125 0.1240234375 0.24609375 0.212890625
5 0.3759765625 0.0498046875 0.056640625 0.072265625
0 0.2392578125 0.798828125 0.201171875 0.34765625
5 0.322265625 0.9248046875 0.19921875 0.130859375
5 0.396484375 0.8291015625 0.04296875 0.056640625
0 0.0263671875 0.6044921875 0.041015625 0.111328125
0 0.119140625 0.15625 0.03125 0.08203125
0 0.1533203125 0.2294921875 0.029296875 0.044921875
0 0.0361328125 0.251953125 0.041015625 0.12890625
4 0.123046875 0.40625 0.23828125 0.78125
3 0.8408203125 0.53125 0.283203125 0.71484375
5 0.7509765625 0.529296875 0.041015625 0.05078125
5 0.7861328125 0.46875 0.037109375 0.04296875
5 0.830078125 0.45703125 0.03125 0.04296875
5 0.8759765625 0.2431640625 0.232421875 0.146484375
5 0.755859375 0.0400390625 0.2734375 0.068359375
5 0.849609375 0.1005859375 0.16796875 0.072265625
5 0.8349609375 0.625 0.052734375 0.0546875
5 0.9443359375 0.6123046875 0.095703125 0.060546875
5 0.6728515625 0.8115234375 0.037109375 0.044921875
5 0.7197265625 0.849609375 0.044921875 0.046875
5 0.63671875 0.88671875 0.03125 0.0390625
5 0.486328125 0.2548828125 0.0390625 0.064453125
5 0.52734375 0.3486328125 0.0390625 0.083984375
5 0.0654296875 0.8525390625 0.021484375 0.033203125
5 0.1640625 0.7158203125 0.03125 0.052734375
0 0.0673828125 0.4150390625 0.025390625 0.169921875
0 0.0947265625 0.3603515625 0.021484375 0.064453125
0 0.1015625 0.2880859375 0.01953125 0.060546875
0 0.61328125 0.400390625 0.046875 0.03125
0 0.65234375 0.3818359375 0.01953125 0.021484375
0 0.421875 0.61328125 0.01953125 0.0390625
0 0.4599609375 0.6533203125 0.033203125 0.029296875
0 0.7490234375 0.5361328125 0.017578125 0.021484375
2 0.8916015625 0.2412109375 0.169921875 0.126953125
