0 0.4647887323943662 0.1417979610750695 0.042994810971089696 0.04448563484708063
0 0.536693847294292 0.17145505097312327 0.07116382505559674 0.0871177015755329
0 0.5878428465530022 0.23772011121408712 0.10822831727205337 0.08619091751621873
0 0.5018532246108228 0.24513438368860055 0.037064492216456635 0.07692307692307693
0 0.44551519644180876 0.22381835032437442 0.023721275018532245 0.03429101019462465
0 0.4099332839140104 0.2905468025949954 0.037064492216456635 0.07136237256719184
0 0.4792438843587843 0.042632066728452274 0.06300963676797627 0.06487488415199258
0 0.8172720533728688 0.042632066728452274 0.0793180133432172 0.08526413345690455
0 0.7865085248332098 0.12048192771084337 0.0340993328391401 0.042632066728452274
0 0.7998517420311342 0.09545875810936053 0.03558191252779837 0.03151065801668211
0 0.712008895478132 0.1417979610750695 0.05707931801334322 0.08526413345690455
0 0.1960711638250556 0.29518072289156627 0.039288361749444035 0.05282669138090825
0 0.030763528539659007 0.16404077849860982 0.025945144551519646 0.04077849860982391
5 0.6693847294292068 0.2710843373493976 0.5455893254262416 0.16589434661723818
5 0.4681245366938473 0.057460611677479144 0.16234247590808007 0.09267840593141798
1 0.748702742772424 0.8049119555143651 0.44180874722016306 0.3790546802594995
1 0.48851000741289846 0.8869323447636701 0.17197924388435878 0.21872103799814643
5 0.1827279466271312 0.366079703429101 0.0452186805040771 0.05931417979610751
0 0.17976278724981468 0.3670064874884152 0.01111934766493699 0.011121408711770158
0 0.16679021497405486 0.38785912882298423 0.005930318754633061 0.008341056533827619
0 0.19125277983691624 0.3433734939759036 0.010378057820607857 0.008341056533827619
0 0.18235730170496664 0.5088044485634847 0.01630837657524092 0.020389249304911955
5 0.507783543365456 0.5556070435588508 0.08302446256486286 0.05282669138090825
5 0.9833209785025945 0.25532900834105654 0.028910303928836176 0.037998146431881374
