5 0.8330078125 0.236328125 0.271484375 0.1484375
5 0.6357421875 0.798828125 0.130859375 0.3671875
5 0.28515625 0.7080078125 0.1328125 0.126953125
5 0.9599609375 0.646484375 0.052734375 0.0625
4 0.5107421875 0.349609375 0.759765625 0.65234375
2 0.986328125 0.189453125 0.01953125 0.046875
2 0.9609375 0.6455078125 0.01953125 0.052734375
2 0.666015625 0.923828125 0.03515625 0.109375
2 0.630859375 0.6943359375 0.015625 0.033203125
5 0.9228515625 0.5390625 0.025390625 0.0234375
5 0.9453125 0.568359375 0.01953125 0.0234375
5 0.9775390625 0.43359375 0.029296875 0.03515625
2 0.40234375 0.5634765625 0.015625 0.017578125
2 0.314453125 0.5732421875 0.01953125 0.025390625
2 0.279296875 0.705078125 0.05859375 0.03125
