4 0.208984375 0.716796875 0.3125 0.453125
6 0.365234375 0.8046875 0.28515625 0.359375
1 0.8603515625 0.89453125 0.205078125 0.1796875
2 0.3203125 0.0439453125 0.1015625 0.060546875
2 0.3046875 0.1708984375 0.0390625 0.041015625
2 0.3154296875 0.2421875 0.033203125 0.04296875
0 0.015625 0.2470703125 0.0234375 0.056640625
0 0.013671875 0.3828125 0.015625 0.0546875
3 0.5751953125 0.4580078125 0.376953125 0.283203125
7 0.6572265625 0.3720703125 0.146484375 0.138671875
7 0.494140625 0.634765625 0.39453125 0.484375
7 0.19921875 0.71875 0.2734375 0.42578125
0 0.4873046875 0.671875 0.009765625 0.01171875
0 0.3330078125 0.025390625 0.025390625 0.01953125
3 0.802734375 0.498046875 0.37890625 0.98828125
1 0.3544921875 0.93359375 0.228515625 0.1171875
