0 0.9462890625 0.1875 0.080078125 0.1640625
5 0.828125 0.2685546875 0.28515625 0.302734375
5 0.86328125 0.8271484375 0.11328125 0.208984375
5 0.60546875 0.8779296875 0.0625 0.064453125
5 0.3251953125 0.82421875 0.060546875 0.046875
4 0.4755859375 0.384765625 0.189453125 0.140625
5 0.63671875 0.130859375 0.05078125 0.05078125
5 0.6181640625 0.1640625 0.013671875 0.01953125
5 0.6435546875 0.0244140625 0.029296875 0.048828125
5 0.9482421875 0.4453125 0.037109375 0.08984375
5 0.982421875 0.439453125 0.02734375 0.06640625
5 0.720703125 0.6455078125 0.0234375 0.029296875
5 0.755859375 0.677734375 0.01953125 0.0234375
5 0.9736328125 0.6640625 0.021484375 0.02734375
5 0.751953125 0.767578125 0.0234375 0.02734375
5 0.615234375 0.7529296875 0.03125 0.029296875
5 0.5703125 0.8056640625 0.0390625 0.029296875
5 0.689453125 0.958984375 0.05859375 0.04296875
5 0.091796875 0.7890625 0.03125 0.0390625
5 0.025390625 0.6220703125 0.03125 0.048828125
5 0.0703125 0.6171875 0.0546875 0.0546875
5 0.14453125 0.5849609375 0.0546875 0.025390625
5 0.0166015625 0.4619140625 0.021484375 0.029296875
5 0.3916015625 0.837890625 0.021484375 0.0234375
5 0.361328125 0.9599609375 0.0234375 0.025390625
5 0.408203125 0.896484375 0.0234375 0.02734375
5 0.103515625 0.6767578125 0.0234375 0.021484375
