7 0.3212890625 0.755859375 0.451171875 0.484375
7 0.650390625 0.9404296875 0.1875 0.107421875
2 0.310546875 0.126953125 0.140625 0.06640625
2 0.181640625 0.1767578125 0.078125 0.076171875
2 0.0634765625 0.2509765625 0.107421875 0.099609375
2 0.947265625 0.1845703125 0.0546875 0.056640625
2 0.59375 0.853515625 0.10546875 0.06640625
2 0.48046875 0.021484375 0.0625 0.04296875
2 0.2265625 0.42578125 0.1171875 0.1953125
2 0.7412109375 0.1494140625 0.443359375 0.232421875
2 0.85546875 0.6259765625 0.28125 0.728515625
2 0.306640625 0.93359375 0.0546875 0.0625
2 0.06640625 0.734375 0.10546875 0.1328125
2 0.166015625 0.8671875 0.1015625 0.13671875
