5 0.2958984375 0.20703125 0.115234375 0.2578125
5 0.42578125 0.048828125 0.09375 0.08984375
5 0.4482421875 0.3095703125 0.064453125 0.392578125
0 0.0400390625 0.4775390625 0.068359375 0.146484375
0 0.1123046875 0.4375 0.048828125 0.10546875
0 0.2021484375 0.365234375 0.072265625 0.1796875
0 0.05859375 0.6875 0.0703125 0.20703125
5 0.1396484375 0.7568359375 0.060546875 0.111328125
0 0.2763671875 0.6376953125 0.037109375 0.087890625
0 0.271484375 0.7763671875 0.0546875 0.177734375
0 0.3095703125 0.947265625 0.044921875 0.0859375
0 0.365234375 0.599609375 0.06640625 0.109375
0 0.447265625 0.58203125 0.0390625 0.078125
0 0.505859375 0.8095703125 0.171875 0.162109375
0 0.6435546875 0.6376953125 0.083984375 0.119140625
0 0.7666015625 0.5546875 0.107421875 0.05078125
0 0.6416015625 0.2373046875 0.244140625 0.197265625
0 0.5859375 0.4453125 0.078125 0.11328125
0 0.7744140625 0.658203125 0.060546875 0.125
0 0.9091796875 0.69921875 0.107421875 0.0859375
0 0.697265625 0.93359375 0.06640625 0.07421875
0 0.765625 0.3896484375 0.0625 0.056640625
0 0.830078125 0.458984375 0.04296875 0.0625
5 0.9443359375 0.42578125 0.076171875 0.078125
2 0.3701171875 0.412109375 0.064453125 0.0703125
4 0.3466796875 0.4482421875 0.111328125 0.115234375
2 0.6611328125 0.2373046875 0.181640625 0.177734375
0 0.486328125 0.0224609375 0.0390625 0.037109375
0 0.5576171875 0.0078125 0.029296875 0.015625
0 0.6953125 0.4296875 0.02734375 0.02734375
0 0.5087890625 0.28125 0.087890625 0.03515625
5 0.4951171875 0.33203125 0.056640625 0.0234375
5 0.193359375 0.482421875 0.06640625 0.046875
5 0.5146484375 0.158203125 0.033203125 0.078125
0 0.0859375 0.8017578125 0.04296875 0.033203125
0 0.1396484375 0.75390625 0.048828125 0.1015625
0 0.193359375 0.5673828125 0.05859375 0.048828125
0 0.26171875 0.5947265625 0.015625 0.029296875
0 0.47265625 0.478515625 0.02734375 0.0625
0 0.37109375 0.2880859375 0.03515625 0.041015625
0 0.376953125 0.2158203125 0.02734375 0.041015625
0 0.3330078125 0.0791015625 0.044921875 0.056640625
0 0.265625 0.30078125 0.0546875 0.06640625
0 0.111328125 0.22265625 0.03515625 0.03515625
2 0.0400390625 0.474609375 0.068359375 0.1328125
2 0.6328125 0.8486328125 0.02734375 0.052734375
