1 0.2727946627131208 0.9541241890639481 0.10229799851742032 0.08063021316033364
4 0.8243143068939955 0.6556997219647822 0.3291326908821349 0.6607970342910102
5 0.44217939214232765 0.3985171455050973 0.06300963676797627 0.19091751621872105
0 0.5867309117865085 0.6793327154772938 0.03187546330615271 0.04819277108433735
0 0.33728687916975536 0.7724745134383688 0.026686434395848776 0.028730305838739572
5 0.29911045218680504 0.7840593141797961 0.025945144551519646 0.024096385542168676
5 0.2687175685693106 0.2822057460611678 0.09710896960711639 0.2882298424467099
5 0.229058561897702 0.5032437442075997 0.06671608598962195 0.22242817423540315
5 0.7587101556708673 0.056070435588507876 0.06300963676797627 0.06765523632993513
5 0.7138621200889548 0.15801668211306766 0.05337286879169755 0.07692307692307693
0 0.8702742772424018 0.05838739573679333 0.023721275018532245 0.09453197405004633
0 0.8206078576723499 0.07924003707136237 0.037064492216456635 0.04355885078776645
0 0.6167531504818384 0.07599629286376275 0.037064492216456635 0.04633920296570899
5 0.6679021497405485 0.16635773864689526 0.01630837657524092 0.028730305838739572
5 0.7071905114899926 0.07228915662650602 0.026686434395848776 0.05375347544022243
5 0.7023721275018532 0.2386468952734013 0.014084507042253521 0.028730305838739572
5 0.7542624166048925 0.24374420759962928 0.02446256486286138 0.022242817423540315
5 0.7386953298739807 0.4916589434661724 0.028910303928836176 0.05282669138090825
5 0.7961452928094885 0.5296570898980537 0.023721275018532245 0.03614457831325301
0 0.4395848776871757 0.24003707136237257 0.03261675315048184 0.029657089898053754
5 0.5585618977020015 0.10750695088044486 0.02446256486286138 0.03707136237256719
0 0.3424759080800593 0.025486561631139944 0.037064492216456635 0.030583873957367932
0 0.3702742772424018 0.09916589434661724 0.048183839881393624 0.09267840593141798
5 0.15233506300963676 0.061167747914735865 0.07042253521126761 0.10936051899907322
0 0.17642698295033357 0.11353104726598702 0.08747220163083766 0.060240963855421686
0 0.14232765011119347 0.22567191844300277 0.03558191252779837 0.037998146431881374
0 0.18865826538176428 0.24003707136237257 0.04670126019273536 0.03521779425393883
0 0.2016308376575241 0.2117701575532901 0.042994810971089696 0.030583873957367932
0 0.17272053372868792 0.2794253938832252 0.04002965159377316 0.03243744207599629
5 0.2049666419570052 0.28637627432808155 0.014084507042253521 0.033364226135310475
0 0.37361008154188285 0.2905468025949954 0.026686434395848776 0.037998146431881374
0 0.5522609340252038 0.3470806302131603 0.031134173461823574 0.05097312326227989
5 0.46886582653817643 0.530583873957368 0.09414381022979985 0.12696941612604262
4 0.3680504077094144 0.6811862835959221 0.2542624166048925 0.22984244670991658
4 0.5507783543365455 0.060240963855421686 0.1467753891771683 0.10379981464318813
4 0.8858413639733136 0.18535681186283595 0.20014825796886582 0.3410565338276182
0 0.2323943661971831 0.14967562557924002 0.0363232023721275 0.03614457831325301
0 0.2664936990363232 0.27247451343836887 0.09562638991845812 0.19462465245597776
0 0.33765752409191996 0.3405931417979611 0.01704966641957005 0.023169601482854494
0 0.42142327650111194 0.5537534754402225 0.014084507042253521 0.010194624652455977
0 0.860637509266123 0.21037998146431883 0.007412898443291327 0.016682113067655237
0 0.8721275018532246 0.20898980537534753 0.009636767976278725 0.013901760889712697
0 0.8617494440326168 0.25069508804448565 0.009636767976278725 0.015755329008341055
0 0.8721275018532246 0.07970342910101946 0.01111934766493699 0.020389249304911955
0 0.8636026686434396 0.09036144578313253 0.007412898443291327 0.019462465245597776
0 0.8721275018532246 0.0505097312326228 0.018532246108228317 0.03614457831325301
0 0.8702742772424018 0.022242817423540315 0.01630837657524092 0.025949953660797033
0 0.812824314306894 0.07043558850787766 0.009636767976278725 0.012974976830398516
0 0.829873980726464 0.07877664504170528 0.01111934766493699 0.014828544949026877
0 0.7075611564121571 0.08433734939759036 0.009636767976278725 0.016682113067655237
0 0.7164566345441068 0.16265060240963855 0.00815418828762046 0.012048192771084338
0 0.6708673091178651 0.16635773864689526 0.008895478131949592 0.013901760889712697
0 0.5963676797627873 0.025949953660797033 0.014084507042253521 0.022242817423540315
0 0.6363973313565604 0.025023169601482854 0.00815418828762046 0.012974976830398516
0 0.44180874722016306 0.242354031510658 0.010378057820607857 0.021316033364226137
0 0.43217197924388434 0.2428174235403151 0.008895478131949592 0.018535681186283594
1 0.11045218680504076 0.5329008341056534 0.21942179392142327 0.9286376274328082
5 0.5978502594514455 0.6997219647822057 0.039288361749444035 0.04633920296570899
5 0.5959970348406227 0.025949953660797033 0.10378057820607858 0.04819277108433735
5 0.5133432171979244 0.06441149212233549 0.039288361749444035 0.04170528266913809
5 0.860637509266123 0.14782205746061167 0.05337286879169755 0.08989805375347544
5 0.8517420311341735 0.3072289156626506 0.06523350630096368 0.11770157553290084
0 0.1530763528539659 0.0551436515291937 0.05856189770200148 0.08989805375347544
5 0.3361749444032617 0.3387395736793327 0.02001482579688658 0.026876737720111215
5 0.3758339510748703 0.2882298424467099 0.028169014084507043 0.04077849860982391
5 0.4369903632320237 0.24003707136237257 0.028910303928836176 0.033364226135310475
0 0.4262416604892513 0.33225208526413347 0.01927353595255745 0.03429101019462465
0 0.44848035581912526 0.33642261353104724 0.010378057820607857 0.016682113067655237
0 0.44217939214232765 0.37349397590361444 0.01111934766493699 0.018535681186283594
0 0.4492216456634544 0.40639481000926786 0.010378057820607857 0.012048192771084338
0 0.44885100074128986 0.4388322520852641 0.01111934766493699 0.015755329008341055
0 0.4318013343217198 0.4555143651529194 0.05856189770200148 0.11214087117701575
0 0.5066716085989622 0.5783132530120482 0.022979985174203115 0.03707136237256719
0 0.37546330615270573 0.7298424467099166 0.00815418828762046 0.015755329008341055
0 0.36397331356560414 0.7238183503243745 0.01630837657524092 0.018535681186283594
0 0.27909562638991847 0.7182576459684893 0.033358042994810974 0.027803521779425393
0 0.28984432913269087 0.6899907321594069 0.01927353595255745 0.0027803521779425394
5 0.27798369162342473 0.7117701575532901 0.04002965159377316 0.04633920296570899
5 0.3765752409191994 0.6163113994439295 0.01927353595255745 0.020389249304911955
5 0.41363973313565605 0.6329935125115848 0.0385470719051149 0.033364226135310475
5 0.4647887323943662 0.6167747914735866 0.025203854707190512 0.03243744207599629
5 0.8180133432171979 0.0783132530120482 0.04670126019273536 0.07877664504170528
