0 0.091796875 0.216796875 0.15234375 0.19921875
0 0.0908203125 0.748046875 0.154296875 0.19921875
0 0.244140625 0.8994140625 0.109375 0.080078125
0 0.958984375 0.189453125 0.0625 0.171875
0 0.8876953125 0.62109375 0.033203125 0.046875
0 0.810546875 0.8828125 0.05078125 0.0625
4 0.3603515625 0.51953125 0.498046875 0.7421875
0 0.2021484375 0.0625 0.021484375 0.0390625
0 0.134765625 0.04296875 0.01953125 0.03125
0 0.0166015625 0.2958984375 0.025390625 0.083984375
0 0.03515625 0.5166015625 0.0234375 0.033203125
0 0.068359375 0.4677734375 0.02734375 0.025390625
0 0.1484375 0.86328125 0.0234375 0.01953125
2 0.958984375 0.16796875 0.06640625 0.125
