4 0.8466796875 0.46484375 0.302734375 0.9296875
5 0.791015625 0.1025390625 0.0703125 0.064453125
2 0.376953125 0.1015625 0.12890625 0.17578125
2 0.712890625 0.0732421875 0.0234375 0.048828125
2 0.9794921875 0.2216796875 0.029296875 0.052734375
2 0.0810546875 0.3134765625 0.080078125 0.115234375
2 0.1259765625 0.212890625 0.052734375 0.05859375
2 0.1904296875 0.1796875 0.068359375 0.0390625
5 0.31640625 0.8642578125 0.109375 0.115234375
5 0.5908203125 0.673828125 0.041015625 0.05078125
0 0.423828125 0.4345703125 0.046875 0.044921875
0 0.1845703125 0.20703125 0.044921875 0.04296875
0 0.3291015625 0.953125 0.044921875 0.05078125
0 0.1064453125 0.82421875 0.041015625 0.05078125
0 0.458984375 0.60546875 0.04296875 0.046875
0 0.373046875 0.4697265625 0.0546875 0.048828125
0 0.34765625 0.5390625 0.03515625 0.0625
0 0.423828125 0.5771484375 0.03515625 0.056640625
0 0.2412109375 0.7314453125 0.029296875 0.044921875
0 0.4306640625 0.814453125 0.048828125 0.0390625
0 0.009765625 0.7236328125 0.01171875 0.025390625
0 0.05078125 0.775390625 0.01953125 0.01953125
0 0.2841796875 0.8212890625 0.033203125 0.025390625
0 0.3095703125 0.8896484375 0.013671875 0.029296875
5 0.9150390625 0.365234375 0.025390625 0.02734375
5 0.93359375 0.25390625 0.0234375 0.0234375
5 0.9677734375 0.4521484375 0.021484375 0.033203125
5 0.953125 0.513671875 0.02734375 0.03125
5 0.978515625 0.6103515625 0.0234375 0.037109375
5 0.6337890625 0.0322265625 0.044921875 0.037109375
5 0.015625 0.3505859375 0.01953125 0.025390625
