4 0.546875 0.3486328125 0.375 0.396484375
5 0.4970703125 0.9013671875 0.060546875 0.111328125
5 0.51953125 0.78515625 0.0390625 0.05859375
5 0.552734375 0.6787109375 0.0234375 0.056640625
5 0.15234375 0.658203125 0.0546875 0.0546875
5 0.0595703125 0.6455078125 0.037109375 0.048828125
2 0.037109375 0.4482421875 0.046875 0.115234375
2 0.7294921875 0.359375 0.033203125 0.0546875
2 0.74609375 0.4990234375 0.03515625 0.060546875
2 0.1513671875 0.6533203125 0.037109375 0.037109375
2 0.494140625 0.8974609375 0.04296875 0.076171875
2 0.7119140625 0.7509765625 0.029296875 0.107421875
2 0.7705078125 0.3388671875 0.029296875 0.044921875
