1 0.3056640625 0.0869140625 0.169921875 0.060546875
2 0.279296875 0.228515625 0.11328125 0.109375
2 0.3017578125 0.333984375 0.095703125 0.0859375
2 0.41015625 0.447265625 0.0703125 0.07421875
5 0.16796875 0.2578125 0.10546875 0.18359375
3 0.517578125 0.5439453125 0.953125 0.884765625
2 0.9619140625 0.734375 0.037109375 0.05859375
2 0.8037109375 0.62109375 0.044921875 0.04296875
2 0.591796875 0.533203125 0.04296875 0.02734375
2 0.40234375 0.6181640625 0.05859375 0.123046875
2 0.552734375 0.025390625 0.0390625 0.046875
