5 0.6591796875 0.1796875 0.208984375 0.1953125
5 0.6552734375 0.7470703125 0.091796875 0.162109375
5 0.3173828125 0.2255859375 0.240234375 0.154296875
5 0.537109375 0.2890625 0.66796875 0.42578125
5 0.3251953125 0.552734375 0.056640625 0.06640625
5 0.275390625 0.646484375 0.05078125 0.05078125
5 0.2216796875 0.6279296875 0.052734375 0.111328125
5 0.24609375 0.8701171875 0.12890625 0.126953125
5 0.6689453125 0.91796875 0.095703125 0.140625
5 0.822265625 0.6376953125 0.05859375 0.087890625
5 0.7724609375 0.71484375 0.068359375 0.1015625
2 0.0283203125 0.3486328125 0.037109375 0.259765625
2 0.1328125 0.0634765625 0.08203125 0.119140625
2 0.072265625 0.7373046875 0.05078125 0.138671875
0 0.9296875 0.3232421875 0.03125 0.048828125
0 0.9677734375 0.4208984375 0.052734375 0.123046875
0 0.970703125 0.7724609375 0.03515625 0.056640625
0 0.818359375 0.93359375 0.07421875 0.06640625
0 0.7763671875 0.837890625 0.052734375 0.046875
0 0.74609375 0.919921875 0.03125 0.078125
0 0.8994140625 0.21484375 0.037109375 0.07421875
5 0.482421875 0.53125 0.046875 0.046875
5 0.494140625 0.6708984375 0.03515625 0.041015625
5 0.5537109375 0.681640625 0.037109375 0.0546875
5 0.35546875 0.705078125 0.04296875 0.046875
5 0.41015625 0.9306640625 0.0390625 0.044921875
0 0.08984375 0.890625 0.04296875 0.06640625
2 0.1708984375 0.1728515625 0.052734375 0.064453125
2 0.1044921875 0.197265625 0.052734375 0.0859375
2 0.2099609375 0.0234375 0.052734375 0.046875
5 0.892578125 0.0693359375 0.1484375 0.126953125
5 0.71875 0.0322265625 0.1015625 0.048828125
5 0.283203125 0.02734375 0.08203125 0.05078125
5 0.95703125 0.548828125 0.05859375 0.140625
5 0.9677734375 0.669921875 0.044921875 0.11328125
5 0.6884765625 0.62890625 0.025390625 0.02734375
2 0.15234375 0.693359375 0.0546875 0.1171875
2 0.0986328125 0.1181640625 0.189453125 0.232421875
0 0.296875 0.7197265625 0.0234375 0.033203125
0 0.255859375 0.6943359375 0.015625 0.044921875
0 0.6513671875 0.1103515625 0.037109375 0.037109375
0 0.7978515625 0.3291015625 0.052734375 0.103515625
0 0.0380859375 0.21875 0.041015625 0.0703125
0 0.3447265625 0.1201171875 0.033203125 0.033203125
0 0.279296875 0.029296875 0.08203125 0.05078125
0 0.5859375 0.021484375 0.08984375 0.04296875
2 0.5078125 0.0537109375 0.16015625 0.029296875
0 0.43359375 0.82421875 0.078125 0.08984375
0 0.1689453125 0.66796875 0.029296875 0.046875
2 0.08984375 0.8916015625 0.03515625 0.064453125
0 0.7802734375 0.98828125 0.029296875 0.015625
0 0.7392578125 0.966796875 0.017578125 0.01171875
0 0.6875 0.6884765625 0.01171875 0.021484375
0 0.7744140625 0.7646484375 0.037109375 0.033203125
0 0.767578125 0.693359375 0.01953125 0.02734375
0 0.7958984375 0.7197265625 0.021484375 0.017578125
0 0.3740234375 0.4775390625 0.021484375 0.017578125
0 0.3330078125 0.546875 0.033203125 0.03515625
0 0.029296875 0.6337890625 0.015625 0.017578125
0 0.0419921875 0.603515625 0.013671875 0.01171875
0 0.22265625 0.294921875 0.03515625 0.01953125
0 0.3671875 0.1953125 0.0390625 0.04296875
0 0.390625 0.1767578125 0.01953125 0.017578125
0 0.73046875 0.2607421875 0.0234375 0.033203125
0 0.845703125 0.0634765625 0.02734375 0.037109375
0 0.9443359375 0.1220703125 0.025390625 0.048828125
0 0.16015625 0.01953125 0.02734375 0.0234375
0 0.08984375 0.138671875 0.07421875 0.05859375
0 0.5537109375 0.9736328125 0.013671875 0.013671875
0 0.947265625 0.564453125 0.01953125 0.0234375
0 0.96875 0.53515625 0.015625 0.01953125
0 0.9306640625 0.4697265625 0.021484375 0.025390625
0 0.818359375 0.439453125 0.02734375 0.01953125
0 0.5419921875 0.4208984375 0.017578125 0.017578125
0 0.576171875 0.3759765625 0.01171875 0.033203125
0 0.5126953125 0.2607421875 0.048828125 0.033203125
0 0.6044921875 0.8623046875 0.056640625 0.025390625
0 0.6640625 0.8984375 0.05078125 0.03515625
0 0.55078125 0.681640625 0.0234375 0.015625
0 0.4921875 0.673828125 0.0234375 0.01953125
