6 0.14453125 0.7236328125 0.28515625 0.322265625
3 0.1435546875 0.724609375 0.283203125 0.3203125
4 0.3603515625 0.603515625 0.505859375 0.78125
2 0.369140625 0.591796875 0.04296875 0.046875
2 0.1728515625 0.7392578125 0.041015625 0.060546875
7 0.3701171875 0.181640625 0.486328125 0.25
0 0.169921875 0.5869140625 0.046875 0.033203125
0 0.2119140625 0.5751953125 0.048828125 0.025390625
0 0.099609375 0.6240234375 0.0546875 0.048828125
0 0.15625 0.697265625 0.05859375 0.04296875
7 0.314453125 0.8740234375 0.328125 0.201171875
7 0.669921875 0.4990234375 0.06640625 0.158203125
7 0.61328125 0.6708984375 0.13671875 0.240234375
