2 0.103515625 0.5859375 0.15625 0.07421875
2 0.3349609375 0.6171875 0.041015625 0.05078125
2 0.841796875 0.365234375 0.07421875 0.09375
5 0.5224609375 0.373046875 0.134765625 0.171875
5 0.568359375 0.576171875 0.0390625 0.04296875
5 0.591796875 0.654296875 0.05078125 0.0546875
5 0.353515625 0.25390625 0.0625 0.05859375
5 0.2021484375 0.0625 0.048828125 0.04296875
5 0.0712890625 0.1806640625 0.041015625 0.041015625
5 0.345703125 0.7978515625 0.05078125 0.048828125
0 0.4248046875 0.1005859375 0.037109375 0.025390625
2 0.208984375 0.7294921875 0.14453125 0.126953125
2 0.181640625 0.8349609375 0.09375 0.083984375
2 0.08203125 0.73828125 0.09375 0.0390625
2 0.0546875 0.794921875 0.1015625 0.06640625
2 0.1083984375 0.9150390625 0.115234375 0.080078125
2 0.3447265625 0.802734375 0.013671875 0.0234375
2 0.583984375 0.6435546875 0.01953125 0.029296875
2 0.5703125 0.5810546875 0.015625 0.029296875
2 0.51171875 0.4013671875 0.0625 0.076171875
2 0.83984375 0.7568359375 0.0625 0.220703125
2 0.9052734375 0.525390625 0.037109375 0.0859375
2 0.9384765625 0.5234375 0.029296875 0.0703125
