0 0.84765625 0.7001953125 0.14453125 0.123046875
0 0.849609375 0.587890625 0.05859375 0.0859375
0 0.8583984375 0.376953125 0.037109375 0.09375
0 0.7099609375 0.62109375 0.095703125 0.06640625
0 0.6298828125 0.6845703125 0.056640625 0.052734375
2 0.58984375 0.2841796875 0.04296875 0.080078125
2 0.6640625 0.3037109375 0.03125 0.072265625
2 0.73046875 0.0302734375 0.0546875 0.060546875
2 0.1767578125 0.05078125 0.064453125 0.046875
2 0.3740234375 0.3232421875 0.072265625 0.099609375
2 0.43359375 0.462890625 0.05859375 0.12109375
4 0.294921875 0.498046875 0.37890625 0.58203125
7 0.1865234375 0.4404296875 0.224609375 0.419921875
7 0.3720703125 0.5771484375 0.212890625 0.396484375
1 0.8857421875 0.890625 0.205078125 0.20703125
2 0.658203125 0.876953125 0.14453125 0.1328125
2 0.7216796875 0.6142578125 0.068359375 0.029296875
2 0.6435546875 0.6806640625 0.029296875 0.033203125
2 0.8525390625 0.583984375 0.017578125 0.07421875
2 0.861328125 0.361328125 0.03515625 0.05078125
2 0.986328125 0.3310546875 0.0234375 0.087890625
