0 0.580078125 0.3203125 0.04296875 0.07421875
0 0.646484375 0.318359375 0.0625 0.12890625
0 0.60546875 0.4248046875 0.07421875 0.083984375
0 0.7548828125 0.798828125 0.083984375 0.08984375
0 0.806640625 0.734375 0.0625 0.0546875
0 0.94921875 0.6240234375 0.046875 0.064453125
0 0.8681640625 0.8095703125 0.048828125 0.064453125
0 0.70703125 0.623046875 0.06640625 0.05078125
0 0.564453125 0.5908203125 0.04296875 0.044921875
0 0.869140625 0.048828125 0.06640625 0.078125
4 0.5205078125 0.177734375 0.236328125 0.28125
2 0.9130859375 0.7275390625 0.060546875 0.056640625
0 0.9794921875 0.7373046875 0.037109375 0.048828125
0 0.9013671875 0.6513671875 0.021484375 0.017578125
0 0.9794921875 0.5283203125 0.033203125 0.072265625
0 0.900390625 0.1611328125 0.03515625 0.033203125
0 0.7451171875 0.64453125 0.025390625 0.02734375
0 0.849609375 0.693359375 0.02734375 0.03125
0 0.9130859375 0.7275390625 0.076171875 0.056640625
