0 0.6015625 0.669921875 0.21484375 0.40234375
0 0.328125 0.5947265625 0.1171875 0.158203125
1 0.0947265625 0.1103515625 0.189453125 0.181640625
2 0.3623046875 0.5849609375 0.134765625 0.400390625
2 0.7529296875 0.5947265625 0.220703125 0.228515625
4 0.138671875 0.529296875 0.26953125 0.64453125
2 0.1162109375 0.5205078125 0.068359375 0.130859375
2 0.19140625 0.623046875 0.08984375 0.10546875
2 0.0361328125 0.4599609375 0.033203125 0.158203125
2 0.5888671875 0.640625 0.154296875 0.296875
2 0.6875 0.822265625 0.203125 0.16796875
2 0.642578125 0.947265625 0.16796875 0.08203125
2 0.8642578125 0.896484375 0.126953125 0.1796875
2 0.7744140625 0.9521484375 0.052734375 0.080078125
2 0.921875 0.787109375 0.08203125 0.1328125
2 0.849609375 0.6474609375 0.09765625 0.123046875
2 0.9462890625 0.5771484375 0.083984375 0.193359375
2 0.708984375 0.24609375 0.41796875 0.1640625
2 0.81640625 0.400390625 0.140625 0.15625
2 0.9248046875 0.3916015625 0.056640625 0.091796875
2 0.4423828125 0.8310546875 0.111328125 0.142578125
2 0.2314453125 0.8837890625 0.232421875 0.181640625
2 0.345703125 0.6904296875 0.1328125 0.330078125
2 0.970703125 0.5234375 0.05078125 0.3203125
0 0.701171875 0.275390625 0.03125 0.03515625
0 0.7783203125 0.3251953125 0.025390625 0.029296875
0 0.6376953125 0.9697265625 0.119140625 0.052734375
0 0.7529296875 0.806640625 0.076171875 0.09765625
0 0.78125 0.5810546875 0.046875 0.056640625
0 0.8564453125 0.6650390625 0.052734375 0.091796875
0 0.8212890625 0.439453125 0.037109375 0.078125
0 0.83984375 0.37890625 0.046875 0.08203125
0 0.919921875 0.3876953125 0.03125 0.060546875
