5 0.8427734375 0.8662109375 0.154296875 0.185546875
5 0.7099609375 0.591796875 0.041015625 0.0390625
5 0.7412109375 0.6875 0.064453125 0.09765625
5 0.9248046875 0.4052734375 0.115234375 0.115234375
5 0.8369140625 0.3662109375 0.048828125 0.072265625
5 0.7705078125 0.31640625 0.076171875 0.1875
5 0.6640625 0.310546875 0.0859375 0.10546875
5 0.626953125 0.54296875 0.05859375 0.07421875
4 0.4345703125 0.3994140625 0.611328125 0.529296875
2 0.453125 0.8408203125 0.03515625 0.041015625
2 0.826171875 0.841796875 0.11328125 0.1171875
1 0.880859375 0.8720703125 0.22265625 0.248046875
