2 0.6787109375 0.423828125 0.087890625 0.07421875
2 0.7548828125 0.52734375 0.119140625 0.07421875
2 0.962890625 0.2333984375 0.0703125 0.107421875
6 0.3916015625 0.7685546875 0.392578125 0.419921875
4 0.5703125 0.70703125 0.3515625 0.359375
7 0.5595703125 0.3955078125 0.138671875 0.220703125
0 0.3994140625 0.822265625 0.134765625 0.0703125
0 0.494140625 0.7939453125 0.05078125 0.048828125
0 0.3857421875 0.6494140625 0.029296875 0.025390625
0 0.357421875 0.6728515625 0.04296875 0.033203125
0 0.49609375 0.7255859375 0.01171875 0.013671875
0 0.5478515625 0.7802734375 0.060546875 0.041015625
0 0.4990234375 0.75390625 0.041015625 0.03125
1 0.087890625 0.52734375 0.17578125 0.33203125
2 0.0263671875 0.169921875 0.037109375 0.046875
