0 0.224609375 0.0947265625 0.15234375 0.107421875
5 0.4453125 0.4921875 0.06640625 0.05078125
2 0.802734375 0.265625 0.0390625 0.046875
2 0.8720703125 0.83984375 0.060546875 0.05859375
2 0.443359375 0.4951171875 0.05078125 0.041015625
2 0.623046875 0.42578125 0.0625 0.078125
2 0.2353515625 0.498046875 0.041015625 0.0390625
2 0.275390625 0.490234375 0.015625 0.01953125
2 0.4248046875 0.7490234375 0.021484375 0.052734375
2 0.4248046875 0.8701171875 0.025390625 0.052734375
2 0.248046875 0.6015625 0.02734375 0.04296875
2 0.220703125 0.0927734375 0.14453125 0.095703125
2 0.103515625 0.9208984375 0.06640625 0.072265625
0 0.09765625 0.9228515625 0.03515625 0.033203125
