2 0.6005859375 0.7958984375 0.775390625 0.197265625
5 0.7978515625 0.298828125 0.263671875 0.1953125
5 0.904296875 0.1748046875 0.16796875 0.275390625
2 0.521484375 0.2783203125 0.1796875 0.099609375
5 0.8369140625 0.828125 0.029296875 0.03125
5 0.8232421875 0.7783203125 0.041015625 0.041015625
5 0.958984375 0.4365234375 0.07421875 0.080078125
5 0.8994140625 0.421875 0.037109375 0.046875
5 0.4345703125 0.859375 0.029296875 0.03125
5 0.66015625 0.818359375 0.0390625 0.03125
5 0.58203125 0.767578125 0.0234375 0.0234375
5 0.564453125 0.7119140625 0.02734375 0.025390625
5 0.60546875 0.677734375 0.03515625 0.02734375
5 0.9365234375 0.697265625 0.033203125 0.03515625
5 0.65234375 0.029296875 0.03125 0.03515625
4 0.4873046875 0.359375 0.150390625 0.08203125
