5 0.837890625 0.34765625 0.30859375 0.1875
5 0.7041015625 0.6845703125 0.072265625 0.044921875
5 0.7138671875 0.7529296875 0.064453125 0.072265625
5 0.64453125 0.892578125 0.12890625 0.19140625
5 0.287109375 0.7216796875 0.14453125 0.134765625
5 0.1015625 0.685546875 0.0546875 0.0625
1 0.0810546875 0.87890625 0.119140625 0.17578125
5 0.8955078125 0.5361328125 0.099609375 0.130859375
5 0.4462890625 0.6298828125 0.068359375 0.068359375
5 0.7646484375 0.8544921875 0.029296875 0.025390625
5 0.6611328125 0.71484375 0.044921875 0.03125
5 0.326171875 0.4736328125 0.01953125 0.017578125
5 0.5478515625 0.162109375 0.041015625 0.02734375
5 0.26171875 0.142578125 0.02734375 0.01953125
5 0.201171875 0.2041015625 0.0234375 0.021484375
5 0.1474609375 0.189453125 0.041015625 0.046875
5 0.2392578125 0.1259765625 0.021484375 0.017578125
5 0.2177734375 0.3896484375 0.041015625 0.041015625
5 0.73828125 0.794921875 0.01953125 0.0234375
1 0.658203125 0.9462890625 0.109375 0.091796875
2 0.3193359375 0.7099609375 0.048828125 0.103515625
2 0.25390625 0.7509765625 0.03515625 0.048828125
2 0.1083984375 0.685546875 0.037109375 0.05078125
2 0.439453125 0.62890625 0.01953125 0.01953125
0 0.9853515625 0.373046875 0.013671875 0.015625
0 0.91796875 0.373046875 0.015625 0.046875
0 0.11328125 0.6748046875 0.01953125 0.017578125
0 0.2509765625 0.7431640625 0.013671875 0.013671875
0 0.7197265625 0.7451171875 0.041015625 0.033203125
