3 0.5244140625 0.5224609375 0.845703125 0.841796875
5 0.7666015625 0.359375 0.146484375 0.1171875
5 0.2177734375 0.931640625 0.095703125 0.125
5 0.8232421875 0.8818359375 0.115234375 0.193359375
5 0.6513671875 0.7919921875 0.072265625 0.193359375
5 0.40234375 0.7646484375 0.06640625 0.099609375
4 0.5126953125 0.3955078125 0.486328125 0.333984375
5 0.0615234375 0.5126953125 0.029296875 0.033203125
5 0.73828125 0.63671875 0.0390625 0.0703125
5 0.9033203125 0.6123046875 0.025390625 0.029296875
5 0.9052734375 0.357421875 0.181640625 0.390625
2 0.1357421875 0.185546875 0.044921875 0.0234375
2 0.1328125 0.1005859375 0.05078125 0.025390625
2 0.4072265625 0.7861328125 0.021484375 0.052734375
2 0.853515625 0.9111328125 0.0234375 0.037109375
2 0.1708984375 0.96875 0.029296875 0.05078125
