0 0.24796145292809488 0.09453197405004633 0.06449221645663454 0.07043558850787766
0 0.2750185322461082 0.16172381835032437 0.029651593773165306 0.03243744207599629
0 0.10155670867309118 0.16126042632066728 0.0340993328391401 0.03892493049119555
0 0.1541882876204596 0.24606116774791473 0.0385470719051149 0.06580166821130677
0 0.11601186063750926 0.3943466172381835 0.03039288361749444 0.03985171455050973
0 0.12416604892512972 0.340129749768304 0.02446256486286138 0.020389249304911955
0 0.18865826538176428 0.34986098239110286 0.03780578206078577 0.03614457831325301
0 0.14158636026686433 0.5537534754402225 0.031134173461823574 0.03614457831325301
0 0.1245366938472943 0.032900834105653386 0.0385470719051149 0.025023169601482854
0 0.24091919940696813 0.026876737720111215 0.0385470719051149 0.04448563484708063
0 0.32987398072646407 0.017608897126969416 0.01927353595255745 0.022242817423540315
4 0.24425500370644923 0.32854494902687675 0.09414381022979985 0.09916589434661724
5 0.03669384729429207 0.32483781278962004 0.03039288361749444 0.030583873957367932
7 0.4295774647887324 0.7502316960148285 0.1475166790214974 0.1102873030583874
7 0.1697553743513714 0.43790546802594993 0.1497405485544848 0.267840593141798
7 0.2601927353595256 0.18257645968489342 0.1882876204595997 0.1835032437442076
7 0.44032616753150483 0.24189063948100092 0.11712379540400296 0.11306765523632993
2 0.020385470719051148 0.9425393883225208 0.039288361749444035 0.08341056533827618
1 0.7272053372868792 0.7835959221501391 0.38843587842846555 0.4235403151065802
0 0.34099332839140106 0.335032437442076 0.02223869532987398 0.026876737720111215
0 0.3617494440326168 0.3373493975903614 0.01927353595255745 0.024096385542168676
0 0.3839881393624907 0.22984244670991658 0.028169014084507043 0.04448563484708063
0 0.3598962194217939 0.23123262279888787 0.009636767976278725 0.015755329008341055
5 0.16308376575240918 0.4439295644114921 0.014825796886582653 0.024096385542168676
