2 0.9090150250417363 0.09190371991247265 0.11853088480801335 0.09190371991247265
2 0.12186978297161936 0.09190371991247265 0.11352253756260434 0.087527352297593
2 0.7654424040066778 0.9299781181619255 0.21869782971619364 0.12691466083150985
3 0.5242070116861436 0.4934354485776805 0.5742904841402338 0.838074398249453
2 0.3105175292153589 0.9693654266958425 0.18030050083472454 0.05689277899343545
2 0.8873121869782972 0.7231947483588621 0.028380634390651086 0.037199124726477024
2 0.511686143572621 0.5733041575492341 0.018363939899833055 0.030634573304157548
2 0.494991652754591 0.25164113785557984 0.021702838063439065 0.0262582056892779
2 0.4515859766277129 0.26914660831509846 0.018363939899833055 0.030634573304157548
2 0.11018363939899833 0.2778993435448578 0.02003338898163606 0.02188183807439825
2 0.15025041736227046 0.8315098468271335 0.02003338898163606 0.0262582056892779
2 0.4257095158597663 0.9431072210065645 0.02003338898163606 0.0262582056892779
