4 0.2001953125 0.6796875 0.353515625 0.453125
0 0.3642578125 0.3447265625 0.080078125 0.083984375
0 0.5419921875 0.37109375 0.029296875 0.05078125
0 0.546875 0.50390625 0.0625 0.0703125
0 0.75 0.75 0.05078125 0.0703125
0 0.744140625 0.1083984375 0.12109375 0.189453125
0 0.51953125 0.0625 0.11328125 0.08203125
0 0.2734375 0.4736328125 0.10546875 0.091796875
0 0.36328125 0.583984375 0.12890625 0.11328125
7 0.5341796875 0.35546875 0.271484375 0.28125
7 0.490234375 0.673828125 0.2109375 0.2578125
0 0.4658203125 0.30859375 0.017578125 0.01953125
0 0.67578125 0.4033203125 0.01171875 0.009765625
0 0.6025390625 0.9765625 0.013671875 0.01953125
5 0.3056640625 0.6748046875 0.021484375 0.021484375
5 0.3359375 0.701171875 0.0234375 0.02734375
5 0.466796875 0.3076171875 0.0234375 0.025390625
2 0.7294921875 0.88671875 0.033203125 0.046875
2 0.69140625 0.8779296875 0.03125 0.056640625
2 0.7626953125 0.111328125 0.068359375 0.12890625
2 0.55859375 0.0400390625 0.0625 0.048828125
2 0.3876953125 0.025390625 0.080078125 0.05078125
2 0.86328125 0.015625 0.0390625 0.02734375
