2 0.0869140625 0.83984375 0.169921875 0.296875
5 0.8994140625 0.251953125 0.154296875 0.1171875
5 0.6044921875 0.650390625 0.044921875 0.13671875
4 0.5634765625 0.3173828125 0.611328125 0.505859375
2 0.865234375 0.2470703125 0.02734375 0.044921875
2 0.96484375 0.267578125 0.05859375 0.07421875
2 0.5478515625 0.9091796875 0.044921875 0.048828125
5 0.5458984375 0.904296875 0.041015625 0.03125
5 0.390625 0.5361328125 0.01953125 0.021484375
5 0.37890625 0.572265625 0.02734375 0.03125
5 0.3349609375 0.599609375 0.021484375 0.0234375
5 0.28515625 0.60546875 0.03125 0.03125
5 0.4072265625 0.701171875 0.033203125 0.0234375
2 0.8994140625 0.5712890625 0.017578125 0.037109375
2 0.953125 0.580078125 0.0234375 0.0625
2 0.8037109375 0.5078125 0.033203125 0.03515625
