5 0.8935546875 0.283203125 0.189453125 0.2578125
2 0.5087890625 0.0556640625 0.298828125 0.095703125
2 0.107421875 0.087890625 0.1328125 0.1171875
2 0.662109375 0.1103515625 0.3203125 0.201171875
4 0.50390625 0.3466796875 0.296875 0.216796875
5 0.6669921875 0.58984375 0.083984375 0.0703125
5 0.79296875 0.5986328125 0.03125 0.041015625
5 0.865234375 0.673828125 0.04296875 0.0390625
5 0.9248046875 0.68359375 0.041015625 0.04296875
5 0.66796875 0.7353515625 0.03515625 0.048828125
5 0.703125 0.755859375 0.04296875 0.046875
2 0.58984375 0.28515625 0.1875 0.05078125
2 0.4404296875 0.3193359375 0.048828125 0.029296875
2 0.9580078125 0.1865234375 0.056640625 0.064453125
2 0.978515625 0.267578125 0.03515625 0.09765625
2 0.9521484375 0.419921875 0.072265625 0.02734375
2 0.03515625 0.12890625 0.04296875 0.03515625
5 0.63671875 0.1328125 0.04296875 0.03125
5 0.607421875 0.1865234375 0.04296875 0.037109375
