0 0.91015625 0.357421875 0.1328125 0.09765625
0 0.92578125 0.71875 0.14453125 0.30859375
5 0.30078125 0.962890625 0.05078125 0.04296875
5 0.0869140625 0.6103515625 0.083984375 0.064453125
5 0.63671875 0.5205078125 0.08203125 0.083984375
5 0.318359375 0.4345703125 0.3046875 0.123046875
5 0.638671875 0.68359375 0.09375 0.08203125
0 0.0703125 0.203125 0.08203125 0.23046875
0 0.173828125 0.302734375 0.11328125 0.12109375
0 0.171875 0.1630859375 0.05859375 0.154296875
0 0.26171875 0.1552734375 0.09375 0.142578125
0 0.33984375 0.2412109375 0.08203125 0.076171875
0 0.33203125 0.306640625 0.0625 0.0546875
0 0.3525390625 0.0302734375 0.330078125 0.052734375
0 0.337890625 0.1298828125 0.1171875 0.115234375
0 0.4677734375 0.099609375 0.166015625 0.09765625
0 0.5625 0.162109375 0.15234375 0.1015625
0 0.625 0.2646484375 0.07421875 0.095703125
0 0.7294921875 0.259765625 0.068359375 0.1171875
0 0.6953125 0.3515625 0.09375 0.11328125
0 0.6611328125 0.083984375 0.107421875 0.1640625
0 0.7646484375 0.0693359375 0.095703125 0.138671875
0 0.90234375 0.068359375 0.0390625 0.05859375
0 0.86328125 0.115234375 0.046875 0.06640625
0 0.919921875 0.2177734375 0.06640625 0.115234375
0 0.7705078125 0.5517578125 0.064453125 0.103515625
0 0.81640625 0.60546875 0.078125 0.0859375
0 0.888671875 0.466796875 0.05078125 0.125
0 0.8310546875 0.7255859375 0.060546875 0.060546875
0 0.6220703125 0.9462890625 0.181640625 0.068359375
0 0.7587890625 0.9150390625 0.044921875 0.080078125
0 0.806640625 0.8759765625 0.0546875 0.052734375
0 0.837890625 0.9326171875 0.0625 0.087890625
0 0.91015625 0.91796875 0.046875 0.0546875
5 0.3828125 0.638671875 0.20703125 0.0859375
0 0.087890625 0.5234375 0.12109375 0.046875
5 0.357421875 0.8623046875 0.0390625 0.033203125
5 0.375 0.7421875 0.05078125 0.0390625
5 0.2119140625 0.6357421875 0.037109375 0.044921875
5 0.1494140625 0.8203125 0.107421875 0.12890625
5 0.423828125 0.4111328125 0.0390625 0.091796875
5 0.3916015625 0.4287109375 0.029296875 0.037109375
5 0.2578125 0.42578125 0.05859375 0.04296875
0 0.66796875 0.4326171875 0.109375 0.029296875
0 0.642578125 0.4892578125 0.03125 0.021484375
0 0.28125 0.5234375 0.171875 0.09375
0 0.4423828125 0.5732421875 0.060546875 0.048828125
0 0.2900390625 0.8056640625 0.115234375 0.107421875
0 0.1240234375 0.8271484375 0.052734375 0.064453125
0 0.171875 0.8134765625 0.05859375 0.080078125
0 0.4033203125 0.9228515625 0.091796875 0.044921875
0 0.7578125 0.8291015625 0.01953125 0.029296875
2 0.62109375 0.9453125 0.171875 0.0546875
2 0.759765625 0.9150390625 0.03125 0.056640625
2 0.798828125 0.8818359375 0.01953125 0.029296875
2 0.8447265625 0.9365234375 0.048828125 0.076171875
5 0.5546875 0.181640625 0.0546875 0.05078125
5 0.177734375 0.3154296875 0.0390625 0.052734375
5 0.8642578125 0.125 0.033203125 0.02734375
2 0.296875 0.962890625 0.03515625 0.02734375
2 0.92578125 0.7265625 0.14453125 0.32421875
2 0.9091796875 0.9169921875 0.044921875 0.048828125
0 0.0537109375 0.8828125 0.025390625 0.0625
0 0.013671875 0.80078125 0.01953125 0.03125
