5 0.814453125 0.22265625 0.36328125 0.2265625
5 0.8759765625 0.474609375 0.224609375 0.18359375
5 0.6484375 0.7783203125 0.08203125 0.158203125
5 0.556640625 0.9140625 0.15234375 0.15234375
5 0.2138671875 0.7685546875 0.091796875 0.095703125
5 0.69140625 0.8955078125 0.0390625 0.048828125
5 0.3466796875 0.671875 0.048828125 0.046875
4 0.466796875 0.38671875 0.66015625 0.50390625
5 0.5712890625 0.0791015625 0.060546875 0.052734375
5 0.5849609375 0.7197265625 0.068359375 0.044921875
5 0.298828125 0.8037109375 0.02734375 0.029296875
1 0.8486328125 0.9501953125 0.126953125 0.087890625
0 0.1142578125 0.8427734375 0.021484375 0.041015625
0 0.6689453125 0.740234375 0.017578125 0.0390625
0 0.552734375 0.8857421875 0.04296875 0.068359375
0 0.5546875 0.9580078125 0.1171875 0.044921875
0 0.97265625 0.1611328125 0.03125 0.029296875
0 0.7880859375 0.30859375 0.021484375 0.01953125
0 0.765625 0.189453125 0.015625 0.015625
0 0.8515625 0.166015625 0.01953125 0.01953125
0 0.98828125 0.236328125 0.01171875 0.02734375
2 0.890625 0.4931640625 0.015625 0.033203125
