2 0.2763671875 0.255859375 0.076171875 0.078125
2 0.1669921875 0.123046875 0.095703125 0.13671875
2 0.3662109375 0.0849609375 0.087890625 0.111328125
2 0.0595703125 0.3662109375 0.080078125 0.251953125
2 0.1767578125 0.583984375 0.119140625 0.11328125
5 0.7509765625 0.263671875 0.314453125 0.39453125
2 0.76953125 0.9423828125 0.1875 0.080078125
2 0.869140625 0.8173828125 0.07421875 0.103515625
2 0.0966796875 0.9072265625 0.177734375 0.162109375
0 0.5205078125 0.46875 0.037109375 0.03515625
0 0.568359375 0.41796875 0.015625 0.01953125
0 0.60546875 0.3896484375 0.01953125 0.013671875
0 0.5751953125 0.451171875 0.044921875 0.01953125
0 0.6748046875 0.529296875 0.029296875 0.015625
2 0.4931640625 0.5166015625 0.044921875 0.048828125
2 0.5234375 0.466796875 0.05078125 0.046875
2 0.5791015625 0.4228515625 0.064453125 0.087890625
2 0.619140625 0.4970703125 0.0234375 0.056640625
2 0.6708984375 0.51953125 0.044921875 0.0546875
5 0.56640625 0.1416015625 0.0546875 0.142578125
3 0.2822265625 0.4990234375 0.552734375 0.990234375
2 0.9658203125 0.3134765625 0.056640625 0.166015625
2 0.91796875 0.3837890625 0.0703125 0.208984375
2 0.935546875 0.501953125 0.03125 0.02734375
2 0.9052734375 0.5400390625 0.037109375 0.025390625
0 0.4169921875 0.93359375 0.037109375 0.02734375
5 0.0439453125 0.625 0.025390625 0.0234375
5 0.3935546875 0.84765625 0.029296875 0.02734375
2 0.8271484375 0.2265625 0.076171875 0.04296875
2 0.810546875 0.2724609375 0.0625 0.033203125
2 0.6826171875 0.232421875 0.041015625 0.02734375
2 0.4189453125 0.30859375 0.052734375 0.0625
