4 0.33762057877813506 0.40963855421686746 0.43890675241157556 0.4911955514365153
0 0.75 0.49443929564411493 0.024115755627009645 0.04170528266913809
0 0.7833601286173634 0.5055607043558851 0.03456591639871383 0.03614457831325301
0 0.7640675241157556 0.5301204819277109 0.03778135048231511 0.04448563484708063
0 0.6659967845659164 0.5481927710843374 0.03778135048231511 0.03985171455050973
0 0.8597266881028939 0.969416126042632 0.04742765273311897 0.029657089898053754
0 0.7439710610932476 0.37395736793327156 0.04421221864951769 0.03614457831325301
6 0.27773311897106107 0.8229842446709916 0.34163987138263663 0.33549582947173306
7 0.7130225080385852 0.7599629286376274 0.4742765273311897 0.4522706209453197
7 0.23995176848874597 0.6163113994439295 0.3882636655948553 0.5597775718257646
2 0.36012861736334406 0.8864689527340129 0.16720257234726688 0.11214087117701575
2 0.42644694533762056 0.8007414272474513 0.03778135048231511 0.033364226135310475
2 0.41438906752411575 0.7275254865616312 0.02652733118971061 0.020389249304911955
2 0.7797427652733119 0.9304911955514366 0.04501607717041801 0.0778498609823911
2 0.8737942122186495 0.5810936051899908 0.04340836012861737 0.05004633920296571
2 0.7327170418006431 0.0690454124189064 0.0297427652733119 0.04170528266913809
2 0.0767684887459807 0.5203892493049119 0.01527331189710611 0.013901760889712697
2 0.07516077170418006 0.5486561631139945 0.01527331189710611 0.018535681186283594
2 0.14308681672025725 0.8313253012048193 0.017684887459807074 0.022242817423540315
5 0.3890675241157556 0.3841519925857275 0.04340836012861737 0.05468025949953661
