2 0.7724609375 0.0439453125 0.068359375 0.072265625
2 0.6953125 0.1171875 0.046875 0.12890625
2 0.8095703125 0.2919921875 0.111328125 0.341796875
0 0.5498046875 0.564453125 0.091796875 0.09375
6 0.294921875 0.8447265625 0.28125 0.298828125
4 0.296875 0.2451171875 0.58203125 0.482421875
4 0.203125 0.5947265625 0.40234375 0.279296875
0 0.6640625 0.5927734375 0.02734375 0.021484375
0 0.81640625 0.2685546875 0.03125 0.150390625
0 0.7744140625 0.1552734375 0.033203125 0.025390625
1 0.88671875 0.93359375 0.1328125 0.12109375
0 0.732421875 0.4306640625 0.0234375 0.041015625
0 0.7734375 0.40625 0.015625 0.015625
0 0.6728515625 0.478515625 0.017578125 0.0234375
