2 0.33984375 0.1005859375 0.15234375 0.189453125
5 0.3251953125 0.6943359375 0.326171875 0.384765625
2 0.83203125 0.73046875 0.13671875 0.15234375
2 0.8310546875 0.537109375 0.083984375 0.07421875
2 0.6787109375 0.3681640625 0.060546875 0.060546875
2 0.8935546875 0.2587890625 0.037109375 0.044921875
0 0.0341796875 0.2138671875 0.064453125 0.068359375
0 0.0966796875 0.134765625 0.068359375 0.11328125
2 0.19921875 0.908203125 0.33203125 0.1640625
4 0.8134765625 0.34375 0.322265625 0.65234375
5 0.564453125 0.21484375 0.0234375 0.02734375
2 0.3271484375 0.6953125 0.302734375 0.3671875
2 0.673828125 0.625 0.0703125 0.12890625
0 0.232421875 0.6787109375 0.046875 0.037109375
0 0.3056640625 0.0625 0.033203125 0.09765625
0 0.2763671875 0.0859375 0.017578125 0.02734375
0 0.2529296875 0.94921875 0.166015625 0.09765625
0 0.125 0.9716796875 0.08203125 0.044921875
