5 0.91796875 0.3359375 0.15234375 0.28125
5 0.2353515625 0.861328125 0.240234375 0.24609375
5 0.78515625 0.8359375 0.05859375 0.109375
2 0.6337890625 0.2841796875 0.091796875 0.080078125
5 0.759765625 0.3544921875 0.1484375 0.115234375
4 0.54296875 0.41015625 0.421875 0.30078125
5 0.4404296875 0.6904296875 0.048828125 0.048828125
5 0.1943359375 0.4091796875 0.041015625 0.044921875
5 0.080078125 0.1474609375 0.03515625 0.044921875
5 0.154296875 0.1806640625 0.04296875 0.041015625
5 0.2236328125 0.107421875 0.041015625 0.046875
5 0.9580078125 0.5380859375 0.052734375 0.072265625
5 0.212890625 0.1806640625 0.0234375 0.017578125
2 0.2919921875 0.8017578125 0.091796875 0.111328125
2 0.1796875 0.9130859375 0.09765625 0.134765625
2 0.2783203125 0.90625 0.056640625 0.06640625
2 0.4453125 0.689453125 0.02734375 0.02734375
2 0.01953125 0.8330078125 0.03515625 0.052734375
