2 0.87890625 0.9228515625 0.0546875 0.111328125
2 0.8994140625 0.66015625 0.080078125 0.11328125
2 0.908203125 0.3974609375 0.12109375 0.216796875
2 0.505859375 0.37109375 0.09375 0.17578125
2 0.5908203125 0.4619140625 0.044921875 0.091796875
2 0.5615234375 0.0517578125 0.091796875 0.091796875
2 0.46484375 0.62890625 0.1015625 0.09765625
2 0.5634765625 0.78125 0.068359375 0.1015625
2 0.3505859375 0.7734375 0.033203125 0.0859375
4 0.3212890625 0.7568359375 0.626953125 0.474609375
7 0.5478515625 0.5244140625 0.267578125 0.267578125
2 0.859375 0.4677734375 0.0703125 0.080078125
2 0.921875 0.7490234375 0.04296875 0.072265625
2 0.884765625 0.79296875 0.046875 0.0546875
