7 0.3359375 0.322265625 0.1171875 0.1328125
7 0.2021484375 0.2626953125 0.076171875 0.099609375
7 0.3076171875 0.7802734375 0.529296875 0.431640625
7 0.7841796875 0.8671875 0.412109375 0.25390625
0 0.2958984375 0.2734375 0.021484375 0.01953125
0 0.318359375 0.29296875 0.015625 0.015625
0 0.353515625 0.2822265625 0.0390625 0.048828125
0 0.171875 0.2431640625 0.01171875 0.025390625
0 0.244140625 0.33984375 0.015625 0.02734375
2 0.20703125 0.2666015625 0.0234375 0.021484375
2 0.2958984375 0.3251953125 0.021484375 0.037109375
5 0.4755859375 0.13671875 0.021484375 0.03125
4 0.240234375 0.4873046875 0.20703125 0.173828125
