2 0.8876953125 0.822265625 0.048828125 0.06640625
2 0.853515625 0.9345703125 0.06640625 0.080078125
2 0.6240234375 0.875 0.048828125 0.05859375
2 0.5224609375 0.9423828125 0.087890625 0.056640625
2 0.2294921875 0.333984375 0.056640625 0.0390625
2 0.3955078125 0.23046875 0.095703125 0.08203125
2 0.44140625 0.033203125 0.03125 0.05078125
2 0.5654296875 0.2265625 0.037109375 0.05078125
2 0.04296875 0.888671875 0.0703125 0.07421875
2 0.2900390625 0.970703125 0.041015625 0.0390625
2 0.7431640625 0.3193359375 0.083984375 0.076171875
2 0.68359375 0.228515625 0.03125 0.05859375
2 0.61328125 0.0390625 0.03515625 0.0625
5 0.8974609375 0.4970703125 0.162109375 0.251953125
3 0.5234375 0.5 0.9140625 0.86328125
4 0.1787109375 0.2421875 0.337890625 0.47265625
2 0.60546875 0.255859375 0.0390625 0.0625
2 0.322265625 0.4267578125 0.06640625 0.076171875
2 0.2734375 0.3125 0.0234375 0.03515625
2 0.1689453125 0.22265625 0.029296875 0.02734375
2 0.697265625 0.4736328125 0.01953125 0.029296875
2 0.4296875 0.423828125 0.171875 0.2734375
2 0.6220703125 0.5712890625 0.072265625 0.205078125
2 0.5703125 0.3525390625 0.01953125 0.033203125
2 0.587890625 0.3779296875 0.015625 0.033203125
2 0.5673828125 0.4375 0.025390625 0.109375
2 0.537109375 0.505859375 0.0390625 0.1796875
2 0.5712890625 0.6044921875 0.029296875 0.056640625
2 0.5126953125 0.5927734375 0.025390625 0.041015625
2 0.466796875 0.6337890625 0.02734375 0.041015625
2 0.689453125 0.7880859375 0.0625 0.080078125
2 0.76171875 0.7509765625 0.05859375 0.060546875
2 0.740234375 0.890625 0.01953125 0.0234375
2 0.8056640625 0.515625 0.017578125 0.046875
2 0.853515625 0.4580078125 0.0234375 0.021484375
2 0.916015625 0.4873046875 0.01171875 0.021484375
2 0.4091796875 0.708984375 0.044921875 0.0625
2 0.361328125 0.791015625 0.03515625 0.03515625
2 0.244140625 0.6162109375 0.0234375 0.044921875
2 0.27734375 0.58203125 0.0234375 0.03125
2 0.294921875 0.51171875 0.01953125 0.03125
2 0.09765625 0.4658203125 0.05859375 0.017578125
2 0.7490234375 0.6533203125 0.017578125 0.029296875
2 0.7470703125 0.54296875 0.017578125 0.046875
2 0.86328125 0.244140625 0.0234375 0.04296875
2 0.8310546875 0.275390625 0.021484375 0.0703125
