5 0.578125 0.6240234375 0.08203125 0.072265625
5 0.62109375 0.7177734375 0.10546875 0.099609375
5 0.6298828125 0.884765625 0.103515625 0.21875
2 0.099609375 0.169921875 0.09375 0.19921875
4 0.376953125 0.341796875 0.25390625 0.23046875
0 0.919921875 0.37109375 0.07421875 0.0625
0 0.7275390625 0.0439453125 0.056640625 0.060546875
1 0.859375 0.9375 0.19921875 0.09375
5 0.1982421875 0.384765625 0.041015625 0.0625
5 0.1396484375 0.328125 0.033203125 0.0546875
5 0.2763671875 0.470703125 0.107421875 0.08203125
5 0.8544921875 0.552734375 0.033203125 0.03515625
5 0.8740234375 0.6015625 0.029296875 0.0390625
2 0.0224609375 0.642578125 0.037109375 0.15234375
