0 0.7783543365455893 0.6895273401297498 0.07412898443291327 0.06672845227062095
0 0.8573017049666419 0.42168674698795183 0.05856189770200148 0.07414272474513438
0 0.8750926612305412 0.47868396663577384 0.03187546330615271 0.037998146431881374
0 0.9040029651593773 0.5074142724745134 0.022979985174203115 0.060240963855421686
0 0.5833951074870274 0.4425393883225209 0.04002965159377316 0.07877664504170528
0 0.737583395107487 0.33317886932344765 0.028169014084507043 0.03429101019462465
0 0.7301704966641956 0.39202965708989806 0.0385470719051149 0.06302131603336422
0 0.7079318013343218 0.3438368860055607 0.025203854707190512 0.029657089898053754
0 0.5748702742772424 0.5166821130676552 0.06893995552260934 0.05097312326227989
0 0.550407709414381 0.6556997219647822 0.034840622683469234 0.030583873957367932
0 0.23165307635285395 0.08016682113067655 0.048183839881393624 0.05468025949953661
0 0.20311341734618235 0.025486561631139944 0.0385470719051149 0.037998146431881374
0 0.29243884358784283 0.022242817423540315 0.10452186805040771 0.04448563484708063
0 0.15233506300963676 0.056997219647822055 0.033358042994810974 0.04355885078776645
0 0.19088213491475167 0.16543095458758109 0.02446256486286138 0.03243744207599629
0 0.13713862120088954 0.22798887859128822 0.025203854707190512 0.027803521779425393
0 0.3335804299481097 0.4962928637627433 0.0385470719051149 0.03429101019462465
0 0.3235730170496664 0.5273401297497683 0.028910303928836176 0.024096385542168676
0 0.33876945885841364 0.556997219647822 0.023721275018532245 0.014828544949026877
0 0.5066716085989622 0.39990732159406855 0.05114899925871016 0.05838739573679333
0 0.09933283914010378 0.17284522706209454 0.023721275018532245 0.030583873957367932
0 0.10378057820607858 0.21269694161260427 0.017790956263899184 0.021316033364226137
0 0.1111934766493699 0.3855421686746988 0.04151223128243143 0.042632066728452274
0 0.23202372127501852 0.35032437442076 0.02223869532987398 0.027803521779425393
0 0.18680504077094143 0.3243744207599629 0.01630837657524092 0.027803521779425393
0 0.29132690882134915 0.26413345690454126 0.01630837657524092 0.016682113067655237
0 0.35804299481097107 0.16126042632066728 0.020756115641215715 0.024096385542168676
0 0.38806523350630096 0.20759962928637626 0.022979985174203115 0.024096385542168676
0 0.8098591549295775 0.4712696941612604 0.02446256486286138 0.019462465245597776
0 0.706819866567828 0.2659870250231696 0.02742772424017791 0.024096385542168676
0 0.3988139362490734 0.46246524559777574 0.01927353595255745 0.018535681186283594
5 0.29132690882134915 0.2738646895273401 0.04447739065974796 0.060240963855421686
5 0.30985915492957744 0.23679332715477294 0.031134173461823574 0.037998146431881374
5 0.3291326908821349 0.18072289156626506 0.026686434395848776 0.033364226135310475
5 0.35804299481097107 0.1607970342910102 0.04002965159377316 0.05468025949953661
5 0.39584877687175685 0.20296570898980537 0.0385470719051149 0.05375347544022243
5 0.49629355077835435 0.4675625579240037 0.03039288361749444 0.03243744207599629
5 0.5578206078576724 0.5449490268767377 0.03039288361749444 0.029657089898053754
5 0.38954781319495924 0.36190917516218724 0.07042253521126761 0.06580166821130677
0 0.5685693106004448 0.20389249304911955 0.01630837657524092 0.016682113067655237
5 0.05782060785767235 0.45736793327154773 0.07412898443291327 0.08989805375347544
5 0.024833209785025945 0.5384615384615384 0.040770941438102296 0.07599629286376275
5 0.17457375833951075 0.768303985171455 0.0363232023721275 0.05560704355885079
5 0.1949592290585619 0.7075996292863763 0.017790956263899184 0.021316033364226137
5 0.3443291326908821 0.4578313253012048 0.022979985174203115 0.024096385542168676
5 0.5956263899184581 0.43373493975903615 0.301704966641957 0.28544949026876737
5 0.7272053372868792 0.6492122335495829 0.13787991104521868 0.1936978683966636
5 0.8506300963676797 0.27340129749768305 0.02001482579688658 0.025949953660797033
5 0.9325426241660489 0.24652455977757182 0.07857672349888807 0.07043558850787766
5 0.8543365455893255 0.2117701575532901 0.06597479614529281 0.047265987025023166
0 0.15789473684210525 0.12974976830398516 0.010378057820607857 0.012974976830398516
0 0.5567086730911787 0.36654309545875813 0.01927353595255745 0.015755329008341055
0 0.5340993328391401 0.37349397590361444 0.015567086730911787 0.018535681186283594
0 0.5770941438102298 0.340129749768304 0.015567086730911787 0.0074142724745134385
5 0.3710155670867309 0.17377201112140872 0.11489992587101557 0.12140871177015755
5 0.30355819125277983 0.22242817423540315 0.07338769458858414 0.06672845227062095
