   0.22913    0.26169    0.88828    0.42344    5.00000
   0.22061    0.24429    0.31737    0.76809    5.00000
   0.07415    0.10145    0.80124    0.82853    5.00000
   0.18544    0.08154    0.67696    0.33665    2.00000
   0.22301    0.11996    0.77877    0.41540    5.00000
   0.44710    0.31887    0.56652    0.43008    4.00000
   0.08776    0.04850    0.51727    0.65293    5.00000
   0.12345    0.04401    0.30864    0.37677    5.00000
   0.15787    0.04312    0.21150    0.13706    5.00000
   0.15951    0.04098    0.27518    0.17647    5.00000
   0.16888    0.04567    0.33325    0.12463    5.00000
   0.11401    0.06902    0.95378    0.60133    5.00000
   0.14291    0.01811    0.32853    0.18529    5.00000
   0.10753    0.10811    0.38167    0.72524    2.00000
   0.09575    0.12892    0.28266    0.80298    2.00000
   0.06191    0.06462    0.37680    0.81202    2.00000
   0.06964    0.02700    0.52466    0.65284    2.00000
   0.04138    0.04741    0.17213    0.71314    2.00000
