   0.14840    0.10366    0.55535    0.33995    0.00000
   0.04184    0.04280    0.43742    0.21133    0.00000
   0.14233    0.06829    0.34686    0.09322    0.00000
   0.03221    0.03589    0.24115    0.13727    0.00000
   0.05961    0.05555    0.19629    0.41562    0.00000
   0.03523    0.04571    0.80702    0.09996    5.00000
   0.06215    0.12286    0.83500    0.24710    5.00000
   0.10700    0.08722    0.86212    0.12523    0.00000
   0.06213    0.11986    0.86878    0.21072    0.00000
   0.05923    0.12979    0.89852    0.42299    5.00000
   0.03158    0.05517    0.90491    0.61056    5.00000
   0.02415    0.04300    0.93199    0.56227    0.00000
   0.05802    0.02860    0.62196    0.05652    0.00000
   0.08609    0.03402    0.70168    0.06092    0.00000
   0.02631    0.03159    0.71990    0.09081    0.00000
   0.02933    0.04831    0.69943    0.13315    0.00000
   0.02926    0.03236    0.74149    0.13269    0.00000
   0.04851    0.04763    0.53530    0.06948    5.00000
   0.02264    0.03724    0.57172    0.04434    0.00000
   0.05140    0.03425    0.47400    0.05887    0.00000
   0.02194    0.04943    0.28167    0.44719    0.00000
   0.02934    0.05171    0.48071    0.56316    0.00000
   0.02776    0.02746    0.52465    0.48766    0.00000
   0.03444    0.03854    0.39190    0.91348    5.00000
   0.03664    0.03493    0.38137    0.95214    5.00000
   0.04059    0.09362    0.28243    0.53361    0.00000
   0.02635    0.04387    0.28679    0.60093    0.00000
   0.02946    0.08001    0.25455    0.65109    0.00000
   0.03077    0.04201    0.28731    0.22614    0.00000
   0.01817    0.03177    0.30335    0.26536    0.00000
   0.01672    0.03521    0.33799    0.25524    0.00000
   0.01964    0.02868    0.35041    0.22621    0.00000
   0.03145    0.03118    0.25611    0.10090    0.00000
   0.05073    0.04857    0.53372    0.45205    4.00000
   0.10583    0.40354    0.20789    0.69614    5.00000
   0.27921    0.14718    0.39306    0.92465    5.00000
   0.14090    0.07876    0.36406    0.14341    5.00000
   0.21286    0.32201    0.86666    0.63830    5.00000
   0.16441    0.37738    0.91539    0.80484    5.00000
   0.12552    0.10525    0.33239    0.72868    5.00000
   0.03005    0.04352    0.72866    0.63912    5.00000
   0.03665    0.03443    0.58070    0.64137    0.00000
   0.01519    0.02360    0.55002    0.62955    0.00000
   0.02259    0.02615    0.58019    0.61063    0.00000
   0.01225    0.02543    0.68162    0.35564    0.00000
   0.02259    0.02779    0.34569    0.32426    0.00000
