   0.06386    0.10467    0.82893    0.85138    2.00000
   0.03881    0.07481    0.68224    0.40435    2.00000
   0.05299    0.11118    0.57751    0.51271    2.00000
   0.03978    0.18128    0.27489    0.43413    5.00000
   0.05495    0.20848    0.25055    0.89785    1.00000
   0.04444    0.13421    0.51215    0.84484    2.00000
   0.18979    0.13606    0.76811    0.34298    4.00000
   0.05799    0.10960    0.77857    0.81671    2.00000
   0.05776    0.07366    0.79938    0.76756    2.00000
   0.03000    0.18010    0.27824    0.57824    2.00000
   0.02023    0.12951    0.45996    0.56497    0.00000
