   0.34866    0.07672    0.48645    0.14011    0.00000
   0.17174    0.21888    0.27400    0.45843    2.00000
   0.48689    0.27534    0.65917    0.83748    2.00000
   0.51250    0.52705    0.62254    0.88285    4.00000
   0.20874    0.18671    0.24755    0.21137    2.00000
   0.33590    0.06987    0.36731    0.10390    2.00000
   0.09465    0.23151    0.23916    0.61340    2.00000
   0.19739    0.22230    0.37604    0.36008    2.00000
   0.13337    0.15682    0.49933    0.49501    2.00000
   0.09872    0.09966    0.53123    0.62911    2.00000
   0.17713    0.08734    0.44887    0.32345    2.00000
   0.24368    0.11859    0.65772    0.24756    2.00000
   0.12066    0.07162    0.88559    0.71498    2.00000
   0.13555    0.02672    0.79156    0.56902    3.00000
   0.51274    0.56634    0.62044    0.83072    3.00000
   0.13796    0.25827    0.20414    0.40987    2.00000
   0.06644    0.08379    0.31188    0.75735    2.00000
