   0.24554    0.08425    0.89143    0.32142    2.00000
   0.15876    0.10372    0.94590    0.58201    2.00000
   0.22923    0.07316    0.34416    0.17729    2.00000
   0.18628    0.06189    0.51463    0.38484    2.00000
   0.39321    0.13696    0.62639    0.54725    2.00000
   0.07969    0.09859    0.44547    0.79482    2.00000
   0.26955    0.24415    0.38367    0.47328    4.00000
   0.23169    0.08557    0.40040    0.24348    0.00000
   0.21940    0.09555    0.55412    0.34172    2.00000
   0.19700    0.06487    0.39057    0.23900    2.00000
   0.16206    0.12615    0.51290    0.82363    2.00000
   0.27261    0.04243    0.30382    0.08065    2.00000
   0.22310    0.12477    0.36873    0.20993    2.00000
   0.18259    0.04686    0.35213    0.26067    2.00000
   0.24249    0.03854    0.89197    0.24473    2.00000
   0.39969    0.13702    0.83407    0.38620    2.00000
   0.18958    0.05746    0.73650    0.58332    5.00000
