   0.06524    0.14035    0.79135    0.86023    2.00000
   0.06837    0.07702    0.76099    0.76590    2.00000
   0.09763    0.09823    0.85853    0.55470    2.00000
   0.06369    0.08169    0.89025    0.69428    2.00000
   0.05039    0.18067    0.78895    0.53246    2.00000
   0.04631    0.05601    0.75978    0.30099    2.00000
   0.03440    0.18084    0.17948    0.30346    2.00000
   0.03155    0.20151    0.09038    0.29216    2.00000
   0.03510    0.12965    0.54998    0.86536    5.00000
   0.45795    0.38968    0.73627    0.69170    4.00000
