   0.30894    0.23640    0.55148    0.49674    5.00000
   0.10855    0.15950    0.63987    0.66022    5.00000
   0.10550    0.25653    0.33170    0.40788    5.00000
   0.06990    0.25973    0.28258    0.47568    5.00000
   0.06858    0.21910    0.37458    0.55473    5.00000
   0.10024    0.07911    0.81254    0.46849    5.00000
   0.09136    0.12980    0.77385    0.57327    0.00000
   0.03776    0.06475    0.80187    0.64336    0.00000
   0.06077    0.08246    0.81600    0.70195    0.00000
   0.04302    0.08608    0.78354    0.79306    0.00000
   0.02896    0.07925    0.77875    0.82322    0.00000
   0.05698    0.12042    0.74479    0.81952    0.00000
   0.04144    0.18003    0.51636    0.78611    0.00000
   0.04884    0.16685    0.55182    0.78330    0.00000
   0.02793    0.17728    0.48217    0.78486    0.00000
   0.03141    0.19995    0.42075    0.83854    0.00000
   0.04043    0.27339    0.28649    0.86176    0.00000
   0.02689    0.24863    0.15620    0.37319    0.00000
   0.04094    0.24881    0.19581    0.39889    0.00000
   0.08321    0.26233    0.15789    0.29015    0.00000
   0.06211    0.27039    0.20966    0.34521    0.00000
   0.04540    0.26737    0.16388    0.56475    0.00000
   0.02714    0.24707    0.17225    0.53621    0.00000
   0.02251    0.23732    0.21271    0.53068    0.00000
   0.05307    0.17541    0.39853    0.36245    0.00000
   0.05762    0.19690    0.51268    0.40993    0.00000
   0.03665    0.14237    0.50377    0.46528    0.00000
   0.02318    0.07026    0.72920    0.42103    0.00000
   0.03179    0.07094    0.71245    0.38542    0.00000
   0.13916    0.14615    0.51164    0.29417    1.00000
   0.03767    0.15304    0.53849    0.59515    0.00000
   0.03240    0.14132    0.54477    0.62177    0.00000
   0.04896    0.16172    0.56057    0.67954    0.00000
   0.05710    0.31860    0.14514    0.62591    5.00000
   0.03382    0.30204    0.14141    0.68875    5.00000
   0.01989    0.09465    0.69690    0.75500    0.00000
   0.01016    0.17758    0.35982    0.56127    0.00000
   0.01292    0.17820    0.36827    0.58534    0.00000
   0.01336    0.17171    0.38186    0.56480    0.00000
   0.01275    0.17333    0.38206    0.58706    0.00000
   0.01292    0.16965    0.39527    0.58396    0.00000
   0.04096    0.18349    0.42105    0.62896    0.00000
   0.01242    0.15105    0.45842    0.62637    0.00000
   0.00817    0.14697    0.47734    0.65184    0.00000
   0.00766    0.13977    0.49483    0.65632    0.00000
   0.01009    0.15649    0.44839    0.68452    0.00000
   0.01370    0.18544    0.35760    0.62756    0.00000
   0.00888    0.18612    0.33555    0.61042    0.00000
   0.01120    0.18430    0.35729    0.64813    0.00000
   0.01613    0.18886    0.35822    0.67438    0.00000
   0.00905    0.18624    0.35871    0.69835    0.00000
   0.01376    0.14992    0.46010    0.54568    0.00000
   0.00884    0.13909    0.48324    0.53598    0.00000
   0.32283    0.33752    0.57420    0.54517    0.00000
   0.02591    0.19247    0.35531    0.67084    5.00000
   0.02121    0.19430    0.35711    0.69478    5.00000
   0.01857    0.19578    0.37013    0.71454    5.00000
   0.01929    0.17415    0.41505    0.64140    5.00000
   0.03359    0.21252    0.35892    0.63131    5.00000
   0.02105    0.18582    0.35934    0.60133    5.00000
   0.04354    0.22886    0.20481    0.29427    5.00000
   0.04534    0.07760    0.73585    0.45698    5.00000
   0.03030    0.21716    0.31650    0.66322    5.00000
   0.03664    0.25924    0.28841    0.85609    5.00000
   0.02387    0.25844    0.19840    0.84006    5.00000
   0.02350    0.26474    0.19490    0.86354    5.00000
   0.01918    0.18904    0.42131    0.83641    5.00000
   0.01801    0.14166    0.43917    0.34919    5.00000
   0.01728    0.15257    0.37960    0.32003    5.00000
   0.01380    0.20227    0.21240    0.27807    0.00000
   0.01508    0.20664    0.21276    0.30064    0.00000
   0.03638    0.21412    0.23686    0.29306    0.00000
   0.01719    0.19604    0.26393    0.28976    0.00000
   0.01474    0.18342    0.28313    0.30271    0.00000
   0.01447    0.20769    0.20172    0.26911    0.00000
   0.01181    0.22371    0.18154    0.44312    0.00000
   0.02963    0.24954    0.15391    0.45633    0.00000
   0.02670    0.25640    0.11440    0.41192    0.00000
   0.02615    0.25954    0.12055    0.44265    0.00000
   0.01713    0.26309    0.08318    0.46474    0.00000
   0.11038    0.26383    0.33270    0.40727    0.00000
   0.08826    0.29065    0.29391    0.49038    0.00000
