   0.14380    0.21768    0.26646    0.50053    5.00000
   0.03887    0.12381    0.30292    0.45639    5.00000
   0.03304    0.14416    0.10316    0.48051    5.00000
   0.12364    0.16667    0.23320    0.59210    5.00000
   0.03306    0.17575    0.09742    0.68530    5.00000
   0.05014    0.13146    0.35300    0.67075    5.00000
   0.17874    0.13386    0.49690    0.66523    5.00000
   0.08683    0.15113    0.62728    0.69317    5.00000
   0.08481    0.17929    0.74633    0.83620    5.00000
   0.03598    0.07561    0.62160    0.48873    5.00000
   0.03442    0.09279    0.66391    0.49861    5.00000
   0.11769    0.13779    0.59080    0.56170    5.00000
   0.04270    0.06214    0.71598    0.45169    5.00000
   0.02898    0.07263    0.62175    0.36119    5.00000
   0.04586    0.07108    0.67520    0.35837    5.00000
   0.23820    0.14208    0.71112    0.30207    5.00000
   0.04890    0.08300    0.38551    0.14053    0.00000
   0.02118    0.08232    0.43127    0.13736    0.00000
   0.05362    0.09606    0.47194    0.14801    0.00000
   0.02163    0.08185    0.48225    0.17233    0.00000
   0.02081    0.08282    0.46251    0.19463    0.00000
   0.02348    0.08117    0.47357    0.24409    0.00000
   0.02554    0.08512    0.43841    0.21339    0.00000
   0.03989    0.09328    0.43726    0.27139    0.00000
   0.02983    0.12451    0.39812    0.20746    0.00000
   0.03391    0.09792    0.35125    0.26917    0.00000
   0.04422    0.10976    0.39030    0.27961    0.00000
   0.03235    0.10400    0.42029    0.31518    0.00000
   0.03915    0.14357    0.14777    0.22761    0.00000
   0.02595    0.12531    0.08121    0.22894    0.00000
   0.02332    0.18030    0.05393    0.37420    0.00000
   0.05130    0.14097    0.23855    0.48501    0.00000
   0.02280    0.10584    0.29351    0.52150    0.00000
   0.03626    0.11710    0.30339    0.45005    0.00000
   0.03001    0.11362    0.26550    0.54659    0.00000
   0.03089    0.10220    0.31344    0.56165    0.00000
   0.02156    0.13013    0.10326    0.47887    0.00000
   0.02637    0.08098    0.52419    0.66510    0.00000
   0.01250    0.09345    0.33968    0.66339    0.00000
   0.01387    0.09037    0.36722    0.68873    0.00000
   0.03411    0.05658    0.63823    0.19379    0.00000
   0.01826    0.05314    0.66175    0.21834    0.00000
   0.02885    0.07043    0.68338    0.23371    0.00000
   0.02623    0.05129    0.72038    0.24952    0.00000
   0.06090    0.07178    0.71375    0.15870    0.00000
   0.02685    0.07193    0.67155    0.96423    0.00000
   0.01853    0.05174    0.69747    0.98770    0.00000
   0.02637    0.07428    0.67254    0.96390    5.00000
   0.02602    0.05906    0.69778    0.98234    5.00000
   0.17176    0.24321    0.35708    0.68923    5.00000
   0.28532    0.22577    0.50326    0.70426    5.00000
   0.26909    0.31047    0.71066    0.82749    5.00000
   0.36361    0.22452    0.53509    0.86883    4.00000
   0.17724    0.23661    0.32698    0.89294    4.00000
