   0.20820    0.53387    0.36441    0.66309    4.00000
   0.13556    0.12371    0.83421    0.26085    2.00000
   0.10035    0.15673    0.49772    0.65380    0.00000
   0.09866    0.15599    0.26984    0.37290    0.00000
   0.04688    0.14353    0.15870    0.30933    0.00000
   0.03988    0.11456    0.25192    0.14593    0.00000
   0.05070    0.09979    0.40513    0.25855    0.00000
   0.03848    0.09616    0.51235    0.16970    0.00000
   0.25662    0.16178    0.35646    0.24962    7.00000
   0.01929    0.07638    0.46415    0.25811    2.00000
   0.02238    0.09028    0.43897    0.26997    2.00000
   0.02470    0.10670    0.28943    0.57609    5.00000
   0.01951    0.11092    0.25474    0.55605    5.00000
