   0.25127    0.31279    0.33035    0.35587    2.00000
   0.49332    0.48607    0.96662    0.93537    2.00000
   0.24079    0.39789    0.82024    0.70782    1.00000
   0.03848    0.04380    0.50375    0.51092    5.00000
   0.05298    0.08390    0.56980    0.72718    5.00000
   0.02909    0.04779    0.50133    0.65942    5.00000
   0.02898    0.04459    0.48162    0.70122    5.00000
   0.03452    0.03148    0.74686    0.90535    5.00000
   0.02892    0.03476    0.76274    0.82950    5.00000
   0.02518    0.03161    0.93385    0.63292    5.00000
