   0.16654    0.04748    0.56024    0.32021    0.00000
   0.16105    0.03600    0.59399    0.37014    0.00000
   0.16225    0.04269    0.87064    0.43850    0.00000
   0.16156    0.04123    0.52985    0.30713    0.00000
   0.24163    0.05681    0.29387    0.15994    0.00000
   0.24000    0.03812    0.41370    0.10284    0.00000
   0.17499    0.07345    0.85046    0.36928    0.00000
   0.15928    0.04716    0.54322    0.47721    0.00000
   0.33805    0.26009    0.43714    0.47175    4.00000
   0.12605    0.11865    0.23587    0.47397    0.00000
   0.24596    0.18232    0.55855    0.44821    7.00000
   0.16081    0.03222    0.69643    0.33012    0.00000
   0.17695    0.02787    0.76612    0.28591    0.00000
