   0.11791    0.09276    0.87544    0.14882    2.00000
   0.11292    0.14451    0.12110    0.14917    2.00000
   0.21539    0.13547    0.77353    0.92043    2.00000
   0.52376    0.48959    0.58643    0.81337    3.00000
   0.17561    0.10267    0.33925    0.95976    2.00000
   0.02918    0.04346    0.88152    0.74179    2.00000
   0.01931    0.06400    0.51517    0.60323    2.00000
   0.02232    0.06112    0.48547    0.30411    2.00000
   0.01931    0.06827    0.44462    0.32061    2.00000
   0.02053    0.08435    0.11782    0.32863    2.00000
   0.02072    0.08557    0.17979    0.84303    2.00000
   0.02072    0.06603    0.44852    0.94672    2.00000
