   0.28480    0.29072    0.85057    0.46223    5.00000
   0.31191    0.13726    0.79755    0.42901    5.00000
   0.10045    0.18278    0.80050    0.85853    5.00000
   0.10104    0.08234    0.43721    0.68586    5.00000
   0.11923    0.12842    0.35245    0.75375    5.00000
   0.52195    0.41349    0.56334    0.45326    4.00000
   0.24436    0.03566    0.60614    0.16574    5.00000
   0.10960    0.06173    0.53246    0.67146    5.00000
   0.07469    0.04255    0.53129    0.67036    2.00000
   0.05918    0.03409    0.82189    0.79679    2.00000
   0.04233    0.04168    0.85613    0.86574    2.00000
   0.08108    0.09276    0.36856    0.75182    2.00000
