   0.16888    0.06942    0.28308    0.35789    2.00000
   0.14792    0.07778    0.19981    0.24188    2.00000
   0.21014    0.05469    0.68498    0.18286    2.00000
   0.21801    0.05679    0.61920    0.17652    2.00000
   0.19541    0.06802    0.46275    0.24634    2.00000
   0.17793    0.05344    0.42785    0.28142    2.00000
   0.16613    0.04792    0.40484    0.31547    2.00000
   0.14679    0.04156    0.37265    0.33074    2.00000
   0.07477    0.03701    0.19058    0.52518    2.00000
   0.20927    0.02933    0.29703    0.05690    2.00000
   0.15393    0.11871    0.74681    0.42009    2.00000
   0.44066    0.38682    0.58018    0.56395    4.00000
   0.19097    0.03389    0.22602    0.10342    2.00000
   0.17575    0.07274    0.21039    0.17884    2.00000
   0.09774    0.02009    0.18606    0.39991    2.00000
   0.22331    0.04516    0.55338    0.19594    2.00000
   0.19348    0.08888    0.73411    0.31544    2.00000
   0.12773    0.13741    0.30099    0.46551    2.00000
