   0.47854    0.21724    0.65612    0.40620    4.00000
   0.13164    0.53168    0.77610    0.72536    4.00000
   0.03610    0.11336    0.60158    0.45015    0.00000
   0.01858    0.07233    0.69284    0.51083    0.00000
   0.02345    0.17625    0.19525    0.61772    0.00000
   0.02010    0.16708    0.24496    0.59751    0.00000
   0.01669    0.16957    0.26346    0.59826    0.00000
   0.06810    0.14403    0.58339    0.72959    0.00000
   0.02522    0.09914    0.59708    0.80208    0.00000
   0.04785    0.11008    0.62443    0.86623    0.00000
   0.02843    0.10961    0.66340    0.88564    0.00000
   0.03532    0.09776    0.63803    0.92918    0.00000
   0.01584    0.08609    0.66676    0.92982    0.00000
   0.02441    0.13755    0.53732    0.82276    0.00000
   0.02143    0.12757    0.51845    0.77571    0.00000
   0.02022    0.12896    0.49140    0.72355    0.00000
   0.02150    0.12297    0.47690    0.69396    0.00000
   0.04308    0.17541    0.43265    0.63320    0.00000
   0.03117    0.13859    0.47707    0.96958    0.00000
   0.01839    0.09273    0.71928    0.73919    0.00000
   0.02046    0.08587    0.73538    0.79107    0.00000
   0.01256    0.06083    0.76808    0.85755    0.00000
   0.01250    0.12097    0.41609    0.39360    0.00000
   0.01311    0.12395    0.40594    0.36088    0.00000
   0.15886    0.38668    0.32567    0.77152    1.00000
   0.15073    0.32377    0.46009    0.64130    1.00000
   0.03969    0.10458    0.67151    0.60920    0.00000
