   0.12536    0.15831    0.77551    0.87041    2.00000
   0.21635    0.15469    0.91778    0.48301    2.00000
   0.45189    0.32690    0.48981    0.36036    4.00000
   0.14771    0.04619    0.76318    0.60814    5.00000
   0.16530    0.04145    0.85529    0.49954    5.00000
   0.15394    0.02476    0.87460    0.53433    5.00000
   0.08893    0.06532    0.81411    0.81974    5.00000
   0.37305    0.33556    0.61840    0.48627    2.00000
   0.19748    0.17148    0.92601    0.49618    2.00000
   0.10821    0.12991    0.78029    0.87681    0.00000
