   0.07806    0.08107    0.72747    0.47979    2.00000
   0.08223    0.10193    0.86760    0.22194    2.00000
   0.08463    0.20736    0.27997    0.53119    2.00000
   0.06368    0.15950    0.09531    0.17773    5.00000
   0.04003    0.08124    0.65750    0.61357    5.00000
   0.11585    0.18274    0.48558    0.76532    2.00000
   0.16391    0.14584    0.86926    0.82202    2.00000
   0.02287    0.06131    0.53624    0.20889    0.00000
   0.03403    0.06396    0.57185    0.30930    0.00000
   0.02861    0.09698    0.56567    0.35970    0.00000
   0.06229    0.10915    0.62257    0.40927    0.00000
   0.02854    0.04790    0.72460    0.49089    0.00000
   0.03485    0.04765    0.65383    0.42303    0.00000
