   0.23300    0.11718    0.31404    0.16181    2.00000
   0.52256    0.39912    0.86298    0.71690    6.00000
   0.20051    0.37285    0.25692    0.57149    1.00000
   0.29849    0.34064    0.77766    0.63314    1.00000
   0.16701    0.13061    0.58789    0.84727    1.00000
   0.17974    0.22522    0.80434    0.32232    0.00000
   0.08797    0.08073    0.75776    0.46652    0.00000
   0.16417    0.26364    0.22718    0.31332    0.00000
   0.12166    0.11615    0.54759    0.48837    2.00000
   0.03702    0.31506    0.54614    0.59721    2.00000
