   0.44949    0.29614    0.66969    0.82579    1.00000
   0.27034    0.39888    0.79952    0.79776    1.00000
   0.13001    0.12081    0.41275    0.76357    1.00000
   0.06783    0.02928    0.52259    0.66030    0.00000
   0.07012    0.03003    0.53691    0.64967    0.00000
   0.11057    0.03932    0.48678    0.51611    0.00000
   0.05161    0.03428    0.20499    0.58101    0.00000
   0.11395    0.04337    0.19849    0.34602    0.00000
   0.13902    0.05297    0.22756    0.33138    0.00000
   0.15210    0.05167    0.22078    0.29507    0.00000
   0.12957    0.06995    0.55457    0.47153    0.00000
   0.19757    0.13692    0.47195    0.43534    0.00000
   0.14665    0.02409    0.46745    0.32142    0.00000
   0.17443    0.02394    0.26170    0.16044    0.00000
   0.15708    0.02524    0.37992    0.25030    0.00000
   0.17945    0.02502    0.48321    0.22016    0.00000
   0.17115    0.02314    0.49178    0.24088    0.00000
   0.19873    0.04255    0.56833    0.22214    0.00000
   0.14033    0.02354    0.52473    0.37361    0.00000
   0.10703    0.01963    0.69141    0.54210    0.00000
   0.09685    0.01868    0.66480    0.57634    0.00000
   0.16466    0.01951    0.61334    0.28784    0.00000
   0.19913    0.03945    0.62596    0.23512    0.00000
   0.20670    0.03298    0.52757    0.14569    0.00000
   0.22159    0.02854    0.62143    0.17663    0.00000
   0.15580    0.02354    0.58465    0.33486    0.00000
   0.15960    0.02239    0.60208    0.32841    0.00000
   0.16134    0.02550    0.66428    0.34745    0.00000
   0.17941    0.06180    0.66756    0.28078    0.00000
   0.33571    0.35347    0.67856    0.70133    4.00000
