   0.06339    0.16056    0.45145    0.86045    2.00000
   0.15275    0.10076    0.33085    0.91392    2.00000
   0.16711    0.10116    0.34938    0.78710    2.00000
   0.24915    0.08491    0.71451    0.69480    2.00000
   0.35622    0.16169    0.65223    0.25535    2.00000
   0.08321    0.10148    0.23422    0.55207    2.00000
   0.20209    0.18132    0.90174    0.34402    0.00000
   0.45750    0.33742    0.69587    0.81491    4.00000
   0.11048    0.05207    0.55557    0.27204    0.00000
   0.05294    0.06993    0.09596    0.45369    0.00000
