   0.49691    0.36679    0.69912    0.80322    4.00000
   0.14101    0.10673    0.64479    0.34609    0.00000
   0.07562    0.05747    0.80828    0.63191    0.00000
   0.06660    0.05161    0.96985    0.74500    5.00000
   0.16377    0.18181    0.23865    0.25153    1.00000
   0.17202    0.12330    0.33013    0.19371    1.00000
   0.17165    0.40058    0.29337    0.48601    5.00000
   0.11095    0.19333    0.16820    0.34252    1.00000
   0.47785    0.38304    0.95375    0.76372    3.00000
   0.19774    0.06270    0.24869    0.11215    7.00000
