   0.16392    0.37003    0.31111    0.59240    2.00000
   0.05400    0.16795    0.28302    0.39160    0.00000
   0.05175    0.08291    0.69259    0.22127    2.00000
   0.09633    0.15391    0.80620    0.52240    2.00000
   0.06926    0.10716    0.41948    0.58013    2.00000
   0.06465    0.13208    0.20866    0.18556    2.00000
   0.05036    0.22506    0.08083    0.24249    1.00000
   0.14090    0.08582    0.55630    0.17978    2.00000
   0.03165    0.16399    0.11231    0.50471    0.00000
   0.01174    0.13520    0.06971    0.57290    0.00000
   0.05006    0.13716    0.17611    0.62606    0.00000
   0.02528    0.11371    0.23657    0.71779    0.00000
   0.03005    0.23450    0.11783    0.84087    2.00000
   0.49783    0.47072    0.76637    0.93641    4.00000
   0.49913    0.44716    0.99100    0.93980    3.00000
