   0.10013    0.08904    0.40860    0.76064    2.00000
   0.16849    0.09924    0.90418    0.92673    2.00000
   0.29406    0.07182    0.39186    0.16756    2.00000
   0.10352    0.03186    0.60151    0.63624    0.00000
   0.10457    0.05967    0.58777    0.67321    0.00000
   0.15653    0.01873    0.61149    0.46003    0.00000
   0.15545    0.02530    0.59421    0.47169    0.00000
   0.14688    0.02530    0.57125    0.48812    0.00000
   0.14352    0.02473    0.62617    0.51192    0.00000
   0.25252    0.03695    0.66955    0.27841    0.00000
   0.19510    0.10738    0.67062    0.57429    4.00000
   0.34933    0.49156    0.82161    0.97588    3.00000
   0.21786    0.03390    0.32355    0.19295    0.00000
   0.21586    0.02904    0.34658    0.20597    0.00000
   0.17174    0.01979    0.56256    0.39548    0.00000
