   0.15218    0.36575    0.30711    0.72886    3.00000
   0.15115    0.36404    0.30534    0.72984    6.00000
   0.03639    0.14338    0.09540    0.61023    2.00000
   0.04294    0.08668    0.36159    0.56659    2.00000
   0.05076    0.10928    0.14126    0.63749    0.00000
   0.04672    0.10143    0.17995    0.69540    0.00000
   0.04843    0.09742    0.20572    0.60283    0.00000
   0.03341    0.08920    0.24593    0.60291    0.00000
   0.22977    0.28284    0.27211    0.49072    4.00000
   0.07226    0.13072    0.13129    0.77251    2.00000
   0.02938    0.08334    0.25993    0.72856    2.00000
   0.03154    0.11288    0.09488    0.73765    2.00000
