   0.23501    0.13709    0.61229    0.28486    0.00000
   0.11635    0.04374    0.67840    0.61610    0.00000
   0.19459    0.04444    0.58781    0.14019    0.00000
   0.12094    0.04490    0.58318    0.17241    0.00000
   0.12468    0.04220    0.63839    0.47717    0.00000
   0.08922    0.03639    0.70257    0.40955    0.00000
   0.06974    0.02694    0.59378    0.46947    0.00000
   0.09452    0.03748    0.61458    0.50177    0.00000
   0.05725    0.02184    0.61333    0.58551    0.00000
   0.07551    0.01985    0.77467    0.48757    0.00000
   0.10516    0.03046    0.31902    0.19627    0.00000
   0.10261    0.02063    0.34866    0.20057    0.00000
   0.09786    0.01829    0.29606    0.22816    0.00000
   0.12017    0.02264    0.42770    0.16556    0.00000
   0.11375    0.01841    0.79438    0.19865    0.00000
   0.03376    0.03620    0.70101    0.86657    5.00000
   0.08786    0.02165    0.60054    0.37073    5.00000
   0.07938    0.01938    0.66291    0.41692    5.00000
   0.13064    0.04079    0.63425    0.19854    5.00000
   0.12280    0.02630    0.63883    0.17256    5.00000
   0.12570    0.03535    0.79116    0.19802    5.00000
   0.08416    0.03464    0.77198    0.48700    5.00000
   0.09868    0.04740    0.70269    0.40822    5.00000
   0.11594    0.05064    0.67518    0.61373    5.00000
   0.14923    0.08748    0.62326    0.49022    5.00000
   0.05820    0.05326    0.71465    0.77695    5.00000
   0.07195    0.02091    0.90529    0.58497    5.00000
   0.09597    0.02321    0.90258    0.36155    5.00000
   0.09185    0.02661    0.33583    0.33874    5.00000
   0.08930    0.02680    0.25008    0.31759    5.00000
   0.12612    0.03150    0.42636    0.16550    5.00000
   0.14107    0.04620    0.32973    0.19684    5.00000
   0.10930    0.02966    0.29452    0.22654    5.00000
   0.13171    0.03712    0.63541    0.20061    0.00000
   0.11297    0.02295    0.53804    0.22077    0.00000
   0.09451    0.53244    0.15696    0.59349    1.00000
   0.28935    0.29067    0.38869    0.77466    1.00000
   0.13130    0.04402    0.63616    0.19896    5.00000
