   0.44502    0.18682    0.52256    0.30471    2.00000
   0.31028    0.29171    0.84104    0.84073    1.00000
   0.29075    0.39029    0.52465    0.43781    4.00000
   0.09911    0.07061    0.85646    0.14679    2.00000
   0.11498    0.11384    0.79235    0.81330    5.00000
   0.03500    0.05352    0.58819    0.39151    5.00000
   0.03891    0.05457    0.92327    0.59884    5.00000
   0.04667    0.05783    0.76854    0.63462    5.00000
   0.06975    0.04168    0.15507    0.27688    2.00000
   0.11051    0.04869    0.24288    0.23390    2.00000
   0.03876    0.04246    0.29201    0.20059    2.00000
