   0.35340    0.18940    0.75978    0.25419    5.00000
   0.08783    0.10106    0.76063    0.44295    5.00000
   0.03504    0.04612    0.86000    0.51348    5.00000
   0.07992    0.10035    0.58817    0.66642    5.00000
   0.14820    0.28489    0.52411    0.84938    5.00000
   0.12054    0.14664    0.24207    0.70938    5.00000
   0.05582    0.08794    0.92735    0.59475    5.00000
   0.41857    0.37475    0.54065    0.45502    4.00000
   0.24551    0.19472    0.85439    0.88010    1.00000
   0.03221    0.03742    0.62106    0.77216    5.00000
   0.03460    0.06063    0.35978    0.63577    5.00000
   0.02687    0.03285    0.82320    0.48582    5.00000
   0.02456    0.01881    0.92005    0.42150    5.00000
   0.05202    0.04761    0.90576    0.47347    5.00000
   0.02889    0.06937    0.96773    0.66039    5.00000
   0.08397    0.18914    0.53483    0.84193    2.00000
   0.04313    0.08770    0.26373    0.69703    2.00000
   0.03104    0.07774    0.08637    0.85626    0.00000
   0.02109    0.02846    0.82048    0.13134    0.00000
   0.01701    0.02055    0.83316    0.20246    0.00000
   0.01549    0.02753    0.85813    0.51436    2.00000
   0.01745    0.03261    0.78826    0.47786    2.00000
   0.03985    0.04405    0.56895    0.97345    2.00000
   0.01549    0.05710    0.24117    0.73467    2.00000
