   0.37656    0.39265    0.54934    0.77219    2.00000
   0.15141    0.22266    0.57055    0.71460    2.00000
   0.15059    0.22947    0.45955    0.78467    2.00000
   0.07046    0.22940    0.22817    0.74719    2.00000
   0.13490    0.25926    0.33308    0.73853    2.00000
   0.30971    0.17524    0.39695    0.88275    2.00000
   0.10235    0.20742    0.70743    0.76759    2.00000
   0.13896    0.11693    0.80132    0.57485    2.00000
   0.03985    0.21232    0.10882    0.66537    0.00000
   0.26806    0.32691    0.78304    0.64675    4.00000
   0.03025    0.15935    0.13386    0.85148    1.00000
   0.07945    0.21290    0.78142    0.77394    2.00000
   0.49882    0.44597    0.99424    0.93983    2.00000
