   0.19418    0.12980    0.45086    0.35566    0.00000
   0.11288    0.05247    0.52508    0.46844    0.00000
   0.23705    0.37123    0.64528    0.70181    6.00000
   0.17101    0.17418    0.70249    0.80004    1.00000
   0.07915    0.03040    0.71009    0.63343    0.00000
   0.10790    0.03994    0.47118    0.44423    0.00000
   0.08692    0.04682    0.63954    0.57924    0.00000
   0.15005    0.43520    0.20753    0.65299    2.00000
   0.13403    0.02967    0.65789    0.27780    0.00000
   0.13399    0.02148    0.49879    0.20508    0.00000
