   0.24901    0.06878    0.39757    0.14154    0.00000
   0.20707    0.03172    0.42703    0.19652    0.00000
   0.21065    0.03759    0.29015    0.14326    0.00000
   0.19553    0.05764    0.32536    0.21829    0.00000
   0.15665    0.03711    0.30123    0.30976    0.00000
   0.16390    0.02176    0.31187    0.27455    0.00000
   0.17219    0.03679    0.35878    0.30100    0.00000
   0.12227    0.03475    0.32202    0.42842    0.00000
   0.24227    0.02928    0.31114    0.06101    0.00000
   0.23973    0.03057    0.40162    0.10459    0.00000
   0.22955    0.01824    0.47311    0.11627    0.00000
   0.22086    0.09781    0.38837    0.30314    4.00000
   0.17189    0.03066    0.24133    0.23721    5.00000
   0.17007    0.12184    0.53065    0.65296    7.00000
   0.24029    0.23208    0.29321    0.35646    7.00000
   0.32618    0.18455    0.38253    0.20714    7.00000
   0.25780    0.11449    0.53843    0.30273    7.00000
   0.02863    0.06434    0.23177    0.66756    2.00000
   0.35088    0.41321    0.69437    0.76700    1.00000
   0.16328    0.02559    0.47976    0.33718    0.00000
   0.16046    0.02276    0.49658    0.34513    0.00000
   0.19098    0.03965    0.50948    0.27715    0.00000
   0.17620    0.01401    0.49696    0.27077    0.00000
   0.13362    0.02140    0.34145    0.35861    5.00000
