   0.60762    0.47749    0.70719    0.92463    4.00000
   0.07843    0.13884    0.54479    0.30877    5.00000
   0.07884    0.14177    0.46502    0.20474    5.00000
   0.03400    0.07923    0.65690    0.47317    5.00000
   0.12240    0.30182    0.23323    0.53556    1.00000
   0.05183    0.22435    0.08760    0.47875    1.00000
   0.07205    0.21210    0.11333    0.53310    1.00000
   0.05424    0.27495    0.10676    0.65016    1.00000
   0.06203    0.13375    0.15678    0.91619    1.00000
   0.07781    0.26036    0.20309    0.88941    1.00000
   0.03110    0.13111    0.10308    0.35811    1.00000
   0.25337    0.12133    0.46623    0.93668    1.00000
   0.05023    0.13246    0.27872    0.87659    1.00000
   0.02319    0.06478    0.52619    0.29601    0.00000
   0.01734    0.06133    0.51991    0.31719    0.00000
   0.01619    0.05244    0.54434    0.35429    0.00000
   0.01235    0.06384    0.47007    0.21328    0.00000
   0.01050    0.05902    0.44994    0.20415    0.00000
   0.01020    0.06515    0.44493    0.16592    0.00000
   0.01536    0.03291    0.82893    0.35022    0.00000
   0.02122    0.08290    0.36178    0.34252    5.00000
   0.04584    0.09532    0.48139    0.30112    5.00000
   0.02041    0.07476    0.43235    0.41330    5.00000
   0.02029    0.07143    0.45026    0.43098    5.00000
   0.02063    0.04827    0.72481    0.23568    5.00000
   0.01642    0.04303    0.66357    0.19014    5.00000
   0.01918    0.05426    0.64721    0.11754    5.00000
