   0.07617    0.19132    0.48196    0.72499    5.00000
   0.26885    0.18604    0.72641    0.42086    5.00000
   0.06641    0.13473    0.55995    0.44587    2.00000
   0.50494    0.40348    0.60815    0.45847    4.00000
   0.06974    0.08153    0.86352    0.63737    5.00000
   0.03697    0.24295    0.10687    0.33906    2.00000
   0.09344    0.22642    0.41734    0.80975    2.00000
   0.03277    0.16570    0.50561    0.74756    2.00000
   0.14696    0.18878    0.75259    0.80385    5.00000
   0.01369    0.25355    0.07784    0.44819    2.00000
   0.02796    0.09002    0.65889    0.49034    2.00000
   0.11752    0.29475    0.37082    0.90863    2.00000
   0.01667    0.22836    0.22562    0.82410    0.00000
   0.04902    0.11235    0.79616    0.85739    2.00000
   0.08703    0.25629    0.41713    0.82854    2.00000
   0.02451    0.04735    0.81016    0.54002    2.00000
