   0.15072    0.06678    0.49939    0.14845    5.00000
   0.15431    0.05847    0.53401    0.19809    5.00000
   0.13018    0.04043    0.59208    0.29703    5.00000
   0.11727    0.03362    0.60616    0.33640    5.00000
   0.12262    0.18088    0.19121    0.38510    0.00000
   0.07871    0.08043    0.14347    0.46308    0.00000
   0.07791    0.10150    0.15676    0.55917    0.00000
   0.07027    0.02827    0.19274    0.51897    0.00000
   0.07436    0.03407    0.19679    0.57567    0.00000
   0.05736    0.02465    0.20077    0.60603    0.00000
   0.05893    0.08245    0.21874    0.66301    0.00000
   0.07950    0.10784    0.22116    0.77066    0.00000
   0.03075    0.04232    0.26921    0.82163    0.00000
   0.09013    0.11615    0.32637    0.77135    0.00000
   0.02981    0.02939    0.40789    0.85295    0.00000
   0.04034    0.05105    0.46325    0.86028    0.00000
   0.06849    0.03576    0.54780    0.89168    0.00000
   0.12355    0.04118    0.18235    0.25056    0.00000
   0.11344    0.10761    0.45220    0.31368    4.00000
   0.52924    0.51107    0.65993    0.91592    4.00000
   0.11183    0.03901    0.87063    0.38722    0.00000
   0.10178    0.04068    0.70588    0.46391    5.00000
   0.13777    0.05311    0.55734    0.28278    5.00000
   0.12927    0.03078    0.52391    0.18199    0.00000
   0.12537    0.02571    0.54594    0.19487    0.00000
   0.11942    0.02691    0.58483    0.29772    0.00000
   0.12339    0.03485    0.59688    0.28777    0.00000
   0.11999    0.08004    0.19542    0.48862    0.00000
   0.07993    0.03226    0.24750    0.49850    0.00000
   0.13429    0.02395    0.72959    0.21476    5.00000
   0.12749    0.02456    0.78212    0.26488    5.00000
   0.11003    0.02024    0.51007    0.29988    5.00000
   0.09758    0.02133    0.49465    0.36286    5.00000
   0.17166    0.16555    0.28343    0.32925    1.00000
