   0.26943    0.16423    0.48281    0.32646    1.00000
   0.13703    0.15479    0.23141    0.35842    1.00000
   0.04599    0.02977    0.58702    0.76461    0.00000
   0.05086    0.04405    0.59186    0.80907    0.00000
   0.03541    0.02831    0.57044    0.81749    0.00000
   0.04747    0.03990    0.55922    0.78150    0.00000
   0.04343    0.04834    0.54662    0.84191    0.00000
   0.03265    0.02945    0.49089    0.80513    0.00000
   0.04532    0.03709    0.48414    0.76468    0.00000
   0.06606    0.04397    0.51731    0.58369    0.00000
   0.06466    0.03450    0.49976    0.59243    0.00000
   0.05509    0.02224    0.48740    0.60910    0.00000
   0.06246    0.03280    0.58740    0.65938    0.00000
   0.06779    0.02898    0.47307    0.56146    0.00000
   0.05553    0.02560    0.46677    0.65269    0.00000
   0.05424    0.03753    0.46280    0.70827    0.00000
   0.04272    0.02934    0.48655    0.71366    0.00000
   0.05683    0.05983    0.26788    0.70520    0.00000
   0.06290    0.03731    0.18404    0.57766    0.00000
   0.05118    0.02393    0.16610    0.59458    0.00000
   0.08492    0.08494    0.22607    0.53460    0.00000
   0.06651    0.03867    0.19652    0.53793    0.00000
   0.02697    0.02055    0.24383    0.80073    0.00000
   0.02684    0.02337    0.21645    0.78047    0.00000
   0.02616    0.02473    0.22893    0.77704    0.00000
   0.04217    0.01763    0.15708    0.62967    0.00000
   0.05407    0.02863    0.16506    0.64891    0.00000
   0.03877    0.02123    0.16671    0.68262    0.00000
   0.02825    0.04245    0.11065    0.67812    0.00000
   0.04159    0.02022    0.93440    0.77466    0.00000
   0.06558    0.06788    0.12662    0.49538    5.00000
   0.07723    0.13322    0.14916    0.51455    5.00000
   0.24124    0.17809    0.31716    0.56008    5.00000
   0.12031    0.21185    0.43962    0.62836    5.00000
   0.25348    0.14187    0.59841    0.58699    5.00000
   0.20198    0.08235    0.69245    0.73804    5.00000
   0.13929    0.09908    0.67222    0.87050    5.00000
   0.07856    0.05478    0.81986    0.83828    5.00000
   0.05317    0.04299    0.58456    0.89539    5.00000
   0.11190    0.08587    0.43083    0.83073    5.00000
   0.05878    0.05177    0.26619    0.84043    5.00000
   0.06142    0.11006    0.13319    0.63101    5.00000
   0.10263    0.03698    0.60652    0.29491    5.00000
   0.15916    0.01004    0.76473    0.11886    5.00000
   0.04471    0.01111    0.81496    0.66634    0.00000
   0.04688    0.00852    0.90927    0.65232    0.00000
   0.05044    0.01225    0.75809    0.58593    0.00000
   0.02147    0.01392    0.65129    0.85825    0.00000
   0.01280    0.00852    0.62784    0.89373    0.00000
   0.05226    0.01258    0.11820    0.48150    0.00000
   0.05455    0.01460    0.16003    0.49162    0.00000
   0.04962    0.01629    0.15951    0.53891    0.00000
   0.04397    0.01550    0.38968    0.62477    0.00000
   0.05064    0.01629    0.40493    0.57089    0.00000
   0.05700    0.01436    0.39254    0.53762    0.00000
   0.05090    0.01684    0.44661    0.60383    0.00000
   0.04408    0.01326    0.70464    0.64219    0.00000
   0.08497    0.05246    0.35135    0.86985    5.00000
   0.05645    0.02664    0.90531    0.65002    5.00000
   0.20505    0.05315    0.58588    0.41216    5.00000
