   0.52025    0.32246    0.64975    0.82728    1.00000
   0.13425    0.11321    0.34736    0.37536    2.00000
   0.12509    0.11626    0.21764    0.44566    2.00000
   0.05550    0.12496    0.11882    0.56964    2.00000
   0.12605    0.10028    0.22361    0.23558    2.00000
   0.12456    0.31061    0.23944    0.60186    4.00000
   0.48083    0.13831    0.51509    0.21137    4.00000
   0.32862    0.20310    0.39190    0.28982    4.00000
   0.15752    0.24402    0.30904    0.48086    4.00000
   0.08438    0.02694    0.42554    0.09866    0.00000
   0.08044    0.02076    0.47032    0.11013    0.00000
   0.08445    0.02686    0.48632    0.09684    0.00000
   0.07991    0.02629    0.49971    0.09514    0.00000
   0.07798    0.02216    0.53652    0.20584    0.00000
   0.07536    0.03494    0.55500    0.19828    0.00000
   0.07618    0.03989    0.51888    0.18413    0.00000
   0.08423    0.07143    0.64752    0.62515    0.00000
   0.06764    0.05512    0.44753    0.65226    0.00000
   0.14781    0.11969    0.54879    0.72506    0.00000
   0.17265    0.15538    0.53191    0.61414    0.00000
