   0.38606    0.48533    0.69906    0.76642    3.00000
   0.25312    0.44916    0.38182    0.61066    4.00000
   0.07479    0.09674    0.79391    0.73875    0.00000
   0.13955    0.15869    0.90673    0.89042    1.00000
   0.06234    0.07728    0.66823    0.95173    2.00000
   0.08129    0.08371    0.63246    0.17841    2.00000
   0.03571    0.06328    0.68587    0.12935    2.00000
   0.04766    0.04060    0.69080    0.09610    2.00000
   0.13101    0.16384    0.31287    0.29075    2.00000
   0.08015    0.14853    0.40383    0.41991    2.00000
