   0.31984    0.09712    0.34041    0.13792    5.00000
   0.18813    0.04285    0.33115    0.14935    5.00000
   0.18452    0.03920    0.37356    0.18146    5.00000
   0.12225    0.03980    0.53502    0.47895    5.00000
   0.09307    0.04581    0.72023    0.65913    5.00000
   0.08606    0.03271    0.74542    0.67501    5.00000
   0.05273    0.03065    0.75675    0.76681    5.00000
   0.17163    0.09530    0.66540    0.41675    5.00000
   0.14272    0.06364    0.60032    0.45002    5.00000
   0.19890    0.03234    0.86823    0.32143    0.00000
   0.25486    0.06019    0.86136    0.34608    0.00000
   0.15673    0.05065    0.74186    0.45666    5.00000
   0.15521    0.04186    0.73638    0.45979    0.00000
   0.19815    0.08129    0.71610    0.35660    0.00000
   0.24587    0.06831    0.73774    0.25599    0.00000
   0.19262    0.02672    0.80532    0.26045    0.00000
   0.18635    0.02699    0.81054    0.28153    0.00000
   0.21234    0.03222    0.65776    0.19077    0.00000
   0.53680    0.32832    0.71521    0.53913    4.00000
   0.49489    0.34266    0.71556    0.53035    7.00000
   0.14792    0.23145    0.20575    0.32973    1.00000
   0.12841    0.05262    0.27455    0.39191    1.00000
   0.14188    0.13452    0.73888    0.61878    5.00000
   0.10797    0.02409    0.72767    0.54893    5.00000
   0.05899    0.02792    0.82030    0.78668    5.00000
   0.08238    0.04778    0.78973    0.70740    5.00000
   0.17524    0.03368    0.45276    0.21115    5.00000
   0.18898    0.02677    0.62744    0.23045    5.00000
   0.17314    0.01916    0.55907    0.24221    5.00000
   0.17050    0.02171    0.55392    0.26426    5.00000
   0.21153    0.06197    0.60958    0.32483    5.00000
   0.16550    0.07507    0.91823    0.53881    5.00000
   0.13397    0.05948    0.95536    0.57026    5.00000
   0.12886    0.03105    0.98441    0.55852    5.00000
   0.12059    0.02767    0.98171    0.58875    5.00000
   0.12660    0.02745    0.33010    0.36778    5.00000
   0.13433    0.03280    0.51015    0.38344    5.00000
   0.05862    0.03359    0.77670    0.79203    5.00000
   0.21250    0.05576    0.51468    0.19619    5.00000
   0.21025    0.06457    0.54598    0.19344    5.00000
   0.20771    0.03034    0.65857    0.18363    5.00000
   0.21009    0.05165    0.45458    0.16905    5.00000
   0.19368    0.03090    0.42579    0.13860    5.00000
   0.03470    0.02590    0.68064    0.83197    5.00000
   0.13808    0.03353    0.79701    0.48123    5.00000
   0.15183    0.01961    0.83951    0.43750    0.00000
   0.12280    0.01680    0.93118    0.54664    0.00000
   0.15555    0.00869    0.62596    0.31923    0.00000
   0.11312    0.02299    0.53666    0.48331    0.00000
   0.30952    0.09195    0.32729    0.12934    0.00000
   0.12103    0.01126    0.66821    0.45571    0.00000
   0.14128    0.01780    0.68224    0.40438    0.00000
   0.13232    0.02153    0.66931    0.42312    0.00000
   0.12752    0.01059    0.65521    0.42662    0.00000
   0.13281    0.01099    0.65880    0.41227    0.00000
   0.11902    0.01437    0.65012    0.46206    0.00000
   0.13307    0.02224    0.60981    0.43876    0.00000
   0.07599    0.01545    0.73143    0.65736    0.00000
   0.07538    0.01402    0.72507    0.66418    0.00000
   0.05222    0.02031    0.75852    0.76617    0.00000
   0.08485    0.01302    0.77150    0.63242    0.00000
   0.07557    0.01390    0.78421    0.67426    0.00000
   0.09437    0.01234    0.76269    0.59324    0.00000
   0.09955    0.01147    0.74460    0.56514    0.00000
   0.09446    0.01019    0.74747    0.57855    0.00000
   0.12627    0.01207    0.93122    0.53306    0.00000
   0.15760    0.01194    0.84238    0.37523    0.00000
   0.15468    0.01322    0.94794    0.42859    0.00000
   0.17604    0.01322    0.73945    0.27758    0.00000
   0.22712    0.39788    0.43121    0.66784    1.00000
