   0.27382    0.22464    0.74038    0.39676    5.00000
   0.04102    0.04823    0.89387    0.81648    5.00000
   0.04288    0.06177    0.92844    0.87739    5.00000
   0.04789    0.06516    0.82740    0.84523    5.00000
   0.05202    0.11315    0.70239    0.83290    5.00000
   0.04575    0.11792    0.67641    0.88960    5.00000
   0.05356    0.18678    0.45048    0.91876    5.00000
   0.09881    0.24397    0.26871    0.87584    5.00000
   0.03681    0.07968    0.75928    0.73221    5.00000
   0.03342    0.10183    0.58181    0.31517    5.00000
   0.02467    0.08498    0.67960    0.66150    5.00000
   0.03824    0.11271    0.58239    0.61738    5.00000
   0.05703    0.20564    0.23928    0.69136    5.00000
   0.04842    0.23518    0.18630    0.71546    5.00000
   0.03238    0.05714    0.72378    0.43605    2.00000
   0.05777    0.05716    0.81686    0.49925    2.00000
   0.04913    0.05204    0.78578    0.44235    2.00000
   0.02077    0.02993    0.81597    0.44664    2.00000
   0.03444    0.03638    0.80307    0.33514    2.00000
   0.03455    0.22054    0.11601    0.25236    2.00000
   0.02591    0.21253    0.13366    0.33720    5.00000
   0.01686    0.21371    0.23769    0.89425    2.00000
