   0.19448    0.30471    0.40800    0.63383    6.00000
   0.24088    0.02790    0.36727    0.07946    2.00000
   0.10979    0.05947    0.31280    0.55846    0.00000
   0.12467    0.06226    0.36231    0.53445    0.00000
   0.11929    0.04201    0.44526    0.53048    0.00000
   0.28511    0.18992    0.38107    0.29146    4.00000
   0.05314    0.04689    0.98152    0.84125    2.00000
   0.04837    0.03879    0.94801    0.90492    2.00000
   0.18827    0.03307    0.38975    0.24516    2.00000
   0.12840    0.01156    0.45197    0.41834    2.00000
   0.12861    0.01310    0.43926    0.41422    0.00000
