   0.39041    0.24387    0.82254    0.45202    5.00000
   0.09418    0.04106    0.88543    0.78355    5.00000
   0.07344    0.06132    0.89166    0.83550    5.00000
   0.07542    0.06062    0.69901    0.81632    5.00000
   0.06458    0.04989    0.91244    0.90391    5.00000
   0.08241    0.06346    0.47911    0.70782    5.00000
   0.10195    0.06793    0.30884    0.61766    5.00000
   0.12959    0.06674    0.30515    0.49138    5.00000
   0.14282    0.04018    0.35680    0.47625    5.00000
   0.10017    0.04794    0.71052    0.72695    5.00000
   0.12404    0.05223    0.79049    0.67417    5.00000
   0.27484    0.09150    0.61183    0.39675    4.00000
   0.09831    0.03022    0.81925    0.70617    5.00000
   0.13032    0.02877    0.74575    0.58833    5.00000
   0.15042    0.03274    0.67342    0.52638    5.00000
   0.06764    0.03028    0.68408    0.75990    5.00000
   0.02145    0.02297    0.77389    0.91083    5.00000
   0.05402    0.02101    0.54875    0.73451    5.00000
   0.04193    0.02738    0.56030    0.79056    5.00000
   0.09737    0.02101    0.32674    0.53261    5.00000
   0.25394    0.04106    0.73307    0.27064    5.00000
   0.14903    0.03117    0.95732    0.60412    5.00000
   0.09704    0.02530    0.98423    0.75006    5.00000
