   0.19855    0.04995    0.61179    0.18021    2.00000
   0.16897    0.02892    0.35398    0.07706    2.00000
   0.19256    0.07913    0.27523    0.11947    2.00000
   0.28979    0.16384    0.36240    0.18206    5.00000
   0.20059    0.05737    0.43114    0.11859    5.00000
   0.15169    0.03067    0.50265    0.19833    0.00000
   0.14596    0.03567    0.50649    0.22779    0.00000
   0.13907    0.03337    0.44642    0.19860    0.00000
   0.13865    0.03205    0.39615    0.19229    0.00000
   0.15757    0.06215    0.35491    0.21245    0.00000
   0.15259    0.04471    0.26906    0.34191    0.00000
   0.09562    0.04848    0.27349    0.45863    0.00000
   0.08485    0.05712    0.34614    0.51518    0.00000
   0.12159    0.05954    0.53512    0.39566    0.00000
   0.13884    0.05115    0.59957    0.47710    0.00000
   0.09609    0.06656    0.62555    0.61919    0.00000
   0.09602    0.08648    0.56058    0.63999    0.00000
   0.10634    0.06491    0.50048    0.59546    0.00000
   0.08548    0.04857    0.45664    0.61192    0.00000
   0.05385    0.04976    0.50130    0.72438    0.00000
   0.04461    0.04035    0.55928    0.79275    0.00000
   0.17451    0.07199    0.44941    0.30010    0.00000
   0.19662    0.02197    0.73555    0.15968    0.00000
   0.15023    0.08011    0.44962    0.28387    5.00000
   0.12350    0.03922    0.66677    0.32079    5.00000
   0.12096    0.05761    0.58850    0.48591    5.00000
   0.12861    0.09901    0.32039    0.41930    5.00000
   0.16539    0.03223    0.55426    0.14536    5.00000
   0.16976    0.02010    0.50941    0.10974    5.00000
   0.08192    0.03990    0.95118    0.66955    5.00000
   0.08307    0.03901    0.56450    0.56633    0.00000
   0.13767    0.24503    0.17239    0.26395    1.00000
   0.17003    0.20884    0.28419    0.40206    2.00000
   0.08799    0.05738    0.17527    0.47946    0.00000
   0.10991    0.02791    0.43400    0.35020    0.00000
   0.15408    0.04097    0.34823    0.14830    0.00000
   0.14385    0.03447    0.30861    0.18114    0.00000
   0.14593    0.01951    0.38714    0.13151    0.00000
   0.14397    0.02307    0.39170    0.15774    0.00000
   0.14780    0.02056    0.42070    0.13632    0.00000
   0.14486    0.02141    0.45667    0.14727    0.00000
   0.14521    0.01430    0.46282    0.11834    0.00000
   0.13581    0.02200    0.59607    0.22762    0.00000
   0.15078    0.02430    0.60465    0.19953    0.00000
   0.13901    0.01639    0.70984    0.22651    0.00000
   0.15095    0.03254    0.74273    0.23576    0.00000
   0.13299    0.02111    0.81520    0.29257    5.00000
   0.13809    0.07021    0.33456    0.29840    5.00000
   0.15842    0.11973    0.24156    0.30617    5.00000
