   0.08049    0.06208    0.87713    0.81739    5.00000
   0.21958    0.08888    0.76595    0.44105    5.00000
   0.22709    0.09286    0.80385    0.41269    5.00000
   0.26315    0.17163    0.85726    0.45751    5.00000
   0.18827    0.09238    0.94763    0.57438    5.00000
   0.24147    0.06352    0.91473    0.34740    5.00000
   0.24793    0.06205    0.71024    0.26095    5.00000
   0.07053    0.04100    0.47341    0.69684    5.00000
   0.08090    0.04638    0.30239    0.61893    5.00000
   0.08715    0.04826    0.66342    0.74851    5.00000
   0.09984    0.04383    0.69877    0.72044    5.00000
   0.07187    0.06348    0.68443    0.80850    5.00000
   0.24297    0.11011    0.94362    0.39299    2.00000
   0.05700    0.04391    0.89983    0.89073    5.00000
   0.11999    0.04586    0.77770    0.66174    5.00000
   0.12693    0.05324    0.28868    0.48238    5.00000
   0.11200    0.05212    0.26118    0.48114    5.00000
   0.16900    0.05260    0.65999    0.52267    5.00000
   0.13667    0.04196    0.73442    0.58692    5.00000
   0.11548    0.04782    0.96671    0.74170    5.00000
   0.22632    0.03905    0.35666    0.17436    5.00000
   0.09657    0.04044    0.86735    0.76691    5.00000
   0.07927    0.03219    0.80538    0.76328    5.00000
   0.09762    0.02681    0.80977    0.69862    5.00000
   0.05033    0.04284    0.76044    0.89736    5.00000
   0.05833    0.02928    0.53527    0.72631    5.00000
   0.04695    0.02777    0.54876    0.77904    5.00000
   0.03383    0.02972    0.50920    0.81133    5.00000
   0.13340    0.03702    0.35441    0.48210    5.00000
