   0.20284    0.11570    0.34777    0.29548    2.00000
   0.15478    0.33897    0.22396    0.46344    0.00000
   0.08966    0.16757    0.22483    0.68375    0.00000
   0.13590    0.45626    0.19568    0.52265    2.00000
   0.15944    0.16224    0.77105    0.59417    2.00000
   0.16829    0.04754    0.20739    0.20503    2.00000
   0.21439    0.05207    0.29029    0.11114    2.00000
   0.23277    0.08501    0.75404    0.22587    2.00000
   0.23989    0.07601    0.86044    0.33959    2.00000
   0.10923    0.19005    0.15496    0.37220    0.00000
   0.18715    0.03175    0.38564    0.16774    0.00000
   0.15524    0.02475    0.33782    0.25000    0.00000
   0.16231    0.05296    0.35269    0.30464    0.00000
   0.21123    0.03645    0.58523    0.12800    0.00000
   0.21889    0.03673    0.58342    0.14164    2.00000
   0.19174    0.05424    0.78221    0.25107    2.00000
   0.04976    0.04679    0.42924    0.74117    2.00000
   0.11426    0.04634    0.86778    0.59554    2.00000
