   0.38018    0.42756    0.45755    0.45387    4.00000
   0.06062    0.22041    0.26862    0.82619    2.00000
   0.36231    0.24600    0.53590    0.78056    2.00000
   0.10366    0.25576    0.25087    0.75800    2.00000
   0.04417    0.21655    0.10091    0.23708    2.00000
   0.04183    0.21552    0.10880    0.30505    5.00000
   0.23480    0.27239    0.87283    0.82373    1.00000
   0.11403    0.17769    0.41214    0.58088    2.00000
   0.11453    0.18731    0.59824    0.61225    2.00000
   0.07677    0.17457    0.66451    0.57470    2.00000
