   0.04079    0.11657    0.67205    0.63576    2.00000
   0.10177    0.13587    0.76895    0.60156    2.00000
   0.08528    0.15213    0.71538    0.71546    2.00000
   0.15091    0.17264    0.68682    0.85163    2.00000
   0.15654    0.18050    0.60567    0.91698    2.00000
   0.17764    0.12641    0.88780    0.88606    1.00000
   0.21318    0.42564    0.27705    0.46627    4.00000
   0.03681    0.17569    0.33640    0.98260    0.00000
   0.08673    0.15183    0.63624    0.94516    0.00000
   0.06123    0.12627    0.69282    0.88245    0.00000
   0.02722    0.09355    0.66950    0.63687    0.00000
   0.03861    0.08618    0.73519    0.75295    0.00000
