   0.17539    0.08410    0.59475    0.55039    0.00000
   0.15268    0.04776    0.63252    0.51319    0.00000
   0.16179    0.07869    0.89376    0.58720    0.00000
   0.14832    0.08998    0.95838    0.59177    0.00000
   0.09027    0.07122    0.91883    0.78618    0.00000
   0.07343    0.04207    0.94766    0.84430    0.00000
   0.10920    0.08126    0.51441    0.64967    0.00000
   0.23354    0.14649    0.33858    0.28780    1.00000
   0.43814    0.34879    0.66520    0.47559    7.00000
   0.35884    0.42478    0.55501    0.68121    4.00000
