   0.33726    0.21178    0.76666    0.25413    5.00000
   0.12808    0.10133    0.80127    0.47907    5.00000
   0.07655    0.08397    0.61663    0.67687    5.00000
   0.06158    0.14020    0.64208    0.77764    5.00000
   0.15922    0.19477    0.56093    0.89771    5.00000
   0.10391    0.16134    0.25989    0.75058    5.00000
   0.48026    0.39405    0.62010    0.45053    4.00000
   0.06348    0.09954    0.36774    0.68604    5.00000
   0.14341    0.11199    0.84138    0.93375    1.00000
   0.03989    0.05143    0.67819    0.88697    5.00000
   0.02743    0.03408    0.87623    0.53214    5.00000
   0.02713    0.05788    0.56673    0.73036    5.00000
   0.02908    0.02917    0.91582    0.56352    5.00000
   0.03103    0.04241    0.78969    0.68140    5.00000
   0.10875    0.17368    0.55507    0.90720    2.00000
   0.04054    0.12540    0.64613    0.77390    2.00000
   0.02969    0.03653    0.88495    0.21755    2.00000
