   0.37871    0.49902    0.87805    0.99836    2.00000
   0.20772    0.21991    0.29368    0.37043    2.00000
   0.08939    0.07515    0.50190    0.69650    2.00000
   0.08066    0.07408    0.54877    0.75708    2.00000
   0.09433    0.10481    0.69873    0.84794    2.00000
   0.20341    0.13182    0.72345    0.76485    2.00000
   0.26944    0.11036    0.91896    0.45267    2.00000
   0.20247    0.06459    0.94592    0.52404    2.00000
   0.28907    0.14072    0.76612    0.29492    2.00000
   0.25215    0.09917    0.62352    0.37469    2.00000
   0.27922    0.11493    0.70917    0.32796    2.00000
   0.28470    0.05530    0.40545    0.12510    2.00000
   0.11779    0.11449    0.45351    0.63282    2.00000
   0.23479    0.21388    0.66430    0.53191    2.00000
   0.27389    0.11398    0.49137    0.26588    2.00000
   0.32739    0.15086    0.55762    0.26558    2.00000
   0.35606    0.16732    0.39032    0.19755    2.00000
   0.18429    0.13580    0.47640    0.52576    2.00000
   0.24029    0.23272    0.42474    0.47921    2.00000
   0.33179    0.05844    0.64780    0.17923    2.00000
   0.21807    0.12577    0.91847    0.59212    0.00000
   0.18979    0.36784    0.83240    0.76983    1.00000
   0.12127    0.13520    0.60847    0.78836    2.00000
   0.07732    0.08215    0.27237    0.64343    2.00000
