   0.03530    0.10874    0.72685    0.51871    2.00000
   0.05356    0.12230    0.61025    0.32113    2.00000
   0.16267    0.12840    0.86953    0.90913    1.00000
   0.09871    0.26039    0.19955    0.63554    5.00000
   0.09574    0.20446    0.25302    0.56520    5.00000
   0.23357    0.38644    0.31410    0.43003    4.00000
   0.05654    0.12516    0.67447    0.90295    0.00000
   0.04211    0.09660    0.72109    0.84461    0.00000
   0.09155    0.21378    0.36997    0.94696    0.00000
   0.04202    0.09048    0.76557    0.80858    0.00000
