   0.22511    0.24329    0.45336    0.44425    4.00000
   0.18428    0.16834    0.70046    0.41670    5.00000
   0.14140    0.16684    0.75364    0.37487    5.00000
   0.03918    0.27291    0.20871    0.72910    5.00000
   0.06103    0.13805    0.60046    0.64475    5.00000
   0.08206    0.15014    0.66734    0.81924    5.00000
   0.08302    0.13526    0.55663    0.31377    5.00000
   0.04000    0.12982    0.46495    0.29637    5.00000
   0.05811    0.17000    0.37624    0.29966    5.00000
   0.05327    0.11802    0.53478    0.39519    5.00000
   0.04496    0.09909    0.56220    0.37280    5.00000
   0.02289    0.07684    0.72198    0.70154    5.00000
   0.02972    0.07771    0.74597    0.71262    5.00000
   0.02093    0.05538    0.78241    0.69981    5.00000
   0.02141    0.04866    0.81108    0.71086    5.00000
   0.04097    0.05954    0.85418    0.80183    5.00000
   0.03609    0.04642    0.88688    0.83522    5.00000
   0.02680    0.03258    0.91602    0.85236    5.00000
   0.02436    0.02216    0.94367    0.86758    5.00000
   0.09555    0.11481    0.75231    0.36240    2.00000
