   0.39800    0.45496    0.43117    0.72790    4.00000
   0.21555    0.18742    0.86290    0.86233    3.00000
   0.03857    0.12576    0.26934    0.26467    0.00000
   0.04479    0.08618    0.13600    0.12503    0.00000
   0.08569    0.11548    0.29266    0.19017    0.00000
   0.02944    0.06208    0.72582    0.18525    0.00000
   0.04657    0.05794    0.91925    0.21412    0.00000
   0.07555    0.13529    0.94069    0.47407    0.00000
   0.20613    0.26706    0.31860    0.86363    6.00000
   0.02286    0.02742    0.92458    0.20345    2.00000
   0.02973    0.08599    0.26765    0.27155    2.00000
   0.03092    0.06706    0.14092    0.13114    2.00000
   0.06853    0.11284    0.28525    0.16605    2.00000
   0.02620    0.02929    0.40579    0.04971    2.00000
   0.02475    0.05441    0.06941    0.42150    0.00000
   0.03157    0.06381    0.92368    0.53796    0.00000
   0.02487    0.03071    0.95050    0.51633    2.00000
