   0.39457    0.38308    0.58281    0.61908    4.00000
   0.09951    0.04712    0.97466    0.33423    0.00000
   0.05420    0.06362    0.82851    0.81326    0.00000
   0.07939    0.06262    0.91221    0.81826    0.00000
   0.04543    0.04111    0.27319    0.89351    0.00000
   0.03372    0.04130    0.10437    0.67055    0.00000
   0.19802    0.13441    0.85036    0.91804    1.00000
   0.32320    0.39148    0.36564    0.48882    7.00000
   0.13642    0.11122    0.20103    0.59597    7.00000
   0.13806    0.05712    0.47388    0.18366    2.00000
   0.09010    0.02206    0.46190    0.18300    0.00000
   0.08832    0.01479    0.49721    0.18655    0.00000
   0.04275    0.03098    0.49132    0.82091    5.00000
