   0.35698    0.49852    0.51808    0.73912    7.00000
   0.16965    0.16032    0.71424    0.91268    7.00000
   0.12403    0.20295    0.27005    0.28757    2.00000
   0.07735    0.23890    0.18031    0.34021    2.00000
   0.07106    0.27351    0.13864    0.40140    2.00000
   0.05475    0.05542    0.78005    0.35146    2.00000
   0.09657    0.14072    0.65090    0.86281    2.00000
   0.05313    0.13052    0.38433    0.23914    2.00000
   0.13404    0.32209    0.27011    0.52614    2.00000
   0.37873    0.17316    0.62962    0.30344    2.00000
   0.35681    0.52030    0.82786    0.72656    2.00000
   0.05604    0.20075    0.44423    0.93652    2.00000
   0.08064    0.29988    0.24333    0.77834    2.00000
   0.10896    0.28962    0.31980    0.87435    2.00000
