   0.17459    0.43296    0.35582    0.76006    6.00000
   0.03301    0.24792    0.13151    0.36951    0.00000
   0.07984    0.26911    0.18387    0.40831    0.00000
   0.06612    0.24760    0.16615    0.29828    0.00000
   0.61400    0.52649    0.64995    0.55260    4.00000
   0.20629    0.37601    0.42668    0.84072    4.00000
   0.14240    0.31246    0.28312    0.47696    1.00000
   0.05146    0.23915    0.21067    0.71031    0.00000
   0.02753    0.23171    0.23326    0.75747    0.00000
   0.01186    0.20433    0.29123    0.72221    0.00000
   0.02007    0.23467    0.24143    0.81955    0.00000
   0.04708    0.28882    0.17903    0.75624    0.00000
