   0.13476    0.29366    0.40381    0.90548    5.00000
   0.04932    0.18275    0.54992    0.93507    5.00000
   0.04883    0.17883    0.52761    0.84654    5.00000
   0.10945    0.36648    0.13513    0.42576    0.00000
   0.07149    0.21953    0.17079    0.27160    0.00000
   0.13522    0.24283    0.30093    0.36326    0.00000
   0.11236    0.30752    0.25482    0.37209    0.00000
   0.12657    0.37980    0.22274    0.46526    0.00000
   0.06932    0.21507    0.33509    0.58796    0.00000
   0.15524    0.25919    0.38398    0.64764    0.00000
   0.09764    0.27741    0.24960    0.67331    0.00000
   0.08593    0.28060    0.26555    0.75332    0.00000
   0.11766    0.23646    0.48644    0.86671    0.00000
   0.08297    0.16099    0.59898    0.95357    0.00000
   0.09667    0.19733    0.50790    0.67868    0.00000
   0.07910    0.19443    0.45851    0.58845    0.00000
   0.07373    0.21303    0.35465    0.43308    0.00000
   0.08276    0.20126    0.37380    0.33697    0.00000
   0.07566    0.16071    0.39543    0.26770    0.00000
   0.08984    0.18239    0.43819    0.32624    0.00000
   0.12354    0.18645    0.51995    0.36328    0.00000
   0.13303    0.15150    0.58192    0.36863    0.00000
   0.14085    0.13359    0.67097    0.38179    0.00000
   0.07276    0.08008    0.71573    0.31211    0.00000
   0.04201    0.07229    0.70796    0.34580    0.00000
   0.09281    0.11272    0.78271    0.42283    0.00000
   0.11435    0.17078    0.82387    0.56674    0.00000
   0.04885    0.10212    0.76252    0.66971    0.00000
   0.06006    0.07059    0.81643    0.67457    0.00000
   0.07325    0.10015    0.80114    0.73358    0.00000
   0.10159    0.11005    0.88311    0.73478    0.00000
   0.09916    0.12888    0.86832    0.80796    0.00000
   0.06646    0.09490    0.93445    0.84214    0.00000
   0.05857    0.06698    0.84279    0.87652    0.00000
   0.05761    0.07111    0.87308    0.91384    0.00000
   0.05469    0.08919    0.85800    0.95385    0.00000
   0.04296    0.10127    0.76094    0.96922    0.00000
   0.06591    0.14600    0.65080    0.85115    0.00000
   0.05226    0.13299    0.68680    0.78263    0.00000
   0.06694    0.15072    0.64494    0.46238    0.00000
   0.09427    0.15707    0.65869    0.52527    0.00000
   0.11422    0.12271    0.66047    0.57840    0.00000
   0.04687    0.10834    0.64930    0.63287    0.00000
   0.05761    0.11860    0.65278    0.67969    0.00000
   0.07960    0.14983    0.57762    0.45552    0.00000
   0.11932    0.45769    0.20440    0.62457    4.00000
   0.08151    0.17099    0.52383    0.74137    5.00000
   0.02587    0.17524    0.45166    0.77582    5.00000
   0.03223    0.23102    0.33490    0.83265    5.00000
   0.04689    0.23902    0.26472    0.49580    0.00000
   0.04687    0.18865    0.36277    0.49384    0.00000
   0.03563    0.14683    0.43906    0.45531    0.00000
   0.05224    0.15754    0.43461    0.40310    0.00000
   0.03222    0.08242    0.72843    0.72020    0.00000
   0.02637    0.07312    0.75036    0.70460    0.00000
   0.02930    0.17520    0.45081    0.68143    0.00000
   0.07871    0.36062    0.11993    0.37701    2.00000
   0.08729    0.37565    0.22274    0.47361    2.00000
   0.04399    0.27982    0.20813    0.49850    2.00000
   0.09186    0.30191    0.25824    0.37772    2.00000
   0.09028    0.19943    0.25739    0.27353    2.00000
   0.11134    0.25697    0.29038    0.32402    2.00000
   0.12059    0.15224    0.57167    0.36815    2.00000
   0.11839    0.12434    0.64409    0.35547    2.00000
   0.04052    0.10763    0.64911    0.67971    2.00000
   0.04545    0.14910    0.57665    0.47044    2.00000
   0.08790    0.18434    0.44209    0.33014    2.00000
   0.06447    0.20027    0.38479    0.34773    2.00000
   0.08108    0.14635    0.65063    0.52601    2.00000
   0.09871    0.15079    0.82093    0.56529    2.00000
   0.15880    0.22105    0.88048    0.76988    2.00000
   0.06643    0.27223    0.38186    0.92946    2.00000
   0.07471    0.24974    0.41086    0.90286    2.00000
   0.05665    0.24808    0.37893    0.92775    0.00000
   0.05224    0.22535    0.41672    0.91653    0.00000
   0.03175    0.25254    0.27067    0.76850    2.00000
   0.09763    0.27451    0.23301    0.67525    2.00000
   0.06644    0.08638    0.88260    0.72726    2.00000
   0.08792    0.11497    0.87441    0.80895    2.00000
   0.07348    0.07179    0.71013    0.31796    2.00000
   0.02394    0.05692    0.71162    0.35460    2.00000
   0.08157    0.09712    0.77953    0.41967    2.00000
   0.06890    0.15510    0.64492    0.44920    2.00000
   0.08254    0.14049    0.65331    0.51991    2.00000
   0.10590    0.10808    0.65633    0.58011    2.00000
   0.04639    0.22094    0.38240    0.77654    5.00000
   0.07417    0.18110    0.43380    0.71991    5.00000
