   0.19936    0.22051    0.21612    0.39820    2.00000
   0.11190    0.08197    0.62897    0.10524    2.00000
   0.16365    0.16519    0.79814    0.21761    2.00000
   0.19032    0.13416    0.60092    0.64498    2.00000
   0.08610    0.05162    0.64316    0.95535    2.00000
   0.08636    0.06490    0.20463    0.93351    2.00000
   0.23897    0.16405    0.27667    0.59439    2.00000
   0.33798    0.19917    0.69106    0.46949    2.00000
   0.60800    0.25761    0.62505    0.44477    4.00000
   0.13830    0.13128    0.24722    0.25491    4.00000
