   0.61509    0.41219    0.63146    0.56776    4.00000
   0.10436    0.29855    0.63433    0.74452    2.00000
   0.06199    0.11930    0.12855    0.70826    2.00000
   0.03746    0.16105    0.10667    0.75907    2.00000
   0.07816    0.11674    0.14829    0.46767    2.00000
   0.03498    0.13298    0.09354    0.30595    2.00000
   0.04618    0.11090    0.25699    0.97373    2.00000
   0.03427    0.09987    0.41366    0.89767    2.00000
   0.04136    0.08004    0.96082    0.80669    0.00000
   0.03106    0.15083    0.10258    0.76315    0.00000
   0.03392    0.12232    0.13423    0.71464    0.00000
   0.28583    0.19247    0.66296    0.88800    1.00000
