   0.04863    0.10234    0.19175    0.68537    5.00000
   0.05504    0.12058    0.16848    0.75315    5.00000
   0.03943    0.10841    0.11859    0.80711    5.00000
   0.04333    0.11643    0.11914    0.89153    5.00000
   0.03080    0.08780    0.15681    0.86016    5.00000
   0.06600    0.12448    0.45040    0.74729    5.00000
   0.02448    0.06750    0.48115    0.66608    5.00000
   0.02923    0.05855    0.53276    0.55548    5.00000
   0.02369    0.05887    0.58022    0.55238    5.00000
   0.02122    0.04939    0.60678    0.58248    5.00000
   0.03182    0.06391    0.61209    0.62133    5.00000
   0.03364    0.06014    0.57597    0.88862    5.00000
   0.02519    0.07829    0.32998    0.93521    5.00000
   0.02953    0.07570    0.39540    0.93579    5.00000
   0.03272    0.08004    0.44967    0.97337    5.00000
   0.02631    0.08395    0.13936    0.93164    5.00000
   0.05475    0.05504    0.79826    0.31462    0.00000
   0.03897    0.05524    0.74506    0.36601    0.00000
   0.03013    0.05412    0.65686    0.36484    0.00000
   0.03555    0.07768    0.69110    0.28728    0.00000
   0.02773    0.07925    0.66771    0.29735    0.00000
   0.02212    0.04472    0.72658    0.21471    0.00000
   0.03847    0.07419    0.76837    0.25063    0.00000
   0.03691    0.05704    0.73938    0.26196    0.00000
   0.05162    0.06880    0.73418    0.30400    0.00000
   0.07646    0.09369    0.82416    0.16005    0.00000
   0.02980    0.05944    0.70151    0.22596    0.00000
   0.03530    0.05825    0.65134    0.16784    0.00000
   0.04663    0.05917    0.62185    0.11109    0.00000
   0.02784    0.06398    0.44706    0.17743    0.00000
   0.02690    0.05334    0.52761    0.14275    0.00000
   0.04104    0.05866    0.93014    0.67720    0.00000
   0.05355    0.06871    0.92547    0.73935    0.00000
   0.03977    0.06623    0.87289    0.78062    0.00000
   0.02260    0.03507    0.82169    0.84504    0.00000
   0.01593    0.02737    0.82929    0.46385    0.00000
   0.02114    0.04864    0.57885    0.28900    0.00000
   0.01837    0.03956    0.73757    0.18239    0.00000
   0.11328    0.26523    0.15180    0.84653    0.00000
   0.10983    0.13790    0.16692    0.69835    0.00000
   0.03072    0.04778    0.74063    0.97998    5.00000
   0.01845    0.03001    0.93594    0.80929    5.00000
   0.02137    0.02991    0.96254    0.78392    5.00000
   0.05078    0.07712    0.34944    0.97172    5.00000
   0.09301    0.20341    0.23293    0.84207    1.00000
   0.19215    0.32941    0.37873    0.60581    3.00000
   0.02187    0.04934    0.84461    0.89724    0.00000
   0.01908    0.03911    0.77185    0.80317    0.00000
   0.02823    0.04727    0.85382    0.69580    0.00000
   0.02106    0.03162    0.82757    0.68928    0.00000
   0.02294    0.03719    0.90689    0.82724    5.00000
   0.11765    0.34361    0.69825    0.82053    7.00000
   0.06850    0.15745    0.80020    0.63831    7.00000
   0.02880    0.06128    0.36611    0.98051    0.00000
   0.02039    0.06595    0.33286    0.93636    0.00000
   0.02350    0.07175    0.33864    0.97047    0.00000
   0.07731    0.13969    0.44382    0.75049    0.00000
   0.02421    0.06152    0.47975    0.66652    0.00000
   0.02773    0.05681    0.53276    0.55557    0.00000
   0.02141    0.05538    0.58058    0.55252    0.00000
   0.02200    0.05101    0.60852    0.58156    0.00000
   0.03065    0.05342    0.61335    0.62572    0.00000
   0.02477    0.05233    0.57611    0.89222    0.00000
   0.24931    0.38400    0.86374    0.55322    7.00000
   0.11203    0.21581    0.70233    0.56005    7.00000
   0.09133    0.16437    0.47402    0.37280    7.00000
   0.15778    0.21755    0.27553    0.40412    7.00000
   0.01881    0.05457    0.45360    0.96684    0.00000
   0.01783    0.04894    0.44783    0.98903    0.00000
   0.01290    0.03041    0.74079    0.98458    0.00000
