   0.14569    0.19360    0.71804    0.82422    6.00000
   0.07311    0.06369    0.70308    0.81288    0.00000
   0.04160    0.04963    0.69926    0.89388    0.00000
   0.05776    0.07216    0.55778    0.21944    0.00000
   0.04769    0.06175    0.41257    0.70097    0.00000
   0.03669    0.03923    0.35755    0.55827    0.00000
   0.03380    0.05473    0.38212    0.62141    0.00000
   0.13762    0.55473    0.16381    0.74373    2.00000
   0.04186    0.05478    0.53322    0.28992    0.00000
   0.02573    0.04260    0.36791    0.68249    0.00000
