   0.09904    0.13732    0.18674    0.23249    5.00000
   0.07720    0.04489    0.28513    0.32743    5.00000
   0.11112    0.04760    0.25480    0.10197    0.00000
   0.08908    0.01259    0.21107    0.03265    0.00000
   0.12412    0.02796    0.32997    0.06136    0.00000
   0.14357    0.06998    0.56531    0.16742    0.00000
   0.09298    0.03144    0.58184    0.12468    5.00000
   0.07946    0.04196    0.46974    0.25113    5.00000
   0.06647    0.03503    0.53452    0.29495    5.00000
   0.06259    0.03971    0.46364    0.53941    5.00000
   0.04672    0.03826    0.08990    0.52079    0.00000
   0.05218    0.10255    0.10301    0.62134    0.00000
   0.04120    0.03257    0.10846    0.75724    0.00000
   0.04303    0.08008    0.12265    0.79345    0.00000
   0.03321    0.03439    0.20508    0.90478    0.00000
   0.16949    0.14599    0.28922    0.86460    1.00000
   0.06682    0.20372    0.09679    0.31906    1.00000
   0.11873    0.21682    0.17092    0.75539    1.00000
   0.06710    0.05227    0.54172    0.34793    0.00000
   0.06151    0.04961    0.55790    0.41133    0.00000
   0.06855    0.04504    0.63793    0.38729    0.00000
   0.04618    0.04078    0.67749    0.58716    0.00000
   0.06351    0.03825    0.75984    0.46327    0.00000
   0.08193    0.04336    0.75497    0.20209    0.00000
   0.07542    0.02620    0.75716    0.24677    0.00000
   0.07379    0.03503    0.88042    0.22165    0.00000
   0.06998    0.02066    0.89218    0.26856    0.00000
   0.05376    0.03938    0.90797    0.53939    0.00000
   0.05449    0.04260    0.93628    0.51110    0.00000
   0.27431    0.30881    0.83246    0.82118    4.00000
   0.11731    0.11158    0.19309    0.13832    5.00000
   0.07505    0.09137    0.21407    0.26014    0.00000
   0.08253    0.04811    0.18961    0.34193    0.00000
   0.05974    0.03054    0.18339    0.44087    0.00000
   0.06569    0.04841    0.33008    0.39879    5.00000
   0.04985    0.03441    0.35600    0.42945    5.00000
   0.04994    0.02684    0.34398    0.42695    5.00000
   0.05809    0.01969    0.18373    0.35253    5.00000
   0.05087    0.03132    0.18362    0.43838    5.00000
   0.06278    0.03860    0.63625    0.39002    5.00000
   0.04956    0.03476    0.90826    0.53981    5.00000
   0.08444    0.02395    0.57217    0.07532    5.00000
   0.08125    0.01225    0.39512    0.05345    5.00000
   0.08008    0.01043    0.44883    0.05541    5.00000
   0.06445    0.01724    0.44449    0.17236    0.00000
   0.06275    0.01297    0.32959    0.17563    0.00000
   0.05850    0.01893    0.19521    0.23508    0.00000
   0.05607    0.01808    0.17369    0.26868    0.00000
   0.06087    0.01465    0.17009    0.18756    0.00000
   0.05980    0.01374    0.14127    0.19016    0.00000
   0.05884    0.01724    0.12851    0.22340    0.00000
   0.06858    0.01731    0.16018    0.09366    0.00000
   0.08198    0.02164    0.17596    0.04142    0.00000
   0.07579    0.03167    0.35240    0.13975    5.00000
   0.07577    0.06174    0.29362    0.10384    5.00000
   0.07231    0.01675    0.44280    0.10784    5.00000
   0.06878    0.02025    0.49895    0.18577    5.00000
   0.06398    0.02073    0.25153    0.30334    0.00000
   0.05080    0.02579    0.28523    0.37779    0.00000
   0.05194    0.03357    0.31499    0.39468    0.00000
   0.07394    0.05772    0.34030    0.41163    0.00000
   0.06616    0.02914    0.94972    0.34077    5.00000
   0.05954    0.02172    0.91886    0.33262    5.00000
