   0.18734    0.31880    0.26422    0.33763    3.00000
   0.04087    0.07063    0.34280    0.69359    2.00000
   0.40717    0.23923    0.74852    0.85500    3.00000
   0.03042    0.05109    0.93807    0.18650    2.00000
   0.03130    0.03976    0.81833    0.54094    2.00000
   0.07584    0.07537    0.81645    0.62688    2.00000
   0.05240    0.07767    0.35217    0.73013    2.00000
   0.06843    0.05889    0.45927    0.66522    2.00000
   0.03521    0.06028    0.50886    0.76349    2.00000
   0.07702    0.07777    0.53977    0.96182    2.00000
   0.05659    0.12615    0.25981    0.40149    2.00000
