   0.19543    0.32030    0.40173    0.78231    4.00000
   0.41679    0.26828    0.63167    0.28595    2.00000
   0.33953    0.12785    0.54606    0.23495    2.00000
   0.10698    0.03081    0.32465    0.06131    2.00000
   0.15031    0.09550    0.78577    0.19283    2.00000
   0.13040    0.13662    0.76621    0.35379    2.00000
   0.14826    0.18364    0.92581    0.41637    2.00000
   0.03299    0.04189    0.85757    0.93498    2.00000
   0.06394    0.06016    0.97670    0.57098    0.00000
   0.07583    0.11385    0.15417    0.54065    2.00000
   0.08707    0.09910    0.24427    0.65906    2.00000
   0.04968    0.04914    0.31864    0.67908    2.00000
   0.09109    0.08208    0.42227    0.50518    2.00000
   0.10303    0.10390    0.14596    0.34236    2.00000
   0.09401    0.07873    0.28298    0.50335    2.00000
   0.09048    0.11932    0.75026    0.70138    0.00000
   0.03512    0.02515    0.29782    0.79423    2.00000
   0.02907    0.02277    0.25989    0.77585    2.00000
   0.05066    0.03687    0.28609    0.73356    2.00000
   0.10207    0.12087    0.67141    0.80218    2.00000
   0.06153    0.13646    0.70987    0.90680    2.00000
   0.09692    0.10232    0.67373    0.79862    0.00000
   0.03563    0.05081    0.72544    0.86763    0.00000
   0.03115    0.05639    0.70236    0.94652    0.00000
   0.03061    0.03450    0.85541    0.94202    0.00000
   0.14527    0.16341    0.92918    0.40835    0.00000
   0.09794    0.01456    0.33311    0.03831    0.00000
   0.06669    0.04676    0.81001    0.40654    0.00000
