   0.09877    0.30970    0.38424    0.44582    0.00000
   0.16310    0.33491    0.47346    0.59919    0.00000
   0.02580    0.16656    0.57433    0.74859    0.00000
   0.02556    0.15197    0.59355    0.72581    0.00000
   0.09018    0.24612    0.64702    0.82280    0.00000
   0.02898    0.11427    0.73884    0.92546    0.00000
   0.03121    0.13128    0.73186    0.96971    0.00000
   0.02491    0.13854    0.68985    0.97234    0.00000
   0.03277    0.21308    0.49001    0.86373    0.00000
   0.02980    0.09320    0.62726    0.35112    5.00000
   0.03925    0.09394    0.68064    0.41352    5.00000
   0.02607    0.06922    0.68112    0.36269    5.00000
   0.02940    0.06753    0.68978    0.34853    5.00000
   0.02764    0.05374    0.72268    0.35577    5.00000
   0.03393    0.05453    0.75220    0.38033    5.00000
   0.02498    0.04541    0.77224    0.40945    5.00000
   0.03782    0.07774    0.70530    0.41136    5.00000
   0.02301    0.09135    0.65520    0.43903    5.00000
   0.02576    0.10767    0.59905    0.36683    5.00000
   0.02960    0.23847    0.21336    0.31633    0.00000
   0.04048    0.23388    0.26070    0.32207    0.00000
   0.03825    0.17819    0.38143    0.32055    0.00000
   0.02738    0.14084    0.57621    0.51174    5.00000
   0.02589    0.12273    0.58159    0.47945    5.00000
   0.02748    0.09924    0.66496    0.52422    5.00000
   0.03311    0.07560    0.72712    0.51379    5.00000
   0.03480    0.15049    0.69383    0.92643    4.00000
   0.01814    0.13024    0.69613    0.92032    0.00000
   0.01341    0.08803    0.66440    0.53019    0.00000
   0.18496    0.17277    0.67817    0.42448    5.00000
   0.02551    0.06087    0.84741    0.81341    5.00000
   0.02373    0.09467    0.71199    0.69257    5.00000
   0.02632    0.20747    0.48913    0.86455    5.00000
   0.01942    0.19647    0.51471    0.94844    5.00000
   0.04187    0.14959    0.61744    0.74459    5.00000
