   0.02870    0.11238    0.37435    0.23412    0.00000
   0.01869    0.10494    0.34221    0.23499    0.00000
   0.02578    0.10767    0.35305    0.30728    0.00000
   0.04810    0.10113    0.33913    0.16064    0.00000
   0.05211    0.13306    0.21359    0.22144    0.00000
   0.01869    0.12867    0.17800    0.23499    0.00000
   0.01935    0.14126    0.12813    0.16333    0.00000
   0.01808    0.14412    0.11693    0.19291    0.00000
   0.11249    0.20531    0.21636    0.93784    0.00000
   0.02866    0.11939    0.30761    0.98551    0.00000
   0.02459    0.07295    0.62911    0.54982    0.00000
   0.02444    0.06446    0.59142    0.14957    0.00000
   0.03092    0.07600    0.58583    0.16690    0.00000
   0.02705    0.07054    0.59350    0.19960    0.00000
   0.01947    0.06493    0.58070    0.24083    0.00000
   0.03215    0.08915    0.59073    0.28808    0.00000
   0.05445    0.14809    0.20855    0.53686    0.00000
   0.02752    0.13547    0.24486    0.42272    0.00000
   0.02139    0.11471    0.27890    0.27646    0.00000
   0.03735    0.20913    0.22023    0.42595    0.00000
   0.12380    0.54167    0.21661    0.68478    1.00000
   0.05537    0.22460    0.22470    0.31491    5.00000
   0.05883    0.19654    0.25313    0.43722    5.00000
   0.04351    0.14386    0.31719    0.49715    5.00000
   0.09232    0.25677    0.13715    0.43221    5.00000
   0.02215    0.08607    0.47588    0.20994    5.00000
   0.01750    0.09952    0.38349    0.16272    5.00000
   0.03427    0.09152    0.43062    0.16189    5.00000
   0.02424    0.09087    0.51315    0.40982    5.00000
   0.02813    0.07940    0.58468    0.44144    5.00000
   0.07304    0.14322    0.40750    0.57034    0.00000
   0.02320    0.16045    0.28823    0.46807    0.00000
   0.21035    0.33716    0.89029    0.80271    4.00000
   0.01625    0.10956    0.30827    0.48930    0.00000
   0.01769    0.13605    0.10418    0.23025    0.00000
   0.07137    0.31581    0.08602    0.33538    5.00000
   0.02115    0.13661    0.12370    0.40488    0.00000
   0.03909    0.12178    0.35427    0.51002    5.00000
   0.02324    0.10713    0.37284    0.35598    5.00000
   0.01306    0.09359    0.37145    0.35362    0.00000
   0.01179    0.08405    0.42854    0.21091    0.00000
   0.08619    0.15337    0.40388    0.56617    5.00000
   0.02610    0.08638    0.56005    0.67442    5.00000
   0.02029    0.08870    0.48133    0.33342    5.00000
