   0.37080    0.59259    0.50767    0.65984    4.00000
   0.02789    0.16938    0.05455    0.21987    0.00000
   0.03265    0.24457    0.06499    0.44858    0.00000
   0.03026    0.12500    0.05871    0.73235    0.00000
   0.13254    0.12139    0.20116    0.85950    0.00000
   0.12662    0.11042    0.15101    0.94451    0.00000
   0.06992    0.04733    0.42449    0.97317    0.00000
   0.07399    0.06190    0.64929    0.07260    0.00000
   0.01939    0.02113    0.18195    0.05780    0.00000
   0.01755    0.01961    0.96072    0.20840    0.00000
   0.00981    0.01807    0.92741    0.16699    0.00000
   0.01746    0.01400    0.78751    0.57710    0.00000
