   0.05560    0.08776    0.79933    0.49580    0.00000
   0.05770    0.08669    0.87083    0.78319    0.00000
   0.04188    0.11434    0.71840    0.88975    0.00000
   0.14846    0.11195    0.49831    0.24020    0.00000
   0.04539    0.16290    0.36567    0.28847    0.00000
   0.04079    0.10286    0.58838    0.30715    0.00000
   0.04249    0.18269    0.27956    0.25850    0.00000
   0.07175    0.21648    0.36836    0.60233    0.00000
   0.09985    0.29384    0.25905    0.65283    2.00000
   0.04351    0.08496    0.79100    0.91358    2.00000
   0.03695    0.08862    0.78946    0.87409    2.00000
   0.07729    0.17587    0.72084    0.76720    2.00000
   0.04452    0.12936    0.46950    0.35556    2.00000
   0.10315    0.13346    0.56670    0.52347    0.00000
   0.26340    0.45729    0.43299    0.66999    4.00000
   0.24803    0.35481    0.44584    0.42686    7.00000
   0.14997    0.23351    0.51941    0.63844    7.00000
   0.01895    0.10367    0.66813    0.83702    0.00000
   0.01450    0.18015    0.37931    0.68846    0.00000
   0.01457    0.17640    0.39143    0.73328    0.00000
   0.01410    0.18245    0.35944    0.70730    0.00000
   0.01356    0.19554    0.27621    0.54592    0.00000
   0.03177    0.19324    0.30926    0.56302    0.00000
