   0.19523    0.03577    0.30327    0.17679    5.00000
   0.10221    0.07446    0.31701    0.69574    5.00000
   0.14467    0.04252    0.75298    0.47637    5.00000
   0.12723    0.05304    0.67780    0.57783    5.00000
   0.39170    0.29130    0.67758    0.46447    4.00000
   0.17588    0.03673    0.87589    0.32906    5.00000
   0.18162    0.02720    0.24961    0.18093    5.00000
   0.08107    0.03022    0.56171    0.72848    5.00000
   0.15003    0.02354    0.31811    0.37507    5.00000
   0.18904    0.02916    0.42656    0.19893    5.00000
   0.07469    0.04825    0.38770    0.75395    2.00000
   0.08828    0.05095    0.32821    0.70276    2.00000
   0.20867    0.44970    0.50391    0.89482    3.00000
   0.19077    0.02669    0.29056    0.19843    5.00000
