   0.09049    0.10368    0.56093    0.79926    0.00000
   0.04093    0.04099    0.45249    0.84253    0.00000
   0.19964    0.06236    0.55580    0.17549    0.00000
   0.15033    0.03631    0.60239    0.28186    0.00000
   0.18615    0.08593    0.67887    0.21326    0.00000
   0.13696    0.03042    0.76532    0.34722    0.00000
   0.16336    0.03172    0.84644    0.25800    0.00000
   0.15673    0.03629    0.81751    0.24616    0.00000
   0.14846    0.03518    0.93031    0.35333    0.00000
   0.11186    0.03718    0.94658    0.51384    0.00000
   0.10604    0.02365    0.93056    0.52934    0.00000
   0.08749    0.02445    0.93028    0.61193    0.00000
   0.10191    0.03775    0.21167    0.40155    0.00000
   0.10596    0.03194    0.22226    0.35407    0.00000
   0.12077    0.06827    0.23762    0.35785    0.00000
   0.15721    0.07272    0.26927    0.22376    0.00000
   0.16628    0.05217    0.49066    0.18464    0.00000
   0.16954    0.04001    0.43932    0.12812    0.00000
   0.16556    0.04250    0.50307    0.14256    0.00000
   0.16058    0.04201    0.46314    0.14820    0.00000
   0.16636    0.05024    0.40951    0.15351    0.00000
   0.16436    0.04298    0.36756    0.12357    0.00000
   0.16732    0.04411    0.32641    0.09130    0.00000
   0.16445    0.03694    0.40816    0.11386    0.00000
   0.16759    0.03807    0.61598    0.17394    0.00000
   0.14322    0.03895    0.55708    0.25848    0.00000
   0.14176    0.04337    0.57244    0.25726    0.00000
   0.14816    0.04162    0.51607    0.26135    0.00000
   0.07091    0.03380    0.29788    0.57682    0.00000
   0.07052    0.03470    0.30809    0.61383    0.00000
   0.09405    0.03551    0.38197    0.52782    0.00000
   0.08653    0.06376    0.39660    0.57176    0.00000
   0.11781    0.03453    0.40275    0.36227    0.00000
   0.21203    0.23052    0.35175    0.54561    1.00000
   0.12948    0.03195    0.24674    0.26830    5.00000
   0.12543    0.03211    0.26847    0.26890    5.00000
   0.13830    0.04171    0.29267    0.27076    5.00000
   0.13871    0.04203    0.32600    0.28369    5.00000
   0.16777    0.05673    0.37427    0.29577    5.00000
   0.16310    0.06598    0.43629    0.30397    5.00000
   0.15459    0.07179    0.50930    0.42508    5.00000
   0.15751    0.09861    0.57511    0.45744    5.00000
   0.11121    0.03275    0.43510    0.39806    5.00000
   0.11764    0.03003    0.46235    0.40414    5.00000
   0.14705    0.06681    0.28563    0.42221    5.00000
   0.11989    0.04961    0.34594    0.42170    5.00000
   0.09225    0.02655    0.33265    0.44639    5.00000
   0.12553    0.05648    0.24522    0.46070    5.00000
   0.09032    0.04974    0.28662    0.47473    5.00000
   0.10959    0.05058    0.19471    0.45518    5.00000
   0.08754    0.02293    0.35285    0.47568    5.00000
   0.07550    0.03112    0.16538    0.45106    5.00000
   0.18383    0.05389    0.26786    0.11443    5.00000
   0.15127    0.04691    0.30971    0.12456    5.00000
   0.15087    0.03308    0.36719    0.18278    5.00000
   0.16762    0.05112    0.22671    0.10317    5.00000
   0.15284    0.03163    0.21090    0.13228    5.00000
   0.14160    0.04346    0.17110    0.17082    5.00000
   0.12936    0.06527    0.16849    0.20680    5.00000
   0.10860    0.05084    0.15453    0.26743    5.00000
   0.10116    0.03259    0.62594    0.49579    5.00000
   0.10526    0.04307    0.64657    0.51603    5.00000
   0.07510    0.02276    0.62543    0.60679    0.00000
   0.11141    0.02833    0.50777    0.42849    0.00000
   0.10448    0.02776    0.59817    0.46161    0.00000
   0.10670    0.02962    0.56754    0.46498    0.00000
   0.10045    0.01712    0.48794    0.41465    0.00000
   0.10227    0.01889    0.43924    0.39927    0.00000
   0.02449    0.01600    0.51023    0.81806    0.00000
   0.03212    0.02615    0.78112    0.87817    0.00000
   0.16498    0.01898    0.86664    0.20257    0.00000
   0.12117    0.02228    0.29500    0.27458    0.00000
   0.12076    0.01994    0.32969    0.28233    0.00000
   0.11656    0.01808    0.31757    0.27808    0.00000
   0.11740    0.02710    0.35424    0.29014    0.00000
   0.11677    0.02348    0.37569    0.29875    0.00000
   0.12699    0.02510    0.44989    0.29758    0.00000
   0.12097    0.02501    0.42994    0.30733    0.00000
   0.12277    0.02945    0.24657    0.26714    0.00000
   0.15274    0.02711    0.26051    0.11304    0.00000
   0.14096    0.02292    0.20574    0.13356    0.00000
   0.08757    0.02294    0.25095    0.47833    0.00000
   0.09770    0.03107    0.29813    0.44198    0.00000
   0.09432    0.02397    0.36343    0.42092    0.00000
   0.09606    0.02421    0.33904    0.42511    0.00000
   0.08235    0.01826    0.18895    0.45351    0.00000
   0.08827    0.02252    0.98621    0.61251    0.00000
   0.09507    0.02043    0.98772    0.59392    0.00000
   0.09203    0.02905    0.70196    0.54928    5.00000
   0.09282    0.02945    0.67604    0.53213    5.00000
