   0.09611    0.02568    0.52813    0.49306    0.00000
   0.09411    0.02660    0.54582    0.47458    0.00000
   0.08687    0.03999    0.50092    0.52070    0.00000
   0.09678    0.04033    0.55717    0.54962    0.00000
   0.07703    0.09515    0.53493    0.75097    0.00000
   0.14678    0.02879    0.51232    0.17306    0.00000
   0.19833    0.05943    0.61498    0.24396    0.00000
   0.13199    0.02568    0.17923    0.22584    0.00000
   0.12518    0.01913    0.21148    0.23759    0.00000
   0.20662    0.07484    0.30144    0.16046    2.00000
   0.10345    0.07129    0.32326    0.83716    2.00000
   0.18861    0.08735    0.90033    0.93417    2.00000
   0.20662    0.09798    0.52360    0.87730    4.00000
   0.17888    0.10714    0.64491    0.59559    4.00000
   0.29675    0.14525    0.60597    0.25657    1.00000
