   0.30275    0.48586    0.55256    0.74049    4.00000
   0.37276    0.25823    0.78795    0.80697    1.00000
   0.18021    0.38720    0.24405    0.42698    7.00000
   0.38314    0.30440    0.44217    0.33335    7.00000
   0.24849    0.53185    0.74478    0.66416    7.00000
   0.11798    0.12215    0.72222    0.32933    7.00000
   0.15671    0.28075    0.23834    0.55790    7.00000
   0.03481    0.16565    0.18235    0.20972    0.00000
   0.04184    0.12106    0.47146    0.23303    0.00000
   0.01315    0.08703    0.50151    0.25172    0.00000
   0.01796    0.09726    0.41942    0.19731    0.00000
   0.01390    0.10373    0.43413    0.20750    0.00000
   0.03593    0.11023    0.43935    0.22788    0.00000
   0.10068    0.06981    0.60780    0.20694    0.00000
   0.02180    0.04263    0.69489    0.22299    0.00000
   0.01864    0.04676    0.68090    0.23796    0.00000
   0.01894    0.05861    0.76490    0.66078    0.00000
