   0.05868    0.05831    0.56828    0.89919    2.00000
   0.09009    0.07243    0.66008    0.93013    2.00000
   0.06335    0.06258    0.23342    0.88730    2.00000
   0.20002    0.23777    0.39695    0.73270    2.00000
   0.05498    0.03773    0.50306    0.82581    2.00000
   0.04612    0.04547    0.46497    0.80512    2.00000
   0.45240    0.49902    0.94784    0.99446    3.00000
   0.10615    0.08947    0.83893    0.89675    0.00000
   0.27429    0.35739    0.55875    0.78531    4.00000
   0.24565    0.24704    0.85495    0.86901    1.00000
