   0.06011    0.14075    0.42060    0.54093    5.00000
   0.14491    0.29377    0.18932    0.38152    5.00000
   0.04007    0.17987    0.12193    0.48352    5.00000
   0.08127    0.22176    0.13528    0.53087    5.00000
   0.10121    0.23762    0.23993    0.62240    5.00000
   0.05436    0.16621    0.33889    0.73109    5.00000
   0.10131    0.20909    0.41509    0.68148    5.00000
   0.16329    0.09617    0.72949    0.55948    5.00000
   0.06863    0.10275    0.78456    0.78015    5.00000
   0.03587    0.15945    0.16724    0.23484    5.00000
   0.01814    0.04163    0.86713    0.62172    0.00000
   0.02944    0.05538    0.95045    0.69781    0.00000
   0.08044    0.05027    0.92492    0.75205    0.00000
   0.02192    0.02709    0.96397    0.80103    0.00000
   0.03607    0.04943    0.89309    0.93136    0.00000
   0.02850    0.08817    0.81409    0.96413    0.00000
   0.05439    0.06429    0.86215    0.96709    0.00000
   0.02995    0.12968    0.48952    0.94751    0.00000
   0.04704    0.12447    0.54607    0.72951    0.00000
   0.02620    0.10707    0.51813    0.78742    0.00000
   0.03317    0.17402    0.21611    0.82601    0.00000
   0.02455    0.15763    0.26644    0.48082    5.00000
   0.02381    0.13227    0.31558    0.46533    5.00000
   0.03992    0.11275    0.41838    0.32012    5.00000
   0.03648    0.10970    0.68472    0.66351    0.00000
   0.03540    0.09935    0.70266    0.72729    0.00000
   0.04419    0.09590    0.70732    0.78397    0.00000
   0.11587    0.07157    0.80763    0.67508    5.00000
   0.05878    0.10320    0.66722    0.79473    5.00000
   0.03617    0.04743    0.84161    0.39410    5.00000
   0.06637    0.38019    0.09304    0.43001    4.00000
   0.00945    0.10527    0.40835    0.61779    0.00000
   0.01259    0.10698    0.42267    0.63103    0.00000
   0.01878    0.14542    0.21683    0.42153    0.00000
   0.01716    0.14458    0.21072    0.44172    0.00000
   0.01885    0.14936    0.16282    0.38464    0.00000
   0.01763    0.15084    0.16027    0.39622    0.00000
   0.01971    0.15179    0.15196    0.33756    0.00000
   0.02838    0.18030    0.05367    0.35351    0.00000
   0.01782    0.14684    0.18866    0.36882    0.00000
   0.01375    0.13470    0.26841    0.48730    0.00000
   0.02325    0.16393    0.14797    0.53784    0.00000
   0.02116    0.14954    0.23485    0.60980    0.00000
   0.02180    0.14638    0.22351    0.62482    0.00000
   0.01316    0.13221    0.27289    0.62348    0.00000
   0.01343    0.13759    0.23643    0.72119    0.00000
   0.01637    0.13797    0.25187    0.75398    0.00000
   0.01819    0.12775    0.32790    0.71501    0.00000
   0.02583    0.13845    0.34503    0.73158    0.00000
   0.02323    0.13140    0.32806    0.73924    0.00000
   0.01404    0.05837    0.73729    0.63639    0.00000
   0.01051    0.05365    0.71809    0.58950    0.00000
   0.01787    0.05868    0.65965    0.56620    0.00000
   0.37243    0.19990    0.63729    0.55887    5.00000
   0.04343    0.11098    0.74682    0.85890    5.00000
   0.01908    0.06643    0.74328    0.90792    5.00000
   0.09801    0.26316    0.26718    0.75621    5.00000
   0.01765    0.14896    0.26996    0.93516    5.00000
   0.42861    0.19680    0.46716    0.31797    1.00000
