   0.38254    0.29671    0.72102    0.60312    4.00000
   0.06899    0.21611    0.37926    0.36269    4.00000
   0.63070    0.46647    0.68037    0.62750    5.00000
   0.09762    0.12940    0.78829    0.84824    5.00000
   0.05036    0.16118    0.57495    0.80529    5.00000
   0.04513    0.15243    0.60481    0.81216    5.00000
   0.07053    0.16792    0.60562    0.84622    5.00000
   0.08528    0.18578    0.56355    0.92692    5.00000
   0.12379    0.12443    0.80924    0.71274    5.00000
   0.09343    0.11741    0.88788    0.71597    5.00000
   0.14690    0.16869    0.88276    0.82114    5.00000
   0.03233    0.07601    0.72659    0.40126    0.00000
   0.35404    0.19728    0.71797    0.83641    1.00000
