   0.50113    0.45967    0.98251    0.91674    3.00000
   0.08877    0.17624    0.70513    0.52261    1.00000
   0.02891    0.07761    0.83830    0.36364    0.00000
   0.02134    0.07644    0.75171    0.41130    0.00000
   0.03251    0.10877    0.52466    0.52091    0.00000
   0.02870    0.10047    0.56071    0.53309    0.00000
   0.01891    0.09798    0.58778    0.53059    0.00000
   0.01732    0.08240    0.60184    0.54887    0.00000
   0.03291    0.08356    0.62711    0.56017    0.00000
   0.04003    0.15910    0.05550    0.36353    0.00000
   0.01627    0.11031    0.09540    0.32096    0.00000
   0.02900    0.10829    0.27516    0.46137    0.00000
   0.07282    0.20104    0.21283    0.57478    0.00000
   0.02603    0.05499    0.94123    0.27021    0.00000
   0.01103    0.05045    0.95622    0.60875    0.00000
   0.38555    0.33540    0.50561    0.70690    4.00000
   0.16276    0.53238    0.73652    0.62930    5.00000
   0.11587    0.10429    0.74949    0.94717    5.00000
   0.14865    0.13089    0.31821    0.94707    5.00000
   0.09401    0.28577    0.20187    0.84739    5.00000
   0.04921    0.12399    0.22873    0.69172    5.00000
   0.11241    0.15686    0.29465    0.81877    5.00000
   0.11540    0.11767    0.22488    0.17861    5.00000
   0.14749    0.19879    0.19052    0.25915    5.00000
   0.17644    0.20143    0.70870    0.30763    5.00000
   0.01922    0.06736    0.58310    0.13390    0.00000
   0.02276    0.09107    0.48358    0.62588    0.00000
   0.01422    0.08844    0.33689    0.19534    0.00000
   0.01982    0.10004    0.24438    0.75485    0.00000
   0.02616    0.09066    0.32251    0.20485    0.00000
   0.01749    0.10964    0.19175    0.25651    0.00000
   0.01646    0.08817    0.51645    0.64340    0.00000
   0.01847    0.11006    0.14854    0.83334    0.00000
   0.02468    0.08168    0.33001    0.98478    0.00000
   0.01917    0.05160    0.78656    0.77567    0.00000
   0.01106    0.03129    0.90046    0.21720    0.00000
   0.02024    0.04705    0.86429    0.17450    0.00000
   0.04397    0.08542    0.81013    0.24073    0.00000
   0.04185    0.09445    0.82794    0.17871    0.00000
   0.03123    0.06163    0.79014    0.13372    0.00000
   0.05587    0.13900    0.12395    0.60855    0.00000
   0.01961    0.10372    0.15445    0.55660    0.00000
   0.02164    0.10497    0.25004    0.51919    0.00000
