   0.27432    0.16904    0.67937    0.30364    5.00000
   0.10349    0.24805    0.63303    0.84181    5.00000
   0.09272    0.09653    0.81393    0.60420    5.00000
   0.03634    0.04127    0.87903    0.63961    5.00000
   0.41299    0.35535    0.56604    0.52980    4.00000
   0.16569    0.10099    0.84675    0.91571    1.00000
   0.04169    0.13906    0.60459    0.92333    5.00000
   0.03524    0.19222    0.36882    0.74143    5.00000
   0.01901    0.05864    0.64781    0.31361    0.00000
   0.05859    0.27346    0.24565    0.88708    2.00000
   0.05342    0.20955    0.33152    0.68814    2.00000
   0.06307    0.14046    0.58709    0.64882    2.00000
