   0.51429    0.33510    0.69335    0.57914    4.00000
   0.15000    0.12504    0.90125    0.89621    1.00000
   0.03104    0.22857    0.12117    0.26938    2.00000
   0.08028    0.35579    0.23137    0.79003    2.00000
   0.02264    0.24597    0.24125    0.72213    2.00000
   0.01544    0.27346    0.16820    0.70700    2.00000
   0.06229    0.16741    0.47603    0.44550    2.00000
   0.02164    0.15708    0.37480    0.39119    2.00000
   0.01924    0.15954    0.40885    0.49888    2.00000
   0.03800    0.16745    0.44719    0.43055    2.00000
