   0.22369    0.24102    0.82698    0.46483    5.00000
   0.04882    0.08014    0.15342    0.53530    2.00000
   0.08016    0.05011    0.15509    0.82197    2.00000
   0.09846    0.08900    0.51065    0.90515    2.00000
   0.09484    0.06974    0.42890    0.82249    2.00000
   0.03142    0.03045    0.07118    0.72124    2.00000
   0.08175    0.05470    0.12154    0.22240    5.00000
   0.34024    0.53304    0.62673    0.69375    4.00000
   0.11241    0.24925    0.68316    0.74808    2.00000
   0.12629    0.08556    0.76449    0.13786    2.00000
   0.05295    0.04251    0.08865    0.53293    5.00000
   0.20684    0.09161    0.26949    0.17359    1.00000
   0.11847    0.11554    0.77462    0.91796    2.00000
   0.12786    0.12488    0.66718    0.60702    2.00000
   0.22366    0.24102    0.82615    0.46573    2.00000
   0.09484    0.06739    0.76434    0.60374    2.00000
   0.02116    0.02366    0.79217    0.93570    5.00000
