   0.19690    0.20799    0.83740    0.40536    0.00000
   0.18821    0.23123    0.67535    0.38545    0.00000
   0.16824    0.22363    0.77679    0.84891    0.00000
   0.09524    0.08677    0.50443    0.86839    0.00000
   0.20438    0.29184    0.35798    0.42568    0.00000
   0.18805    0.06418    0.46729    0.12224    0.00000
   0.07027    0.15953    0.34280    0.81286    0.00000
   0.13099    0.19288    0.18998    0.27467    1.00000
   0.13361    0.05027    0.38844    0.21389    0.00000
   0.15295    0.05614    0.44796    0.21966    0.00000
   0.19173    0.11436    0.53331    0.19904    0.00000
   0.14110    0.06418    0.52767    0.28278    0.00000
   0.10979    0.11761    0.52071    0.39399    0.00000
   0.09337    0.11565    0.50268    0.50901    0.00000
   0.10725    0.11544    0.49356    0.60512    0.00000
   0.08726    0.06417    0.55873    0.60557    0.00000
   0.05977    0.07764    0.59674    0.69138    0.00000
   0.17131    0.08982    0.68211    0.69944    0.00000
   0.11114    0.06505    0.48966    0.68375    0.00000
   0.09846    0.13629    0.29436    0.53970    0.00000
   0.06499    0.04657    0.25051    0.61973    0.00000
   0.09653    0.07503    0.15058    0.39739    0.00000
   0.13044    0.18560    0.94601    0.40832    0.00000
   0.13376    0.18018    0.94101    0.58915    0.00000
   0.07783    0.04310    0.86089    0.59358    0.00000
   0.15362    0.05809    0.68125    0.14640    0.00000
   0.07503    0.04984    0.63390    0.90665    0.00000
   0.09548    0.05766    0.52529    0.78542    0.00000
   0.05636    0.10262    0.28720    0.83283    0.00000
   0.11296    0.06308    0.14428    0.27911    0.00000
   0.28293    0.49247    0.44776    0.80475    4.00000
   0.07471    0.05809    0.50769    0.86579    2.00000
   0.04388    0.10913    0.33825    0.80026    2.00000
   0.19645    0.26490    0.35603    0.43284    2.00000
   0.07891    0.10588    0.29437    0.52883    2.00000
   0.16269    0.23687    0.67252    0.39479    2.00000
   0.17648    0.19495    0.83349    0.40123    2.00000
   0.16053    0.23493    0.77700    0.85521    2.00000
   0.05679    0.02659    0.63738    0.89981    2.00000
   0.08033    0.08263    0.50834    0.50227    2.00000
   0.10028    0.05679    0.49053    0.68723    2.00000
   0.12533    0.19016    0.94449    0.40734    2.00000
   0.19413    0.05093    0.45426    0.11344    2.00000
   0.19302    0.04898    0.42428    0.21563    2.00000
   0.12567    0.05527    0.52941    0.28115    2.00000
   0.09708    0.11435    0.52180    0.39845    2.00000
   0.12400    0.15020    0.62475    0.48829    2.00000
   0.11651    0.14411    0.62540    0.49263    0.00000
   0.14080    0.04614    0.68168    0.15150    2.00000
   0.15274    0.05179    0.75076    0.20365    2.00000
   0.14926    0.05136    0.74728    0.20322    0.00000
   0.09887    0.05809    0.67278    0.69357    2.00000
   0.08041    0.02073    0.74664    0.68316    2.00000
   0.04564    0.02116    0.68538    0.75895    2.00000
   0.07530    0.08133    0.60435    0.69323    2.00000
   0.08020    0.08937    0.50508    0.60013    2.00000
   0.07597    0.04896    0.56395    0.61296    2.00000
   0.05098    0.03267    0.25029    0.62038    2.00000
   0.04593    0.08741    0.29242    0.83326    2.00000
   0.02811    0.02333    0.34457    0.88399    2.00000
   0.08157    0.04550    0.52138    0.78477    2.00000
   0.06338    0.04310    0.86588    0.59858    2.00000
   0.11606    0.15193    0.94254    0.59154    2.00000
   0.15122    0.07612    0.53223    0.18883    2.00000
