   0.19799    0.28442    0.63548    0.46188    2.00000
   0.17461    0.30126    0.53948    0.47508    2.00000
   0.11988    0.10168    0.27802    0.42259    2.00000
   0.13145    0.36662    0.20530    0.45702    2.00000
   0.07140    0.13784    0.20445    0.73023    2.00000
   0.33307    0.07930    0.39254    0.13324    2.00000
   0.09749    0.05838    0.59593    0.66373    2.00000
   0.21703    0.15982    0.50810    0.22950    2.00000
   0.31598    0.29233    0.54329    0.41894    2.00000
   0.10140    0.12899    0.26203    0.60482    2.00000
