   0.18588    0.10417    0.28859    0.23031    5.00000
   0.17742    0.06012    0.35614    0.30312    5.00000
   0.16371    0.09408    0.42311    0.40336    5.00000
   0.13921    0.20325    0.19182    0.32338    1.00000
   0.18690    0.35121    0.38254    0.67483    1.00000
   0.08652    0.05669    0.19501    0.50167    0.00000
   0.08047    0.06084    0.21124    0.55969    0.00000
   0.06815    0.06009    0.23515    0.63566    0.00000
   0.04950    0.05280    0.22385    0.67632    0.00000
   0.19036    0.02988    0.27747    0.05984    0.00000
   0.19643    0.01617    0.31571    0.06061    0.00000
   0.20290    0.05191    0.35416    0.12864    0.00000
   0.19525    0.02226    0.44178    0.11265    0.00000
   0.16747    0.03294    0.40901    0.16329    0.00000
   0.13284    0.03364    0.62127    0.40042    0.00000
   0.12173    0.04645    0.63773    0.45756    0.00000
   0.14365    0.04741    0.70836    0.45643    0.00000
   0.09207    0.03653    0.73891    0.62627    0.00000
   0.10825    0.03327    0.92734    0.62006    0.00000
   0.22337    0.07476    0.63047    0.24670    0.00000
   0.16570    0.04389    0.55882    0.30823    5.00000
   0.18974    0.38793    0.83875    0.80017    4.00000
   0.20164    0.10304    0.28312    0.14817    5.00000
   0.17238    0.01568    0.27330    0.09943    0.00000
   0.14428    0.02555    0.28181    0.24935    0.00000
   0.14984    0.02674    0.30367    0.23071    0.00000
   0.12262    0.02831    0.38513    0.37144    0.00000
   0.12270    0.05166    0.40791    0.38749    0.00000
   0.11764    0.03050    0.43281    0.39959    0.00000
   0.10647    0.01687    0.44233    0.42273    0.00000
   0.10966    0.02522    0.45388    0.42379    0.00000
   0.10962    0.01801    0.81389    0.54035    0.00000
   0.18408    0.02134    0.63535    0.18403    0.00000
   0.19345    0.01296    0.65189    0.16224    0.00000
   0.18748    0.01207    0.61568    0.14556    0.00000
   0.18406    0.03610    0.63556    0.22536    0.00000
   0.19958    0.01972    0.41121    0.09256    0.00000
   0.16569    0.01795    0.42898    0.20584    0.00000
   0.17379    0.03057    0.45183    0.18281    0.00000
   0.10772    0.02209    0.28872    0.40278    0.00000
   0.14779    0.02165    0.23687    0.20548    0.00000
   0.17130    0.01499    0.29050    0.10921    0.00000
   0.15141    0.04402    0.39071    0.33524    5.00000
   0.14267    0.02674    0.61989    0.35874    5.00000
   0.21143    0.07044    0.64120    0.24656    5.00000
   0.09441    0.02297    0.56434    0.54620    5.00000
   0.19405    0.01453    0.54179    0.12810    5.00000
   0.14311    0.02416    0.96749    0.46732    5.00000
   0.16522    0.02913    0.27705    0.18141    5.00000
   0.16634    0.03077    0.25591    0.18282    5.00000
   0.17014    0.03201    0.25646    0.14730    5.00000
   0.04494    0.03798    0.82692    0.85908    5.00000
