   0.11290    0.24619    0.47048    0.56274    0.00000
   0.04093    0.12746    0.53251    0.40181    0.00000
   0.05119    0.15107    0.43419    0.73356    0.00000
   0.18509    0.37412    0.83119    0.64407    4.00000
   0.04820    0.06397    0.71197    0.29493    0.00000
   0.03117    0.14434    0.42948    0.84711    0.00000
   0.05676    0.16428    0.47137    0.69654    0.00000
   0.02272    0.13765    0.41494    0.62696    0.00000
   0.01981    0.13494    0.41327    0.66327    0.00000
   0.02063    0.10026    0.57140    0.47930    0.00000
   0.18445    0.58333    0.23735    0.81650    2.00000
