   0.15662    0.11129    0.24930    0.39395    0.00000
   0.09969    0.05326    0.67766    0.67070    0.00000
   0.08216    0.08516    0.56149    0.76116    0.00000
   0.11175    0.14298    0.48607    0.78422    0.00000
   0.05845    0.05738    0.38995    0.76684    0.00000
   0.13132    0.07744    0.38800    0.52745    5.00000
   0.19368    0.05717    0.29508    0.11509    5.00000
   0.09917    0.06159    0.84621    0.66146    5.00000
   0.10117    0.04914    0.73888    0.60391    5.00000
   0.17891    0.03176    0.68352    0.15172    5.00000
   0.16240    0.02496    0.65810    0.18218    5.00000
   0.12641    0.03042    0.81307    0.46488    5.00000
   0.11735    0.01745    0.88901    0.43925    5.00000
   0.11725    0.02466    0.92564    0.46445    5.00000
   0.10738    0.03124    0.85526    0.50418    2.00000
   0.09427    0.03196    0.84919    0.54673    2.00000
   0.09563    0.05758    0.67838    0.67512    2.00000
   0.10408    0.02311    0.32718    0.37866    0.00000
   0.08342    0.06355    0.37822    0.52626    0.00000
   0.07771    0.02147    0.40652    0.53424    0.00000
   0.06999    0.01066    0.42236    0.55168    0.00000
   0.07407    0.02229    0.37390    0.61779    0.00000
   0.08409    0.02064    0.35774    0.56120    0.00000
   0.15452    0.01159    0.30958    0.10578    0.00000
   0.14717    0.01293    0.30516    0.13546    0.00000
   0.05745    0.01427    0.80782    0.69975    0.00000
   0.05643    0.02239    0.73826    0.73634    0.00000
   0.05488    0.01488    0.54440    0.68167    0.00000
