   0.06744    0.17507    0.09700    0.39139    0.00000
   0.04050    0.12172    0.28932    0.38919    5.00000
   0.05369    0.09927    0.57980    0.44337    5.00000
   0.04084    0.06449    0.68132    0.43798    0.00000
   0.02791    0.06464    0.62620    0.50161    0.00000
   0.12072    0.25024    0.60091    0.61011    5.00000
   0.08234    0.28372    0.66064    0.84959    5.00000
   0.05001    0.14958    0.20720    0.70477    5.00000
   0.30878    0.19228    0.33032    0.27983    4.00000
   0.02701    0.04308    0.94574    0.46617    5.00000
   0.03440    0.05718    0.79673    0.43337    0.00000
   0.02632    0.05693    0.83394    0.60148    0.00000
   0.03007    0.07007    0.66768    0.52054    0.00000
   0.01998    0.07421    0.66414    0.56900    0.00000
   0.01940    0.06198    0.70150    0.50885    0.00000
   0.05112    0.13807    0.27343    0.62579    0.00000
   0.01295    0.09507    0.23353    0.60439    0.00000
   0.02007    0.10899    0.21514    0.62858    0.00000
   0.01597    0.09846    0.23518    0.63395    0.00000
   0.00970    0.09440    0.24254    0.36294    0.00000
   0.01466    0.10359    0.18003    0.41383    0.00000
   0.01433    0.07938    0.39223    0.86143    0.00000
   0.00970    0.08487    0.35625    0.74126    0.00000
   0.01343    0.09895    0.31332    0.37714    0.00000
   0.01110    0.09849    0.28886    0.38650    0.00000
   0.01009    0.09570    0.27742    0.39446    0.00000
   0.00940    0.05780    0.62559    0.56628    0.00000
   0.01573    0.05856    0.62313    0.43283    0.00000
   0.01121    0.05436    0.61475    0.41422    0.00000
   0.01399    0.05884    0.65165    0.36130    0.00000
   0.03012    0.08692    0.66887    0.37716    0.00000
   0.01550    0.02818    0.94553    0.46900    0.00000
   0.02281    0.07496    0.64832    0.35754    5.00000
   0.01281    0.06063    0.70272    0.93517    5.00000
   0.01849    0.08604    0.41573    0.88386    5.00000
   0.02548    0.09815    0.39522    0.86324    5.00000
   0.08173    0.17406    0.19388    0.29736    5.00000
   0.34254    0.47537    0.68878    0.52485    1.00000
