   0.13921    0.33631    0.27645    0.71254    6.00000
   0.05023    0.07270    0.15295    0.67122    0.00000
   0.05593    0.07145    0.12002    0.60885    0.00000
   0.04257    0.07196    0.18543    0.57754    0.00000
   0.03462    0.05774    0.22359    0.57100    0.00000
   0.13921    0.33631    0.27645    0.71254    3.00000
   0.17277    0.15968    0.20191    0.49436    4.00000
   0.26804    0.21629    0.69377    0.61015    7.00000
   0.18471    0.34634    0.88124    0.55645    7.00000
   0.18951    0.12982    0.51903    0.23065    7.00000
   0.19412    0.25217    0.71555    0.51023    7.00000
   0.06936    0.16188    0.13817    0.24662    7.00000
