   0.15769    0.07876    0.54420    0.34068    0.00000
   0.19004    0.06705    0.49972    0.38391    0.00000
   0.21250    0.09109    0.85167    0.34731    0.00000
   0.16925    0.06320    0.96688    0.29370    0.00000
   0.19425    0.12917    0.94550    0.26303    2.00000
   0.13479    0.05168    0.36508    0.46137    0.00000
   0.05329    0.14532    0.15996    0.66645    0.00000
   0.11800    0.05825    0.78513    0.60859    0.00000
   0.11221    0.05603    0.89409    0.73793    0.00000
   0.10217    0.06138    0.96159    0.75042    0.00000
   0.45923    0.34635    0.72275    0.82008    4.00000
   0.11225    0.03875    0.97730    0.56424    0.00000
   0.03663    0.01824    0.43943    0.89906    0.00000
