   0.23881    0.15279    0.67673    0.36526    5.00000
   0.19241    0.36622    0.67879    0.81775    5.00000
   0.13073    0.28087    0.39594    0.75014    5.00000
   0.05464    0.05595    0.87828    0.72573    5.00000
   0.46842    0.32065    0.73193    0.60972    4.00000
   0.02600    0.03748    0.77767    0.39683    2.00000
   0.02754    0.04848    0.87874    0.73373    2.00000
   0.05397    0.16781    0.73400    0.93524    2.00000
   0.01952    0.12078    0.64773    0.77083    2.00000
   0.02417    0.03684    0.82264    0.65356    5.00000
   0.01984    0.03094    0.84693    0.67674    5.00000
   0.03014    0.03113    0.83533    0.57462    5.00000
   0.01542    0.16928    0.44454    0.67416    2.00000
   0.02036    0.19814    0.38217    0.68035    2.00000
   0.05075    0.21171    0.39084    0.76748    2.00000
