   0.06087    0.09113    0.27652    0.61719    0.00000
   0.03068    0.10615    0.16589    0.88406    0.00000
   0.04609    0.11539    0.19184    0.90750    0.00000
   0.02764    0.08791    0.26186    0.91952    0.00000
   0.06676    0.10963    0.29988    0.96849    0.00000
   0.19789    0.14923    0.42277    0.93089    0.00000
   0.03251    0.09364    0.48274    0.90979    0.00000
   0.02196    0.06789    0.50988    0.88006    0.00000
   0.03048    0.07151    0.51577    0.91551    0.00000
   0.06128    0.07159    0.55631    0.92217    0.00000
   0.15394    0.17220    0.63562    0.86019    0.00000
   0.07426    0.08440    0.68837    0.78207    0.00000
   0.08440    0.09868    0.74473    0.83467    0.00000
   0.03960    0.06037    0.73209    0.89092    0.00000
   0.12146    0.04865    0.74205    0.94788    0.00000
   0.04527    0.06508    0.65046    0.97040    0.00000
   0.05864    0.04702    0.76212    0.98050    0.00000
   0.03048    0.06922    0.52177    0.74396    0.00000
   0.04588    0.08094    0.52240    0.77693    0.00000
   0.03980    0.11205    0.15850    0.45346    0.00000
   0.06352    0.12740    0.11942    0.28457    0.00000
   0.04730    0.09829    0.21787    0.21157    0.00000
   0.04973    0.09722    0.27300    0.24379    0.00000
   0.03473    0.09792    0.19340    0.32518    0.00000
   0.05055    0.10465    0.26292    0.13037    0.00000
   0.04214    0.09567    0.32716    0.12542    0.00000
   0.03616    0.08944    0.40315    0.12599    0.00000
   0.02906    0.08403    0.35907    0.12180    0.00000
   0.09736    0.09708    0.36710    0.16219    0.00000
   0.03900    0.09448    0.43621    0.17917    0.00000
   0.03879    0.06863    0.48737    0.17422    0.00000
   0.04609    0.07710    0.52245    0.20795    0.00000
   0.03230    0.05745    0.56560    0.17670    0.00000
   0.03048    0.06175    0.54708    0.24074    0.00000
   0.04245    0.09184    0.61793    0.29621    0.00000
   0.02419    0.04826    0.67386    0.28039    0.00000
   0.02663    0.05160    0.68258    0.31451    0.00000
   0.09818    0.09266    0.71655    0.35108    0.00000
   0.10932    0.07643    0.79348    0.40617    0.00000
   0.08054    0.05059    0.81919    0.35528    0.00000
   0.04872    0.06339    0.73617    0.28305    0.00000
   0.13647    0.09869    0.42278    0.27196    0.00000
   0.04365    0.07492    0.51499    0.29964    0.00000
   0.06149    0.09285    0.49211    0.34957    0.00000
   0.03635    0.04405    0.74388    0.51751    0.00000
   0.02581    0.03115    0.84054    0.52228    0.00000
   0.05318    0.04575    0.79956    0.63892    0.00000
   0.02663    0.04069    0.83574    0.66715    0.00000
   0.05217    0.05212    0.84632    0.76397    0.00000
   0.03392    0.04072    0.76872    0.79790    0.00000
   0.02217    0.04759    0.73447    0.78190    0.00000
   0.03980    0.07242    0.60281    0.68601    0.00000
   0.03473    0.03877    0.87432    0.83793    0.00000
   0.03514    0.04278    0.87942    0.90465    0.00000
