   0.21777    0.13655    0.75491    0.42248    2.00000
   0.26600    0.15804    0.43840    0.23588    2.00000
   0.26989    0.12953    0.34983    0.26661    2.00000
   0.26514    0.15637    0.52531    0.43871    2.00000
   0.25416    0.12569    0.53409    0.31301    2.00000
   0.28888    0.12943    0.65532    0.40228    2.00000
   0.18756    0.09683    0.80719    0.55342    2.00000
   0.13144    0.07098    0.88481    0.64505    2.00000
   0.31708    0.05459    0.68524    0.19962    2.00000
   0.29255    0.04317    0.33389    0.07319    2.00000
   0.25914    0.06284    0.28865    0.10664    2.00000
   0.23056    0.06258    0.31707    0.21361    2.00000
   0.26653    0.12209    0.85351    0.52141    2.00000
   0.14884    0.06356    0.79656    0.61524    2.00000
   0.14899    0.04448    0.56080    0.50851    2.00000
   0.23205    0.07278    0.44448    0.33151    2.00000
   0.21825    0.06591    0.40354    0.36351    2.00000
   0.17586    0.03862    0.48361    0.38775    2.00000
   0.29057    0.04073    0.42111    0.09886    0.00000
   0.37803    0.49829    0.86653    0.98827    3.00000
   0.13999    0.06009    0.37707    0.53854    2.00000
   0.11743    0.07749    0.30290    0.58214    2.00000
   0.20067    0.12713    0.71539    0.56156    2.00000
   0.17151    0.05969    0.77745    0.50456    2.00000
