   0.35526    0.20376    0.83467    0.41430    5.00000
   0.10507    0.04832    0.73842    0.68736    5.00000
   0.08901    0.07090    0.74314    0.74779    5.00000
   0.12572    0.18268    0.66697    0.85909    5.00000
   0.16249    0.13583    0.36567    0.66267    5.00000
   0.08974    0.06112    0.21510    0.60617    5.00000
   0.08621    0.16265    0.21487    0.77573    1.00000
   0.14892    0.12634    0.89220    0.58509    5.00000
   0.10914    0.06805    0.51233    0.60498    5.00000
   0.04478    0.02558    0.79342    0.84251    5.00000
   0.07731    0.03278    0.70313    0.70768    5.00000
   0.08820    0.01750    0.41540    0.45354    5.00000
   0.14919    0.02887    0.60572    0.21439    5.00000
   0.14003    0.02025    0.35941    0.15854    5.00000
   0.12827    0.02141    0.30680    0.20349    5.00000
   0.14546    0.04575    0.25690    0.18351    5.00000
   0.13722    0.01777    0.34026    0.14113    5.00000
   0.11821    0.04069    0.31849    0.36617    5.00000
   0.04445    0.02257    0.77089    0.78742    5.00000
   0.10152    0.09390    0.69235    0.90738    1.00000
   0.08135    0.09579    0.39779    0.65693    2.00000
   0.06394    0.04664    0.34867    0.68348    2.00000
   0.07454    0.04860    0.22260    0.60710    2.00000
   0.06706    0.01919    0.51307    0.60320    2.00000
   0.09683    0.01501    0.98556    0.45632    0.00000
   0.09851    0.04230    0.92305    0.44715    0.00000
   0.06081    0.01750    0.23134    0.59848    0.00000
   0.04643    0.01333    0.35092    0.67632    0.00000
   0.06981    0.03393    0.75352    0.74183    0.00000
