   0.06642    0.10875    0.44309    0.45915    5.00000
   0.21128    0.23860    0.28112    0.53915    5.00000
   0.11700    0.19856    0.16821    0.61349    0.00000
   0.08190    0.08260    0.86313    0.15939    2.00000
   0.04671    0.09690    0.80527    0.20027    2.00000
   0.10042    0.19206    0.87973    0.31865    2.00000
   0.04812    0.07485    0.77993    0.32224    2.00000
   0.08760    0.18043    0.27800    0.43077    2.00000
   0.05875    0.11523    0.29525    0.33120    2.00000
   0.04492    0.09639    0.34150    0.27475    2.00000
   0.08487    0.11805    0.37759    0.22111    2.00000
   0.05649    0.09804    0.41641    0.16321    2.00000
   0.07518    0.05774    0.49203    0.10020    2.00000
   0.05609    0.10634    0.50996    0.19484    5.00000
   0.05625    0.09314    0.70095    0.40614    2.00000
   0.04585    0.06907    0.82511    0.79085    2.00000
   0.08557    0.12507    0.20088    0.78472    2.00000
   0.04538    0.12428    0.13011    0.82232    2.00000
   0.46609    0.23915    0.67354    0.45973    4.00000
   0.19260    0.20225    0.35162    0.34814    4.00000
   0.08572    0.17073    0.14367    0.45774    5.00000
   0.05167    0.16681    0.07797    0.37701    5.00000
   0.08111    0.11266    0.43996    0.46330    2.00000
   0.02537    0.03670    0.83195    0.39500    2.00000
   0.13334    0.14721    0.30054    0.57221    2.00000
   0.06024    0.12577    0.14360    0.45872    2.00000
   0.04437    0.13507    0.07062    0.37561    2.00000
   0.03139    0.05975    0.63537    0.23268    5.00000
   0.02295    0.03740    0.72255    0.18116    5.00000
   0.02326    0.03912    0.73929    0.12541    5.00000
