   0.11953    0.22147    0.73666    0.64208    2.00000
   0.11443    0.12393    0.85476    0.56024    2.00000
   0.08066    0.06804    0.71601    0.81569    2.00000
   0.10457    0.10646    0.64307    0.85512    2.00000
   0.15494    0.09607    0.57166    0.91467    2.00000
   0.05582    0.02604    0.25720    0.91326    2.00000
   0.19789    0.15868    0.88096    0.90753    1.00000
   0.23836    0.36182    0.34009    0.37452    4.00000
   0.05856    0.05100    0.72793    0.57197    0.00000
   0.05941    0.09852    0.76163    0.69325    0.00000
   0.07323    0.06769    0.64302    0.84765    0.00000
   0.04437    0.03514    0.61308    0.90225    0.00000
   0.07894    0.06375    0.54564    0.92431    0.00000
   0.03784    0.02072    0.25399    0.91469    0.00000
