   0.04456    0.25126    0.18360    0.71610    0.00000
   0.05543    0.16155    0.45623    0.45356    0.00000
   0.04719    0.27471    0.23422    0.86649    2.00000
   0.08687    0.26188    0.12660    0.34136    2.00000
   0.06151    0.18569    0.23641    0.25899    2.00000
   0.08908    0.13574    0.60992    0.30869    2.00000
   0.04464    0.12815    0.54371    0.55543    2.00000
   0.04022    0.11939    0.60191    0.57395    2.00000
   0.27542    0.33267    0.38623    0.52576    4.00000
   0.06139    0.28533    0.16434    0.55174    2.00000
   0.04694    0.25177    0.19321    0.71720    2.00000
   0.07073    0.24994    0.10838    0.34225    0.00000
   0.04243    0.14736    0.45840    0.45840    2.00000
