   0.15180    0.09388    0.96123    0.29099    2.00000
   0.07218    0.08798    0.97026    0.72218    2.00000
   0.05781    0.05361    0.93001    0.80262    2.00000
   0.09976    0.05488    0.44059    0.58378    2.00000
   0.27366    0.04053    0.29893    0.05923    2.00000
   0.21195    0.06553    0.47446    0.23984    2.00000
   0.14581    0.04564    0.44037    0.31396    0.00000
   0.13573    0.04973    0.30544    0.23475    0.00000
   0.14976    0.03708    0.29890    0.18403    0.00000
   0.14687    0.03292    0.38726    0.18146    0.00000
   0.24832    0.40919    0.35805    0.57796    4.00000
   0.31909    0.16096    0.44989    0.46306    2.00000
   0.23352    0.25830    0.68018    0.68820    2.00000
   0.13778    0.03757    0.43710    0.30993    2.00000
   0.13036    0.04899    0.30630    0.23658    2.00000
   0.14073    0.03584    0.29634    0.18707    2.00000
   0.15723    0.03953    0.38140    0.17987    2.00000
   0.15041    0.03584    0.43795    0.14114    2.00000
   0.18565    0.04322    0.40504    0.08182    2.00000
   0.16596    0.02293    0.47150    0.07407    2.00000
   0.06402    0.03726    0.46305    0.64477    2.00000
