   0.07416    0.12390    0.68663    0.71939    4.00000
   0.03106    0.18549    0.23411    0.36205    0.00000
   0.02448    0.19006    0.25784    0.40130    0.00000
   0.02080    0.17702    0.25694    0.32118    0.00000
   0.01817    0.16436    0.28405    0.35140    0.00000
   0.08111    0.19569    0.32826    0.33912    0.00000
   0.02179    0.15740    0.34169    0.38505    0.00000
   0.02479    0.15795    0.36588    0.40062    0.00000
   0.03869    0.20991    0.16501    0.43507    0.00000
   0.02882    0.21383    0.19178    0.49298    0.00000
   0.02498    0.23869    0.05406    0.36796    0.00000
   0.02831    0.20592    0.16362    0.37633    0.00000
   0.02545    0.19237    0.17191    0.24078    0.00000
   0.01937    0.14906    0.38716    0.29482    0.00000
   0.03138    0.05974    0.76998    0.42676    0.00000
   0.04886    0.09976    0.63247    0.49652    0.00000
   0.03210    0.10658    0.58878    0.52199    0.00000
   0.02455    0.10949    0.55407    0.54071    0.00000
   0.02499    0.10085    0.57196    0.54477    0.00000
   0.01776    0.10784    0.54361    0.57568    0.00000
   0.02234    0.11704    0.55310    0.58854    0.00000
   0.02287    0.10272    0.57822    0.57202    0.00000
   0.05683    0.13378    0.54584    0.57225    5.00000
   0.03267    0.13542    0.55381    0.67125    0.00000
   0.01542    0.11924    0.53944    0.70411    0.00000
   0.01809    0.12645    0.51769    0.72572    0.00000
   0.02506    0.11739    0.59811    0.74196    0.00000
   0.01916    0.14205    0.43718    0.72233    0.00000
   0.01809    0.14509    0.44652    0.74395    0.00000
   0.02020    0.14701    0.43426    0.76557    0.00000
   0.04921    0.17272    0.44560    0.73091    5.00000
   0.07332    0.22277    0.36194    0.83433    5.00000
   0.01619    0.17249    0.34984    0.81372    0.00000
   0.01754    0.16744    0.36139    0.82929    0.00000
   0.06006    0.21042    0.34896    0.86202    0.00000
   0.04470    0.12715    0.67692    0.93056    0.00000
   0.02677    0.12786    0.57304    0.92440    0.00000
   0.05365    0.09072    0.73756    0.89349    0.00000
   0.02660    0.08189    0.76821    0.85980    0.00000
   0.02875    0.03823    0.91833    0.91429    0.00000
   0.01850    0.08773    0.69135    0.77860    0.00000
   0.02460    0.08415    0.71258    0.76733    0.00000
   0.02174    0.07012    0.73796    0.71274    0.00000
   0.02053    0.05663    0.80210    0.68951    0.00000
   0.02179    0.05569    0.80863    0.70378    0.00000
   0.03581    0.04513    0.91991    0.91286    5.00000
