   0.04896    0.06729    0.88628    0.82582    2.00000
   0.06645    0.08150    0.85586    0.93485    2.00000
   0.04876    0.06647    0.63059    0.87723    2.00000
   0.08679    0.06719    0.53331    0.94191    2.00000
   0.05587    0.05761    0.23200    0.34959    2.00000
   0.09507    0.09522    0.39117    0.24767    2.00000
   0.03097    0.04643    0.43128    0.07416    2.00000
   0.03714    0.06037    0.55673    0.24537    2.00000
   0.04345    0.09600    0.09113    0.89071    2.00000
   0.04064    0.05605    0.30746    0.97073    2.00000
   0.08349    0.08054    0.73240    0.33461    2.00000
   0.03163    0.06494    0.67198    0.24743    2.00000
   0.03493    0.04771    0.59915    0.08548    2.00000
   0.16419    0.24792    0.88741    0.50586    5.00000
   0.52285    0.48931    0.91304    0.85356    3.00000
   0.18012    0.25284    0.34125    0.48163    4.00000
   0.03934    0.07076    0.59652    0.27388    2.00000
   0.06635    0.09140    0.32484    0.43979    2.00000
   0.02340    0.05267    0.27429    0.32951    2.00000
   0.02891    0.04775    0.17010    0.24177    2.00000
   0.01944    0.03602    0.69163    0.48669    2.00000
   0.17426    0.28094    0.42949    0.43421    2.00000
   0.07539    0.20933    0.62085    0.58054    2.00000
   0.01955    0.04311    0.56474    0.36864    2.00000
   0.01574    0.04265    0.58253    0.39349    2.00000
   0.02722    0.11744    0.56408    0.45132    2.00000
   0.04237    0.18677    0.53633    0.51761    2.00000
   0.02967    0.06593    0.57220    0.61402    2.00000
   0.02546    0.05221    0.51477    0.60269    2.00000
   0.02736    0.05339    0.47108    0.64263    2.00000
   0.06265    0.08573    0.69213    0.79215    2.00000
   0.05833    0.06482    0.76163    0.75607    2.00000
   0.01929    0.02920    0.74429    0.89322    2.00000
   0.01799    0.05036    0.79839    0.52768    2.00000
   0.02305    0.02437    0.84356    0.47136    2.00000
   0.01163    0.02276    0.90524    0.50023    2.00000
   0.04505    0.07583    0.41685    0.71548    2.00000
   0.03483    0.05040    0.37232    0.79571    2.00000
   0.02366    0.06295    0.25356    0.62559    2.00000
   0.02330    0.04876    0.28505    0.59227    2.00000
   0.01950    0.04831    0.30037    0.52382    2.00000
   0.05722    0.04007    0.10687    0.47807    2.00000
   0.01754    0.03469    0.74673    0.66192    2.00000
   0.01799    0.05187    0.74198    0.55434    2.00000
   0.02361    0.04507    0.84756    0.26286    2.00000
   0.02241    0.07256    0.81695    0.29338    2.00000
