   0.24680    0.24826    0.28961    0.33452    2.00000
   0.30024    0.51786    0.46400    0.67483    2.00000
   0.13955    0.16281    0.20998    0.52654    2.00000
   0.16114    0.09779    0.94971    0.37308    2.00000
   0.20038    0.07503    0.64024    0.16319    2.00000
   0.23234    0.49985    0.47987    0.80577    4.00000
   0.24981    0.26923    0.84343    0.85878    1.00000
   0.12405    0.02899    0.43949    0.35597    2.00000
   0.08586    0.06058    0.21022    0.68328    2.00000
   0.16365    0.15184    0.87169    0.42944    2.00000
   0.16048    0.14958    0.87199    0.42861    0.00000
   0.08793    0.11965    0.82594    0.66552    0.00000
   0.07612    0.05832    0.57832    0.78525    0.00000
   0.05317    0.02644    0.28157    0.69275    2.00000
