   0.53226    0.34554    0.82664    0.71349    3.00000
   0.44951    0.21212    0.96412    0.78382    1.00000
   0.11630    0.47226    0.22582    0.75253    1.00000
   0.15421    0.21032    0.16896    0.24538    1.00000
   0.16567    0.34533    0.27917    0.59719    1.00000
   0.22442    0.40596    0.29053    0.60166    2.00000
   0.08581    0.22556    0.48483    0.67839    2.00000
   0.04800    0.11975    0.61265    0.60918    2.00000
   0.05954    0.18078    0.37337    0.49021    2.00000
   0.03379    0.18474    0.42121    0.64135    2.00000
   0.35038    0.21753    0.53064    0.74259    2.00000
   0.15883    0.50793    0.21438    0.68098    2.00000
   0.18610    0.15729    0.75219    0.75468    2.00000
