   0.15735    0.02954    0.42499    0.34746    5.00000
   0.14676    0.03082    0.44356    0.38765    5.00000
   0.24525    0.07875    0.41502    0.18539    5.00000
   0.25577    0.04261    0.54307    0.17521    5.00000
   0.13518    0.04734    0.96520    0.66753    5.00000
   0.13721    0.45510    0.26264    0.60708    1.00000
   0.25543    0.34070    0.42290    0.67380    1.00000
   0.36483    0.11375    0.43120    0.17481    4.00000
   0.16386    0.02732    0.68025    0.44154    0.00000
   0.16992    0.03745    0.71262    0.47027    0.00000
   0.17252    0.03346    0.79292    0.47823    0.00000
   0.17579    0.02668    0.85767    0.47578    0.00000
   0.21104    0.03295    0.82062    0.36191    0.00000
   0.23076    0.04035    0.78829    0.36932    0.00000
   0.24705    0.03275    0.63323    0.19856    0.00000
   0.22555    0.02246    0.68971    0.23730    0.00000
   0.21713    0.02072    0.69070    0.25990    0.00000
   0.20874    0.08694    0.86542    0.42533    0.00000
   0.12385    0.07901    0.81768    0.64047    0.00000
   0.21182    0.02427    0.88774    0.34868    0.00000
   0.23512    0.03599    0.53560    0.15830    0.00000
   0.15076    0.03552    0.62478    0.45028    5.00000
   0.07280    0.02811    0.49123    0.61852    5.00000
   0.14639    0.02566    0.50169    0.40620    5.00000
   0.19159    0.02108    0.61204    0.30013    5.00000
   0.18836    0.03419    0.48892    0.27468    5.00000
   0.22176    0.04186    0.82588    0.30777    5.00000
   0.22408    0.02775    0.79601    0.28159    5.00000
   0.16235    0.02601    0.75442    0.45137    5.00000
   0.17420    0.02292    0.75530    0.42526    5.00000
   0.17374    0.03977    0.78356    0.44194    5.00000
   0.17392    0.05432    0.81628    0.48426    5.00000
   0.20352    0.05998    0.79602    0.41879    5.00000
   0.13602    0.04077    0.86967    0.62931    5.00000
   0.27711    0.10213    0.75262    0.30568    4.00000
