   0.13523    0.22987    0.66462    0.84932    5.00000
   0.16762    0.15568    0.33602    0.66329    5.00000
   0.13468    0.09865    0.20117    0.59290    5.00000
   0.31372    0.21590    0.84639    0.40711    5.00000
   0.10771    0.18997    0.24790    0.79321    1.00000
   0.51863    0.36572    0.55221    0.38879    4.00000
   0.10095    0.06407    0.49176    0.58472    5.00000
   0.06966    0.03086    0.43602    0.59159    5.00000
   0.05925    0.03431    0.47357    0.67603    5.00000
   0.07771    0.04822    0.73109    0.67458    5.00000
   0.09051    0.08548    0.74383    0.73730    5.00000
   0.05189    0.04213    0.77841    0.82493    5.00000
   0.15138    0.15265    0.88769    0.58276    5.00000
   0.07150    0.03281    0.95832    0.65922    5.00000
   0.06420    0.03581    0.98033    0.69153    5.00000
   0.10199    0.03304    0.31142    0.35504    5.00000
   0.12356    0.04303    0.18073    0.25256    5.00000
