   0.24181    0.45806    0.46935    0.73067    4.00000
   0.12685    0.05708    0.53878    0.11209    0.00000
   0.15425    0.10626    0.50962    0.22368    0.00000
   0.18022    0.08684    0.31888    0.34088    0.00000
   0.07570    0.03712    0.70854    0.08320    0.00000
   0.03511    0.06596    0.05090    0.31881    0.00000
   0.06856    0.07844    0.24108    0.24195    0.00000
   0.08132    0.08254    0.10477    0.12942    0.00000
   0.08462    0.08171    0.16209    0.11952    0.00000
   0.11464    0.10640    0.21937    0.12280    0.00000
   0.05193    0.01946    0.19647    0.18654    0.00000
   0.06345    0.03103    0.28429    0.09054    0.00000
   0.07517    0.06436    0.33744    0.08147    0.00000
   0.07076    0.02578    0.31739    0.14352    0.00000
   0.07443    0.06732    0.30727    0.19201    0.00000
   0.05778    0.03103    0.33313    0.23337    0.00000
   0.06710    0.03141    0.39417    0.23770    0.00000
   0.05280    0.02134    0.38234    0.17242    0.00000
   0.06424    0.02540    0.42726    0.07656    0.00000
   0.05230    0.01736    0.41348    0.04595    0.00000
   0.06383    0.01312    0.48879    0.04239    0.00000
   0.05586    0.02698    0.65445    0.10730    0.00000
   0.07748    0.03171    0.51249    0.17109    0.00000
   0.06913    0.10661    0.56863    0.24109    0.00000
   0.04677    0.01751    0.67454    0.28746    0.00000
   0.04899    0.03817    0.70940    0.23349    0.00000
   0.05587    0.02690    0.83757    0.06771    0.00000
   0.05200    0.02863    0.87130    0.07189    0.00000
   0.05036    0.03434    0.94338    0.16213    0.00000
   0.06857    0.04080    0.92156    0.22230    0.00000
   0.05483    0.02893    0.97272    0.19241    0.00000
   0.10724    0.15523    0.94989    0.33632    0.00000
   0.03694    0.02292    0.91379    0.40133    0.00000
   0.06278    0.08783    0.82294    0.40905    0.00000
   0.04484    0.03066    0.88625    0.34389    0.00000
   0.02582    0.01931    0.41058    0.75109    0.00000
   0.06753    0.05786    0.20341    0.31272    0.00000
