   0.04305    0.07820    0.57693    0.32804    0.00000
   0.06303    0.13143    0.64254    0.32587    0.00000
   0.07405    0.08753    0.60331    0.43093    0.00000
   0.08378    0.09148    0.75559    0.80047    0.00000
   0.06211    0.05610    0.80595    0.73704    0.00000
   0.04679    0.06399    0.94551    0.62816    0.00000
   0.04872    0.06499    0.86769    0.81152    0.00000
   0.06592    0.05347    0.70613    0.62696    0.00000
   0.04269    0.04943    0.56482    0.59540    0.00000
   0.06590    0.04954    0.85964    0.08839    0.00000
   0.23543    0.18124    0.51757    0.28705    4.00000
   0.06021    0.05672    0.91107    0.73030    2.00000
   0.03694    0.04818    0.97683    0.74024    0.00000
   0.02112    0.01826    0.89855    0.65550    0.00000
   0.03337    0.07134    0.97425    0.53374    0.00000
   0.03482    0.03371    0.89154    0.17081    0.00000
   0.02510    0.02983    0.74404    0.64870    0.00000
   0.02708    0.03241    0.84792    0.69693    0.00000
   0.07565    0.05672    0.91107    0.73011    0.00000
