   0.19393    0.21371    0.81022    0.51366    0.00000
   0.21641    0.10924    0.87513    0.32867    0.00000
   0.21506    0.04067    0.70348    0.13150    0.00000
   0.16613    0.07036    0.49372    0.16572    0.00000
   0.14216    0.10608    0.24692    0.36469    0.00000
   0.15927    0.04960    0.42839    0.25618    0.00000
   0.14056    0.05454    0.54319    0.46364    0.00000
   0.10495    0.08809    0.45807    0.59651    0.00000
   0.08396    0.04599    0.27917    0.57264    0.00000
   0.08287    0.06213    0.24319    0.68619    0.00000
   0.12379    0.09833    0.74897    0.74006    0.00000
   0.09937    0.06553    0.80058    0.66249    0.00000
   0.07263    0.07493    0.92707    0.82440    0.00000
   0.10948    0.04584    0.66776    0.53079    0.00000
   0.10856    0.05756    0.62212    0.59700    0.00000
   0.09370    0.07570    0.59045    0.66808    0.00000
   0.15339    0.16203    0.67942    0.87068    5.00000
   0.27196    0.14208    0.43981    0.25457    4.00000
   0.06546    0.05863    0.93278    0.82746    2.00000
   0.06826    0.04809    0.96629    0.72467    2.00000
   0.03620    0.02995    0.69610    0.91633    2.00000
   0.11883    0.07551    0.74978    0.73882    2.00000
   0.07368    0.03792    0.80165    0.66379    2.00000
   0.13822    0.02553    0.21841    0.12801    2.00000
   0.15535    0.05745    0.92456    0.25723    2.00000
   0.06539    0.04419    0.59204    0.66430    2.00000
   0.15648    0.03080    0.68750    0.12396    2.00000
   0.13420    0.05565    0.84910    0.30681    2.00000
   0.08332    0.03088    0.80522    0.58957    2.00000
   0.15933    0.04529    0.90653    0.36182    2.00000
   0.20384    0.21865    0.81310    0.51587    2.00000
   0.11017    0.02785    0.54824    0.46305    2.00000
   0.08429    0.02826    0.62683    0.58950    2.00000
   0.09069    0.02435    0.66635    0.53099    2.00000
   0.11114    0.02538    0.69179    0.44498    2.00000
   0.12099    0.08694    0.36381    0.86683    5.00000
   0.04052    0.01890    0.59904    0.76148    2.00000
   0.10982    0.02502    0.71527    0.36804    0.00000
   0.11788    0.01746    0.81042    0.29587    0.00000
