   0.14714    0.15265    0.21436    0.17046    0.00000
   0.06472    0.09355    0.44928    0.52996    5.00000
   0.08578    0.11213    0.60864    0.47376    5.00000
   0.05863    0.14190    0.25720    0.53168    5.00000
   0.04685    0.06346    0.75115    0.31891    2.00000
   0.05696    0.06937    0.87114    0.84629    2.00000
   0.06366    0.14978    0.10191    0.17993    1.00000
   0.03220    0.18127    0.11103    0.81590    2.00000
   0.07014    0.09817    0.60439    0.46795    2.00000
   0.06935    0.14274    0.21517    0.17675    2.00000
   0.03858    0.10212    0.45632    0.77020    2.00000
   0.04299    0.11089    0.46905    0.88695    2.00000
   0.05696    0.13523    0.17388    0.92137    2.00000
   0.03104    0.10721    0.16762    0.92354    0.00000
   0.04931    0.11816    0.26265    0.53325    2.00000
   0.02144    0.08460    0.29636    0.53291    2.00000
