   0.13114    0.05038    0.83042    0.47133    0.00000
   0.10352    0.02844    0.86971    0.49904    0.00000
   0.11204    0.02529    0.77518    0.47976    0.00000
   0.09668    0.01879    0.73854    0.47124    0.00000
   0.10321    0.02635    0.70647    0.46709    0.00000
   0.09927    0.02442    0.65453    0.46701    0.00000
   0.10515    0.03155    0.67914    0.46843    0.00000
   0.07571    0.03391    0.55062    0.65355    0.00000
   0.03406    0.03097    0.66396    0.84914    0.00000
   0.03121    0.02710    0.63674    0.85576    0.00000
   0.03134    0.02725    0.60184    0.85073    0.00000
   0.02576    0.02844    0.57597    0.87015    0.00000
   0.02962    0.02324    0.56853    0.84555    0.00000
   0.02429    0.02103    0.58659    0.84334    0.00000
   0.03599    0.02518    0.70071    0.83096    0.00000
   0.02068    0.02354    0.82487    0.94566    0.00000
   0.05103    0.02503    0.63379    0.72338    0.00000
   0.05179    0.02354    0.65646    0.72406    0.00000
   0.06052    0.02949    0.69195    0.68111    0.00000
   0.07320    0.04433    0.39855    0.61502    0.00000
   0.05679    0.02131    0.37251    0.62946    0.00000
   0.06170    0.02697    0.46371    0.61416    0.00000
   0.07393    0.02652    0.52660    0.56422    0.00000
   0.11529    0.05142    0.55750    0.50953    0.00000
   0.09725    0.03867    0.51547    0.50772    0.00000
   0.08143    0.03915    0.48327    0.52946    0.00000
   0.04455    0.02636    0.33269    0.70752    0.00000
   0.02882    0.02207    0.31962    0.74422    0.00000
   0.05535    0.05191    0.27318    0.71408    0.00000
   0.04692    0.03470    0.28827    0.66867    0.00000
   0.05266    0.02027    0.27338    0.62342    0.00000
   0.12166    0.04760    0.36987    0.33112    0.00000
   0.10825    0.03440    0.39457    0.32488    0.00000
   0.12033    0.04388    0.32696    0.32894    0.00000
   0.11976    0.03824    0.34180    0.30540    0.00000
   0.12887    0.04165    0.35807    0.28579    0.00000
   0.17400    0.05997    0.25006    0.25575    0.00000
   0.12835    0.03512    0.29268    0.23972    0.00000
   0.13766    0.04211    0.53360    0.24801    0.00000
   0.16292    0.08072    0.46548    0.21696    0.00000
   0.13296    0.03231    0.43862    0.21215    0.00000
   0.06193    0.02830    0.21192    0.57019    0.00000
   0.05680    0.01954    0.74950    0.68950    0.00000
   0.06001    0.03990    0.76510    0.70127    0.00000
   0.06604    0.03216    0.20456    0.54820    0.00000
   0.06211    0.02400    0.22811    0.53883    0.00000
   0.06383    0.02504    0.24016    0.53902    0.00000
   0.06232    0.02413    0.94014    0.74228    0.00000
   0.15033    0.02979    0.62343    0.14475    0.00000
   0.14543    0.01804    0.61059    0.15513    0.00000
   0.12441    0.02235    0.30386    0.22362    0.00000
   0.11586    0.02103    0.32147    0.24403    0.00000
   0.12879    0.02487    0.32013    0.20922    0.00000
   0.12991    0.02415    0.56015    0.22005    0.00000
   0.10440    0.05554    0.63582    0.67814    4.00000
