   0.10782    0.20095    0.30246    0.71220    5.00000
   0.08264    0.05213    0.33261    0.10034    5.00000
   0.11625    0.06214    0.33372    0.15150    5.00000
   0.09501    0.07237    0.33468    0.21837    5.00000
   0.07010    0.06322    0.25439    0.30037    5.00000
   0.04557    0.03019    0.27527    0.25528    5.00000
   0.04471    0.02142    0.30167    0.26035    5.00000
   0.04342    0.03098    0.32375    0.27611    5.00000
   0.04648    0.02591    0.34536    0.27217    5.00000
   0.04915    0.03573    0.30182    0.29182    5.00000
   0.06682    0.03651    0.45734    0.18162    5.00000
   0.05608    0.03774    0.43087    0.23415    5.00000
   0.04372    0.02059    0.33131    0.30448    5.00000
   0.06323    0.05768    0.31131    0.35007    5.00000
   0.05269    0.04219    0.36007    0.34905    5.00000
   0.05353    0.04930    0.26811    0.37581    5.00000
   0.06466    0.05968    0.31338    0.42092    5.00000
   0.06418    0.06614    0.55213    0.58859    5.00000
   0.05624    0.05274    0.59653    0.66414    5.00000
   0.10196    0.03316    0.64521    0.45357    5.00000
   0.07958    0.05112    0.65621    0.49619    5.00000
   0.10530    0.12697    0.81659    0.54055    5.00000
   0.06555    0.06553    0.94740    0.68451    5.00000
   0.05400    0.05593    0.44123    0.58666    5.00000
   0.05943    0.04821    0.42977    0.50432    5.00000
   0.04399    0.04472    0.48338    0.53680    5.00000
   0.06593    0.06300    0.52370    0.33149    5.00000
   0.08566    0.06674    0.56497    0.30475    5.00000
   0.10199    0.06324    0.62650    0.25738    5.00000
   0.05219    0.04165    0.32732    0.85432    5.00000
   0.07164    0.03632    0.84123    0.72168    5.00000
   0.06686    0.05593    0.47048    0.26976    0.00000
   0.05776    0.13734    0.37124    0.57783    0.00000
   0.03290    0.04577    0.45695    0.88050    0.00000
   0.02844    0.03075    0.46968    0.92096    0.00000
   0.03464    0.03363    0.65792    0.88477    0.00000
   0.02426    0.03107    0.64336    0.80531    0.00000
   0.04810    0.05393    0.72024    0.64369    0.00000
   0.03775    0.03739    0.86249    0.57280    0.00000
   0.04302    0.05878    0.86378    0.61920    0.00000
   0.04640    0.06402    0.89924    0.53755    0.00000
   0.03614    0.02622    0.86437    0.68333    0.00000
   0.06391    0.05108    0.58947    0.50918    0.00000
   0.04538    0.04306    0.56478    0.54259    0.00000
   0.06554    0.05546    0.13695    0.08808    0.00000
   0.07810    0.07719    0.17963    0.09770    0.00000
   0.04638    0.03791    0.19259    0.53055    0.00000
   0.04718    0.05410    0.20944    0.70622    0.00000
   0.02828    0.02880    0.05415    0.45799    0.00000
   0.03432    0.03890    0.05733    0.51190    0.00000
   0.04640    0.02464    0.15602    0.45716    0.00000
   0.03621    0.03107    0.13898    0.47884    0.00000
   0.04706    0.03682    0.10595    0.42011    0.00000
   0.06660    0.05140    0.26305    0.19304    0.00000
   0.05137    0.03028    0.25244    0.14564    0.00000
   0.05620    0.02735    0.22155    0.25377    0.00000
   0.02565    0.01933    0.69911    0.61527    0.00000
   0.03127    0.02600    0.67425    0.70414    0.00000
   0.03282    0.02866    0.64311    0.68175    0.00000
   0.04823    0.03163    0.47607    0.43112    0.00000
   0.04049    0.04121    0.06582    0.58925    5.00000
   0.04724    0.04437    0.08248    0.64396    5.00000
   0.02696    0.02028    0.39163    0.95288    5.00000
   0.37879    0.19495    0.75387    0.51288    5.00000
   0.06589    0.05890    0.88629    0.46036    5.00000
   0.03715    0.02753    0.95847    0.48735    0.00000
   0.03443    0.02208    0.88413    0.46189    0.00000
   0.03706    0.01635    0.81340    0.55145    0.00000
   0.04397    0.02368    0.73749    0.51719    0.00000
   0.03145    0.02792    0.33317    0.74987    0.00000
   0.03760    0.01680    0.18127    0.32334    0.00000
   0.03974    0.01522    0.14781    0.33877    0.00000
   0.03549    0.02866    0.31993    0.59585    0.00000
   0.05895    0.14952    0.32117    0.52768    5.00000
   0.06073    0.05820    0.41833    0.63068    5.00000
   0.03210    0.02879    0.44157    0.74028    0.00000
   0.02391    0.02155    0.61593    0.84771    0.00000
   0.06256    0.03346    0.38610    0.10615    5.00000
   0.06976    0.03310    0.76282    0.16254    5.00000
   0.04715    0.02451    0.83270    0.42648    5.00000
   0.06024    0.03786    0.97489    0.57043    5.00000
   0.05279    0.04153    0.07081    0.41756    5.00000
   0.03815    0.01535    0.07112    0.42668    0.00000
   0.06013    0.06388    0.45589    0.47101    0.00000
