   0.32612    0.19490    0.82206    0.24181    5.00000
   0.14075    0.09597    0.77156    0.43054    5.00000
   0.07959    0.05908    0.87711    0.50179    5.00000
   0.09662    0.12288    0.94123    0.60163    5.00000
   0.13346    0.26926    0.52922    0.82714    5.00000
   0.13839    0.10627    0.26212    0.66036    5.00000
   0.21589    0.22588    0.84146    0.87182    1.00000
   0.04861    0.01721    0.60135    0.58438    5.00000
   0.05372    0.02869    0.39230    0.60071    5.00000
   0.08636    0.06038    0.60673    0.64525    5.00000
   0.04740    0.02516    0.63098    0.73267    5.00000
   0.05935    0.02465    0.84107    0.47532    5.00000
   0.40903    0.34914    0.54127    0.48393    4.00000
