   0.21419    0.41275    0.71030    0.42229    2.00000
   0.10082    0.28969    0.41837    0.64897    2.00000
   0.09788    0.26465    0.53435    0.84244    2.00000
   0.12331    0.14367    0.14512    0.87400    2.00000
   0.12539    0.11096    0.29108    0.92921    2.00000
   0.37948    0.28052    0.78269    0.82506    3.00000
   0.37352    0.29585    0.78535    0.83667    4.00000
   0.23106    0.39188    0.86957    0.70601    4.00000
   0.08273    0.05424    0.11180    0.06624    0.00000
   0.09216    0.14689    0.09690    0.20474    0.00000
   0.06975    0.09259    0.18057    0.15978    0.00000
   0.13272    0.21112    0.18454    0.32459    0.00000
   0.08329    0.14674    0.25776    0.15712    0.00000
   0.10181    0.29162    0.11780    0.57981    0.00000
   0.05036    0.07504    0.23381    0.54494    0.00000
   0.03723    0.13652    0.21938    0.64684    0.00000
   0.05775    0.03853    0.26809    0.44046    0.00000
   0.05501    0.05584    0.24759    0.49313    0.00000
   0.03832    0.05940    0.31689    0.32659    0.00000
   0.06644    0.05981    0.35542    0.25204    0.00000
   0.05371    0.05768    0.40073    0.20361    0.00000
   0.06620    0.08675    0.43689    0.14349    0.00000
   0.05556    0.05575    0.46818    0.08424    0.00000
   0.04049    0.17505    0.55979    0.44016    0.00000
   0.15409    0.10741    0.51847    0.31813    0.00000
   0.11036    0.15492    0.44259    0.40464    0.00000
   0.05942    0.04813    0.52899    0.21039    0.00000
   0.06192    0.03754    0.42127    0.04594    5.00000
   0.03621    0.07291    0.05178    0.58549    5.00000
   0.10264    0.14517    0.43889    0.40554    2.00000
   0.03091    0.16719    0.55894    0.43629    2.00000
   0.13478    0.10519    0.52043    0.32105    2.00000
   0.04595    0.03829    0.52625    0.20939    2.00000
   0.02427    0.09782    0.05718    0.79847    2.00000
   0.08819    0.24710    0.11559    0.58844    2.00000
   0.06489    0.08874    0.17292    0.47562    2.00000
