   0.13060    0.09918    0.75011    0.19122    2.00000
   0.10615    0.11138    0.88726    0.33115    2.00000
   0.20165    0.16163    0.71658    0.90562    2.00000
   0.08064    0.13180    0.28701    0.95758    2.00000
   0.06101    0.07532    0.83405    0.51526    2.00000
   0.03968    0.05038    0.90809    0.51714    2.00000
   0.04044    0.07959    0.48504    0.44918    5.00000
   0.06145    0.23053    0.11615    0.31266    1.00000
   0.04537    0.06361    0.78166    0.24904    2.00000
   0.04557    0.10303    0.82174    0.68645    2.00000
   0.08403    0.06866    0.87797    0.44079    2.00000
   0.05207    0.04358    0.81864    0.97871    2.00000
   0.05522    0.10733    0.29791    0.93394    2.00000
   0.05437    0.09994    0.28331    0.94910    0.00000
   0.02175    0.04281    0.74771    0.15743    0.00000
   0.02226    0.04218    0.84544    0.52582    0.00000
