   0.05284    0.06316    0.42531    0.50483    0.00000
   0.02781    0.04667    0.46461    0.50784    0.00000
   0.02618    0.03641    0.50602    0.50608    0.00000
   0.03306    0.05185    0.55980    0.48654    0.00000
   0.04400    0.05080    0.65157    0.40342    5.00000
   0.03191    0.06775    0.54344    0.65080    0.00000
   0.02810    0.06047    0.48733    0.66261    0.00000
   0.03296    0.04907    0.47820    0.69709    0.00000
   0.03019    0.05842    0.40750    0.68819    0.00000
   0.02123    0.04777    0.37020    0.53143    0.00000
   0.04387    0.09533    0.16935    0.59465    5.00000
   0.01976    0.05048    0.24634    0.26288    0.00000
   0.02668    0.06888    0.26233    0.24424    0.00000
   0.01760    0.04886    0.32842    0.24090    0.00000
   0.04938    0.07362    0.37168    0.20351    0.00000
   0.02201    0.04890    0.41655    0.28531    0.00000
   0.02198    0.04637    0.44002    0.25922    0.00000
   0.08440    0.07554    0.51674    0.29467    4.00000
   0.02856    0.04425    0.56977    0.33010    0.00000
   0.02633    0.07602    0.64821    0.28970    0.00000
   0.02881    0.06211    0.39329    0.12135    0.00000
   0.05922    0.05446    0.43724    0.10017    0.00000
   0.22112    0.03684    0.63039    0.06462    0.00000
   0.16212    0.29737    0.30607    0.84807    1.00000
   0.27426    0.18092    0.82033    0.89317    1.00000
   0.01669    0.04478    0.17469    0.60805    0.00000
   0.01522    0.04435    0.15893    0.58335    0.00000
   0.02607    0.02646    0.65304    0.40440    0.00000
   0.01858    0.06738    0.13749    0.38305    0.00000
   0.01304    0.04438    0.15289    0.33507    0.00000
   0.01160    0.03523    0.48276    0.36076    0.00000
   0.01648    0.02358    0.51075    0.36060    0.00000
   0.01731    0.02812    0.53869    0.35788    0.00000
   0.05139    0.10832    0.15164    0.36228    5.00000
   0.01456    0.03069    0.72504    0.62476    0.00000
