   0.16462    0.04650    0.57518    0.38938    0.00000
   0.16572    0.04361    0.58542    0.43431    0.00000
   0.18858    0.03602    0.45961    0.24082    0.00000
   0.19037    0.03757    0.39354    0.19478    0.00000
   0.15286    0.04017    0.32609    0.32079    0.00000
   0.20251    0.04277    0.60879    0.28088    0.00000
   0.25002    0.09492    0.78094    0.31099    5.00000
   0.20214    0.03492    0.84094    0.33762    5.00000
   0.09297    0.06848    0.63092    0.76509    0.00000
   0.09139    0.03535    0.61728    0.64594    0.00000
   0.10407    0.04213    0.66735    0.61831    0.00000
   0.08404    0.03538    0.58669    0.63007    0.00000
   0.13908    0.09385    0.59482    0.60222    4.00000
   0.16780    0.03385    0.55228    0.32560    0.00000
   0.16890    0.04653    0.49943    0.31745    0.00000
   0.15600    0.03713    0.63919    0.40393    0.00000
   0.17101    0.05415    0.65174    0.39491    0.00000
   0.18957    0.03882    0.61151    0.33710    0.00000
   0.18036    0.02096    0.66046    0.31178    0.00000
   0.16518    0.01945    0.68089    0.34507    0.00000
   0.19657    0.02160    0.84306    0.33620    0.00000
   0.20687    0.01309    0.89407    0.29567    0.00000
   0.19119    0.01353    0.80198    0.31874    0.00000
   0.19111    0.01483    0.81616    0.33028    0.00000
   0.09055    0.01659    0.21656    0.44171    5.00000
   0.17222    0.02840    0.78541    0.38244    5.00000
   0.16615    0.02270    0.79135    0.41830    5.00000
   0.07261    0.03578    0.64484    0.72372    5.00000
   0.02704    0.03230    0.67045    0.86756    5.00000
   0.19418    0.01266    0.39954    0.15782    0.00000
   0.14342    0.01463    0.51167    0.36556    0.00000
   0.14546    0.01419    0.52271    0.36465    0.00000
   0.13897    0.01485    0.52604    0.38793    0.00000
   0.14362    0.01485    0.48674    0.35766    0.00000
   0.15827    0.01659    0.42115    0.29380    0.00000
   0.20569    0.01397    0.57462    0.17778    0.00000
   0.19554    0.01134    0.54245    0.20589    0.00000
   0.20485    0.01331    0.52828    0.17520    0.00000
   0.19526    0.01899    0.45879    0.18069    0.00000
   0.13140    0.02532    0.63212    0.48337    0.00000
   0.11470    0.01965    0.63328    0.52406    0.00000
   0.12076    0.02728    0.55050    0.49535    0.00000
   0.17244    0.09295    0.57683    0.49817    0.00000
   0.05163    0.01812    0.81998    0.79870    5.00000
   0.09179    0.03337    0.61952    0.65108    5.00000
