   0.26403    0.30353    0.48809    0.55031    6.00000
   0.11229    0.03342    0.46541    0.50777    2.00000
   0.11843    0.02652    0.51298    0.49755    2.00000
   0.10658    0.04097    0.42231    0.52536    2.00000
   0.12750    0.08000    0.38074    0.48659    0.00000
   0.10446    0.04979    0.90186    0.69451    0.00000
   0.12556    0.06349    0.90484    0.69939    2.00000
   0.21429    0.19642    0.74189    0.49757    2.00000
   0.33800    0.24497    0.55817    0.45364    4.00000
   0.30789    0.13672    0.45399    0.27336    7.00000
   0.08941    0.02482    0.24137    0.51370    2.00000
   0.10125    0.03034    0.26999    0.51748    2.00000
   0.14392    0.04866    0.31802    0.51080    2.00000
   0.10276    0.03905    0.36700    0.51646    2.00000
   0.11561    0.03789    0.24017    0.43279    2.00000
   0.09993    0.02136    0.27170    0.46246    2.00000
   0.11420    0.03674    0.48646    0.52026    2.00000
   0.15201    0.07269    0.51359    0.47400    2.00000
   0.15980    0.07294    0.45821    0.47266    2.00000
   0.16206    0.08574    0.41512    0.47908    2.00000
   0.08899    0.04924    0.27301    0.57710    2.00000
