   0.27439    0.42981    0.52832    0.74176    3.00000
   0.20386    0.34802    0.86387    0.73378    5.00000
   0.14361    0.12050    0.84005    0.57735    0.00000
   0.19519    0.41202    0.32108    0.47085    5.00000
   0.11016    0.04629    0.17724    0.34767    0.00000
   0.15183    0.06634    0.28772    0.30771    0.00000
   0.08601    0.04717    0.14477    0.37642    0.00000
   0.10106    0.04685    0.17291    0.45096    0.00000
   0.11472    0.02540    0.85967    0.18644    0.00000
   0.10033    0.01870    0.85451    0.31028    0.00000
   0.08455    0.01479    0.85150    0.40502    0.00000
   0.06835    0.06041    0.16051    0.58202    0.00000
   0.16221    0.08253    0.18769    0.14794    2.00000
   0.12893    0.08023    0.16670    0.16170    2.00000
   0.10474    0.03987    0.86201    0.61180    2.00000
   0.13007    0.05164    0.87125    0.19008    2.00000
   0.05187    0.03356    0.49836    0.90649    2.00000
   0.17124    0.02301    0.61329    0.09212    2.00000
   0.10785    0.06125    0.34593    0.45454    2.00000
   0.10313    0.04266    0.28608    0.50965    2.00000
   0.07939    0.03327    0.29304    0.54678    2.00000
   0.11244    0.04567    0.27006    0.40898    2.00000
   0.09491    0.04936    0.77586    0.62333    2.00000
   0.09297    0.09838    0.20103    0.59823    2.00000
   0.12916    0.13580    0.24328    0.49177    2.00000
   0.12297    0.10877    0.19969    0.36630    2.00000
   0.16406    0.08695    0.28439    0.30673    2.00000
