   0.19187    0.39619    0.33328    0.69818    3.00000
   0.24075    0.04401    0.44874    0.13593    0.00000
   0.20662    0.03722    0.49358    0.15422    0.00000
   0.21456    0.03911    0.51089    0.15739    0.00000
   0.20296    0.02780    0.58706    0.18533    0.00000
   0.25667    0.12866    0.51816    0.23444    0.00000
   0.21137    0.08205    0.59750    0.27357    0.00000
   0.20165    0.05664    0.62898    0.32649    0.00000
   0.16104    0.03439    0.60101    0.34382    0.00000
   0.16144    0.02666    0.57582    0.33462    0.00000
   0.14246    0.03756    0.57470    0.37925    0.00000
   0.19977    0.08274    0.67657    0.38759    0.00000
   0.15092    0.05055    0.62244    0.48058    0.00000
   0.19172    0.08963    0.69470    0.46386    0.00000
   0.14381    0.04610    0.72192    0.49778    0.00000
   0.13231    0.04972    0.75062    0.52623    0.00000
   0.16451    0.06962    0.68672    0.53983    0.00000
   0.10637    0.03892    0.67660    0.58725    0.00000
   0.13669    0.13106    0.66457    0.66002    0.00000
   0.14515    0.08846    0.73173    0.60317    0.00000
   0.14611    0.11910    0.74986    0.71985    0.00000
   0.08756    0.03108    0.77258    0.66220    0.00000
   0.10320    0.04313    0.78923    0.63511    0.00000
   0.12500    0.04789    0.54936    0.49366    0.00000
   0.11355    0.05385    0.61378    0.55744    0.00000
   0.08482    0.05198    0.75536    0.78628    0.00000
   0.07196    0.05046    0.68762    0.74754    0.00000
   0.42016    0.27827    0.59160    0.79564    1.00000
   0.04448    0.04814    0.87570    0.93961    1.00000
   0.08497    0.14572    0.24814    0.66843    1.00000
   0.28116    0.37890    0.28769    0.38600    7.00000
   0.20630    0.20499    0.83217    0.68659    7.00000
   0.24111    0.19403    0.47821    0.42022    7.00000
   0.15124    0.08415    0.51005    0.53043    7.00000
   0.27672    0.05123    0.82959    0.26818    7.00000
   0.12349    0.05698    0.94921    0.68636    7.00000
   0.10470    0.01853    0.49466    0.49499    0.00000
   0.09636    0.01152    0.55274    0.53410    0.00000
   0.06482    0.01043    0.61020    0.66089    0.00000
   0.06670    0.02422    0.57687    0.66827    0.00000
   0.09001    0.02351    0.47471    0.56222    0.00000
   0.11268    0.03275    0.78015    0.59966    0.00000
   0.11208    0.02666    0.79722    0.58686    0.00000
   0.15440    0.02113    0.88158    0.47260    0.00000
   0.03173    0.02576    0.92808    0.91895    1.00000
   0.12772    0.06802    0.24489    0.41772    1.00000
   0.08664    0.21017    0.20986    0.54304    1.00000
   0.17204    0.10684    0.87754    0.60011    5.00000
   0.15874    0.02944    0.88087    0.47435    5.00000
   0.07773    0.04281    0.57419    0.66947    5.00000
   0.08852    0.04547    0.83620    0.77718    5.00000
   0.27517    0.08948    0.85706    0.31804    7.00000
   0.28159    0.17588    0.87890    0.48807    7.00000
   0.19727    0.13697    0.89885    0.59617    7.00000
   0.22977    0.20350    0.84660    0.70353    7.00000
   0.10601    0.07845    0.49274    0.62057    7.00000
   0.09507    0.25982    0.29346    0.65086    7.00000
