   0.20645    0.18952    0.47108    0.24158    2.00000
   0.09157    0.16889    0.12914    0.18312    2.00000
   0.06851    0.11310    0.79022    0.33365    2.00000
   0.03513    0.10012    0.95767    0.60271    2.00000
   0.04669    0.06341    0.70384    0.39739    2.00000
   0.04014    0.05925    0.50248    0.40234    2.00000
   0.04048    0.06398    0.52041    0.48429    2.00000
   0.19121    0.10619    0.71235    0.15295    2.00000
   0.02533    0.12015    0.97218    0.77926    2.00000
   0.11372    0.12435    0.91027    0.87510    1.00000
   0.23999    0.51658    0.39283    0.71953    4.00000
