   0.09842    0.26543    0.17591    0.35419    5.00000
   0.05297    0.13831    0.46723    0.31472    5.00000
   0.07468    0.16960    0.42597    0.53905    2.00000
   0.21822    0.33702    0.27857    0.58766    3.00000
   0.21432    0.27957    0.63032    0.53346    3.00000
   0.31384    0.27886    0.57066    0.82298    3.00000
   0.17146    0.18855    0.25699    0.24091    1.00000
   0.04518    0.06607    0.78007    0.67389    2.00000
   0.04905    0.06928    0.85515    0.71639    2.00000
   0.06032    0.10687    0.92686    0.75809    2.00000
   0.04921    0.16547    0.44934    0.69830    2.00000
   0.02296    0.09679    0.46537    0.31448    2.00000
