   0.05627    0.13692    0.23029    0.17597    2.00000
   0.35252    0.49506    0.39823    0.50702    4.00000
   0.23365    0.17994    0.86497    0.88175    1.00000
   0.26575    0.32363    0.42357    0.83239    6.00000
   0.04523    0.15472    0.06005    0.20929    2.00000
   0.02559    0.07801    0.48440    0.80378    0.00000
   0.02568    0.10082    0.43005    0.90937    0.00000
   0.02141    0.10898    0.41418    0.86169    2.00000
   0.03177    0.09669    0.50449    0.83787    2.00000
   0.03118    0.11682    0.42762    0.91669    2.00000
   0.01791    0.14029    0.05962    0.37322    2.00000
