   0.13973    0.14455    0.20496    0.20547    2.00000
   0.04132    0.16555    0.08711    0.35152    2.00000
   0.03582    0.10640    0.11008    0.17980    2.00000
   0.30278    0.08975    0.53432    0.94562    2.00000
   0.08044    0.27098    0.16458    0.82637    1.00000
   0.22616    0.16464    0.37202    0.54097    4.00000
   0.05529    0.19888    0.28394    0.35357    2.00000
   0.04720    0.09375    0.40485    0.36195    2.00000
   0.02944    0.19551    0.30777    0.35430    2.00000
   0.02776    0.09620    0.10488    0.29973    2.00000
   0.22951    0.59785    0.24066    0.60039    3.00000
