   0.29317    0.22973    0.38412    0.26387    2.00000
   0.14999    0.23517    0.35191    0.43193    2.00000
   0.07891    0.13899    0.21373    0.85138    2.00000
   0.05948    0.11779    0.27939    0.72848    2.00000
   0.03789    0.11886    0.38539    0.83648    2.00000
   0.04224    0.10158    0.37596    0.96295    2.00000
   0.05522    0.10231    0.37765    0.71309    2.00000
   0.07777    0.15333    0.13900    0.49861    2.00000
   0.07556    0.08186    0.74201    0.90755    5.00000
   0.06846    0.12559    0.54590    0.46703    5.00000
   0.03833    0.06042    0.95823    0.81247    5.00000
   0.03510    0.08313    0.21126    0.17666    5.00000
   0.02165    0.05129    0.59406    0.57723    5.00000
   0.02947    0.05806    0.60814    0.65395    5.00000
   0.02693    0.02987    0.87924    0.65407    5.00000
   0.01946    0.02442    0.93243    0.59480    5.00000
   0.02923    0.05462    0.61378    0.80099    5.00000
   0.03303    0.06018    0.55805    0.84946    5.00000
   0.04959    0.11509    0.13331    0.49748    5.00000
   0.01360    0.01838    0.95403    0.80560    0.00000
