   0.49814    0.45348    0.95013    0.92017    3.00000
   0.06950    0.13411    0.33216    0.26840    2.00000
   0.08379    0.13477    0.26145    0.44351    2.00000
   0.07701    0.10895    0.41328    0.15712    2.00000
   0.07567    0.08599    0.51289    0.14504    2.00000
   0.06032    0.10527    0.60982    0.36003    2.00000
   0.07189    0.09890    0.62055    0.42821    2.00000
   0.07523    0.12220    0.69245    0.49771    2.00000
   0.08446    0.11247    0.55019    0.67618    2.00000
   0.05966    0.09396    0.71580    0.87673    2.00000
