   0.20939    0.13415    0.38985    0.20483    2.00000
   0.04655    0.09592    0.53854    0.25182    2.00000
   0.04942    0.24442    0.14023    0.55816    2.00000
   0.03621    0.22686    0.18963    0.58745    2.00000
   0.05291    0.24513    0.19116    0.73522    2.00000
   0.03775    0.23536    0.21771    0.80882    2.00000
   0.02928    0.23991    0.11460    0.49075    2.00000
   0.04332    0.22927    0.18315    0.46762    2.00000
   0.18393    0.16264    0.79648    0.89961    1.00000
   0.44500    0.36422    0.55045    0.45616    4.00000
   0.03017    0.04724    0.95081    0.85135    0.00000
