   0.23886    0.11901    0.62691    0.26788    2.00000
   0.27512    0.09358    0.84453    0.22050    2.00000
   0.11880    0.13237    0.79100    0.76872    5.00000
   0.06890    0.04679    0.54365    0.77105    5.00000
   0.15168    0.06379    0.27545    0.53562    5.00000
   0.12818    0.07251    0.21978    0.50804    5.00000
   0.16278    0.09838    0.94487    0.46348    5.00000
   0.42960    0.26100    0.50868    0.38143    4.00000
   0.10869    0.03448    0.85715    0.51827    5.00000
   0.10830    0.03695    0.87074    0.49405    5.00000
   0.10033    0.03339    0.77241    0.57107    5.00000
   0.05048    0.03166    0.24890    0.71048    5.00000
   0.03643    0.01992    0.24897    0.73354    5.00000
   0.12458    0.03672    0.33335    0.35509    2.00000
   0.04554    0.01050    0.79588    0.79461    0.00000
   0.04193    0.01550    0.79835    0.81603    0.00000
   0.04205    0.00934    0.78088    0.77367    0.00000
   0.04646    0.01797    0.82028    0.76491    0.00000
   0.05593    0.01716    0.80640    0.73661    0.00000
