   0.13761    0.11262    0.38412    0.55438    0.00000
   0.50854    0.47518    0.61508    0.69714    4.00000
   0.15212    0.02191    0.28866    0.35465    0.00000
   0.12493    0.01409    0.36649    0.44320    0.00000
   0.12561    0.01946    0.37667    0.45374    0.00000
   0.14001    0.02197    0.50698    0.48993    0.00000
   0.11858    0.03675    0.49040    0.62498    0.00000
   0.09061    0.02293    0.44303    0.60907    0.00000
   0.07677    0.02194    0.48241    0.65457    0.00000
   0.06873    0.01800    0.46760    0.65154    0.00000
   0.07804    0.01998    0.51719    0.65822    0.00000
   0.07559    0.02241    0.58693    0.68523    0.00000
   0.06944    0.01412    0.55879    0.68428    0.00000
   0.07006    0.02048    0.58647    0.70953    0.00000
   0.11990    0.05885    0.54988    0.73264    0.00000
   0.05655    0.03072    0.57692    0.75980    0.00000
   0.05215    0.03265    0.51467    0.74331    0.00000
   0.05473    0.01949    0.48729    0.71221    0.00000
   0.05339    0.04286    0.46014    0.72228    0.00000
   0.04436    0.02141    0.42503    0.71323    0.00000
   0.03169    0.01995    0.43282    0.75291    0.00000
   0.02113    0.01902    0.44840    0.80601    0.00000
   0.07807    0.02824    0.28594    0.57610    0.00000
   0.07721    0.04959    0.25830    0.55481    0.00000
   0.05396    0.04810    0.24664    0.60626    0.00000
   0.07226    0.07746    0.26302    0.63755    0.00000
   0.05543    0.05021    0.37114    0.71217    0.00000
   0.03544    0.03510    0.34352    0.74281    0.00000
   0.05333    0.02635    0.30712    0.67689    0.00000
   0.03321    0.02529    0.32801    0.70913    0.00000
