4 0.6360266864343959 0.7435125115848007 0.1660489251297257 0.4833178869323448
0 0.4551519644180875 0.1577849860982391 0.8450704225352113 0.21733086190917517
1 0.18235730170496664 0.5189990732159407 0.11564121571534469 0.33364226135310476
1 0.10656041512231282 0.25949953660797037 0.004818383988139371 0.08526413345690456
1 0.04911045218680504 0.31232622798887855 0.007783543365455892 0.36515291936978683
1 0.06393624907338769 0.3626042632066728 0.019644180874722014 0.4972196478220574
1 0.07171979243884359 0.4884151992585728 0.07968865826538177 0.8989805375347544
1 0.09951816160118605 0.5020852641334569 0.1056338028169014 0.8836886005560705
1 0.10378057820607858 0.4789156626506024 0.15715344699777611 0.9189063948100092
1 0.11842105263157895 0.4962928637627433 0.16716085989621943 0.948100092678406
1 0.15993328391401038 0.5502780352177943 0.1553002223869533 0.6835032437442076
5 0.1497405485544848 0.30213160333642264 0.23721275018532245 0.5078776645041705
5 0.08636026686434395 0.28266913809082483 0.10155670867309118 0.43929564411492117
5 0.0924759080800593 0.3151065801668211 0.1389918458117124 0.5597775718257646
0 0.33209785025945143 0.10704355885078776 0.6197183098591549 0.16589434661723818
0 0.3302446256486286 0.13832252085264132 0.5418828762045961 0.14133456904541242
0 0.28650852483320977 0.12511584800741427 0.5344699777613047 0.17608897126969417
5 0.31245366938472946 0.1478220574606117 0.5774647887323944 0.2437442075996293
5 0.3647146034099333 0.21269694161260427 0.681986656782802 0.3697868396663577
0 0.2442550037064492 0.12604263206672844 0.4588584136397331 0.20018535681186284
0 0.0813565604151223 0.2694624652455978 0.11082283172720533 0.4555143651529194
0 0.09025203854707191 0.31139944392956437 0.14343958487768718 0.567191844300278
0 0.1430689399555226 0.2914735866543095 0.24166048925129724 0.5236329935125116
1 0.3124536693847294 0.5092678405931418 0.5240919199406968 0.933271547729379
