5 0.451171875 0.43603515625 0.81640625 0.7353515625
5 0.39990234375 0.22119140625 0.6396484375 0.2587890625
5 0.42236328125 0.19775390625 0.7001953125 0.1962890625
5 0.5 0.25439453125 0.7421875 0.1376953125
5 0.5166015625 0.27392578125 0.892578125 0.3486328125
5 0.47900390625 0.11669921875 0.8603515625 0.0966796875
5 0.34326171875 0.1025390625 0.5888671875 0.072265625
5 0.17578125 0.431640625 0.28125 0.77734375
5 0.0654296875 0.41943359375 0.052734375 0.7412109375
5 0.31103515625 0.4267578125 0.5166015625 0.759765625
5 0.33349609375 0.39794921875 0.5615234375 0.7138671875
5 0.3291015625 0.470703125 0.548828125 0.80859375
2 0.51513671875 0.166015625 0.9013671875 0.08203125
5 0.46142578125 0.46923828125 0.8408203125 0.8486328125
5 0.3818359375 0.3447265625 0.677734375 0.595703125
5 0.0595703125 0.33544921875 0.033203125 0.5576171875
5 0.03369140625 0.34228515625 0.0146484375 0.5634765625
5 0.31494140625 0.27880859375 0.5009765625 0.4599609375
5 0.3505859375 0.302734375 0.623046875 0.51953125
5 0.50830078125 0.35791015625 0.9267578125 0.6181640625
5 0.09716796875 0.10986328125 0.1279296875 0.1376953125
5 0.44091796875 0.3916015625 0.7919921875 0.705078125
5 0.39111328125 0.39990234375 0.7236328125 0.7333984375
5 0.39111328125 0.353515625 0.7314453125 0.65234375
5 0.375 0.5009765625 0.640625 0.923828125
5 0.208984375 0.4326171875 0.37109375 0.802734375
5 0.22021484375 0.462890625 0.3818359375 0.87109375
5 0.1953125 0.49365234375 0.328125 0.9287109375
5 0.099609375 0.3115234375 0.11328125 0.552734375
