6 0.3088235294117647 0.5434890656063618 0.19896193771626297 0.30566600397614313
0 0.27638408304498274 0.3173459244532803 0.490484429065744 0.5452286282306164
2 0.11397058823529413 0.29174950298210733 0.0670415224913495 0.48807157057654077
2 0.19312283737024222 0.33623260437375746 0.24610726643598613 0.5472166998011929
4 0.3170415224913495 0.31237574552683894 0.18771626297577856 0.213220675944334
2 0.39424740484429066 0.3874254473161034 0.40614186851211076 0.09294234592445327
2 0.48918685121107264 0.12599403578528826 0.8261245674740485 0.01540755467196818
1 0.2041522491349481 0.11779324055666004 0.08650519031141868 0.07057654075546721
2 0.293901384083045 0.12698807157057654 0.2746539792387543 0.06510934393638172
2 0.2906574394463668 0.1938369781312127 0.328719723183391 0.16500994035785285
0 0.4662629757785467 0.11481113320079524 0.8771626297577855 0.0506958250497018
0 0.2281574394463668 0.3342445328031809 0.42690311418685123 0.6108349900596421
0 0.24848615916955016 0.3312624254473161 0.46756055363321797 0.6167992047713717
2 0.21345155709342561 0.20601391650099404 0.3801903114186851 0.37027833001988075
2 0.19788062283737023 0.14314115308151093 0.013408304498269907 0.13518886679920478
2 0.3507785467128028 0.4438369781312127 0.6565743944636678 0.8399602385685885
5 0.23810553633217996 0.4507952286282306 0.43641868512110726 0.8459244532803181
5 0.3514273356401384 0.4475646123260437 0.652681660899654 0.8374751491053678
5 0.26448961937716264 0.49975149105367794 0.49264705882352944 0.9577534791252486
