4 0.44873046875 0.7177734375 0.2939453125 0.462890625
0 0.0830078125 0.09521484375 0.025390625 0.0302734375
0 0.0390625 0.17138671875 0.0078125 0.1982421875
0 0.1015625 0.22216796875 0.0234375 0.1982421875
0 0.146484375 0.1630859375 0.15234375 0.154296875
0 0.1826171875 0.15869140625 0.255859375 0.2119140625
0 0.05810546875 0.29296875 0.0029296875 0.421875
0 0.1533203125 0.24560546875 0.048828125 0.2763671875
0 0.12646484375 0.28076171875 0.1396484375 0.4091796875
1 0.5244140625 0.59375 0.783203125 0.171875
2 0.07177734375 0.08251953125 0.0302734375 0.0439453125
2 0.1748046875 0.15380859375 0.271484375 0.2177734375
2 0.1279296875 0.1259765625 0.216796875 0.205078125
2 0.06689453125 0.16845703125 0.0673828125 0.2705078125
2 0.2255859375 0.09375 0.404296875 0.1484375
0 0.22705078125 0.09716796875 0.3955078125 0.1435546875
