0 0.14584877687175687 0.24189063948100092 0.22498146775389177 0.38368860055607046
0 0.2301704966641957 0.133920296570899 0.38324684951816157 0.18257645968489342
0 0.23406226834692365 0.09360518999073217 0.4103039288361749 0.012974976830398513
0 0.20311341734618235 0.03591288229842447 0.3647146034099333 0.00417052826691381
0 0.18606375092661231 0.08294717330861909 0.3395107487027428 0.11770157553290084
0 0.17160859896219421 0.14272474513438368 0.30467012601927357 0.22242817423540312
0 0.1089696071163825 0.15361445783132532 0.17642698295033357 0.2571825764596849
0 0.12416604892512972 0.16102873030583875 0.20978502594514453 0.26830398517145504
1 0.5172349888806523 0.577386468952734 0.3628613787991104 0.5282669138090825
1 0.36100815418828763 0.5428637627432809 0.0429948109710897 0.7354031510658017
2 0.03057820607857672 0.5150602409638554 0.020385470719051148 0.8614457831325302
7 0.32561156412157155 0.29935125115848005 0.37694588584136396 0.21686746987951805
7 0.19440326167531505 0.25556070435588507 0.10266864343958487 0.20898980537534756
7 0.2292438843587843 0.1397126969416126 0.21386212008895478 0.02270620945319743
7 0.28465530022238694 0.11839666357738649 0.385470719051149 0.023632993512511594
4 0.3434025203854707 0.5518999073215941 0.21905114899925868 0.3345690454124189
4 0.12120088954781319 0.5192307692307692 0.06597479614529282 0.6584800741427247
