0 0.23758339510748702 0.0458758109360519 0.40400296515937734 0.02316960148285449
0 0.2466641957005189 0.050278035217794254 0.45329873980726465 0.03938832252085264
0 0.2664936990363232 0.032669138090824834 0.4885100074128984 0.0032437442075996317
0 0.25166790214974055 0.05213160333642262 0.4766493699036323 0.046802594995366084
0 0.27149740548554485 0.07298424467099165 0.4822090437361008 0.05885078776645041
0 0.2765011119347665 0.08781278962001852 0.4907338769458859 0.11816496756255791
0 0.2674203113417346 0.12998146431881372 0.4621942179392142 0.12465245597775719
0 0.27575982209043737 0.12279888785912883 0.5159377316530764 0.1788693234476367
0 0.33339510748702744 0.242354031510658 0.5467012601927353 0.247451343836886
0 0.320051890289103 0.2458294717330862 0.5852483320978502 0.4008341056533828
0 0.3341363973313566 0.22242817423540315 0.6163825055596739 0.38554216867469876
0 0.34395848776871757 0.2298424467099166 0.6434395848776872 0.4114921223354958
0 0.342290585618977 0.26830398517145504 0.6297257227575982 0.458758109360519
0 0.3543365455893254 0.23725671918443 0.6553002223869534 0.4448563484708063
0 0.36249073387694586 0.20736793327154773 0.6686434395848777 0.32020389249304915
0 0.3747220163083766 0.23656163113994438 0.687175685693106 0.35264133456904545
0 0.34710896960711635 0.18489341983317886 0.64529280948851 0.2882298424467099
1 0.13676797627872497 0.6144578313253012 0.08524833209785025 0.22798887859128825
5 0.08580429948109711 0.28012048192771083 0.1078576723498888 0.47312326227988877
5 0.1300963676797628 0.31209453197405007 0.22164566345441067 0.5593141797961075
5 0.14714603409933283 0.30838739573679336 0.23202372127501852 0.5444856348470807
5 0.28335804299481093 0.47219647822057464 0.4614529280948851 0.6663577386468953
5 0.3402520385470719 0.5037071362372567 0.5915492957746479 0.8850787766450416
5 0.36471460340993334 0.5 0.6345441067457376 0.8443002780352178
5 0.3359896219421794 0.3897126969416126 0.6141586360266864 0.7015755329008342
5 0.3356189770200148 0.44416126042632065 0.6252779836916235 0.8012048192771084
3 0.5724610822831727 0.6042632066728453 0.42883617494440324 0.05560704355885082
3 0.33506300963676794 0.5889712696941612 0.0681986656782802 0.1844300278035218
0 0.4154929577464789 0.06000926784059314 0.7301704966641958 0.03012048192771085
5 0.16493699036323203 0.29865616311399446 0.2557449962935508 0.4212233549582947
5 0.29633061527057075 0.513206672845227 0.48443291326908816 0.9059314179796107
5 0.2998517420311342 0.5018535681186284 0.5641215715344701 0.9629286376274329
5 0.40900667160859894 0.4652455977757182 0.7720533728687917 0.8822984244670992
5 0.3888065233506301 0.4789156626506024 0.7153446997776131 0.8855421686746988
5 0.44848035581912526 0.22265987025023168 0.7961452928094885 0.3433734939759036
5 0.42772424017790955 0.15083410565338276 0.8169014084507042 0.25162187210379977
5 0.3230170496664196 0.29981464318813716 0.6089696071163825 0.551436515291937
5 0.279466271312083 0.29842446709916587 0.5203854707190512 0.541241890639481
0 0.07913269088213491 0.26830398517145504 0.11527057079318012 0.49953660797034294
0 0.1608598962194218 0.33109360518999076 0.30392883617494443 0.6417979610750695
0 0.1729058561897702 0.10449490268767377 0.3235730170496664 0.16635773864689526
0 0.1651223128243143 0.12025023169601483 0.30504077094143806 0.1978683966635774
0 0.4414381022979985 0.40500463392029656 0.8532246108228316 0.7692307692307693
0 0.4512601927353595 0.3959684893419833 0.874351371386212 0.7567191844300277
0 0.48628613787991104 0.33943466172381836 0.9488510007412898 0.6325301204819277
0 0.4588584136397331 0.3443002780352178 0.8791697553743514 0.644114921223355
0 0.2650111193476649 0.3843836886005561 0.5092661230541141 0.7446709916589435
0 0.26575240919199405 0.4170528266913809 0.4870274277242401 0.7970342910101946
0 0.2659377316530764 0.40523632993512515 0.49777613046701263 0.7715477293790547
0 0.22257227575982208 0.4525023169601483 0.405114899925871 0.866079703429101
0 0.12694588584136396 0.3051436515291937 0.23165307635285395 0.5750695088044485
0 0.13732394366197184 0.29981464318813716 0.24944403261675316 0.5625579240037072
5 0.4836916234247591 0.3695551436515292 0.8962194217939213 0.6816496756255792
5 0.46108228317272054 0.35704355885078776 0.8865826538176428 0.6751621872103799
5 0.4866567828020756 0.38067655236329934 0.9347664936990363 0.7038924930491195
5 0.38713862120088954 0.34777571825764597 0.6808747220163084 0.5602409638554218
5 0.37101556708673095 0.42747914735866543 0.6738324684951816 0.7567191844300278
7 0.30985915492957744 0.3697868396663577 0.37064492216456635 0.32066728452270626
7 0.26186063750926614 0.3264596848934198 0.2553743513713862 0.3433734939759036
7 0.18421052631578946 0.3236793327154773 0.2112676056338028 0.4156626506024096
7 0.2883617494440326 0.5998609823911029 0.21497405485544846 0.38600556070435593
7 0.30670867309117866 0.5291936978683967 0.45181616011860637 0.8063021316033365
7 0.3484062268346924 0.5379981464318814 0.5189028910303929 0.6645041705282668
7 0.20218680504077094 0.5776181649675625 0.04114158636026688 0.2377201112140871
7 0.272238695329874 0.3285449490268767 0.01519644180874724 0.05838739573679336
7 0.5872868791697554 0.7124652455977758 0.42290585618977017 0.40824837812789616
