3 0.6969977761304671 0.7133920296570899 0.3836174944403262 0.4249304911955514
0 0.03131949592290586 0.1800278035217794 0.019644180874722018 0.27664504170528265
0 0.056523350630096364 0.19624652455977756 0.043365455893254266 0.30908248378127895
0 0.06430689399555226 0.2175625579240037 0.09154929577464789 0.35542168674698793
0 0.09377316530763528 0.2782669138090825 0.14010378057820608 0.46570898980537534
0 0.09507042253521127 0.31278962001853566 0.06708673091178649 0.47729379054680254
0 0.051334321719792436 0.3253012048192771 0.04781319495922906 0.5393883225208526
0 0.050037064492216454 0.3025949953660797 0.02594514455151964 0.4235403151065802
0 0.11693847294292067 0.42354031510658013 0.07227575982209043 0.6431881371640408
0 0.18031875463306155 0.4140407784986098 0.2939214232765011 0.73725671918443
0 0.17865085248332097 0.5347544022242817 0.24166048925129724 0.7692307692307692
0 0.20459599703484063 0.49026876737720115 0.3261675315048184 0.8619091751621872
0 0.2071905114899926 0.5125115848007414 0.2839140103780578 0.9026876737720111
0 0.2842846553002224 0.3514828544949027 0.3699036323202372 0.47868396663577384
0 0.3002223869532987 0.24884151992585726 0.5203854707190512 0.3938832252085264
0 0.29373610081541884 0.42145505097312325 0.46738324684951815 0.7001853568118629
0 0.2720533728687917 0.4242354031510658 0.4492216456634544 0.7354031510658017
0 0.27446256486286136 0.453660797034291 0.39621942179392144 0.7590361445783133
0 0.24017790956263899 0.40338276181649674 0.30244625648628615 0.6603336422613532
0 0.036693847294292065 0.32344763670064874 0.04373610081541883 0.6061167747914736
0 0.13028169014084506 0.4080166821130677 0.176056338028169 0.7548656163113995
