5 0.4189453125 0.3515625 0.666015625 0.5859375
5 0.40625 0.17333984375 0.4921875 0.1552734375
4 0.50537109375 0.46337890625 0.1259765625 0.0771484375
1 0.5546875 0.55029296875 0.625 0.6279296875
2 0.3486328125 0.15380859375 0.634765625 0.2412109375
2 0.52783203125 0.16943359375 0.8017578125 0.2333984375
2 0.4072265625 0.34521484375 0.689453125 0.6005859375
2 0.43994140625 0.189453125 0.7197265625 0.22265625
2 0.2939453125 0.27001953125 0.556640625 0.4970703125
2 0.31982421875 0.29443359375 0.5966796875 0.5224609375
2 0.341796875 0.306640625 0.62109375 0.51953125
2 0.43212890625 0.42578125 0.7353515625 0.71875
5 0.4609375 0.458984375 0.7109375 0.68359375
