5 0.5634765625 0.17578125 0.517578125 0.0078125
5 0.33544921875 0.34033203125 0.5107421875 0.4814453125
5 0.32275390625 0.55810546875 0.4619140625 0.5185546875
5 0.19580078125 0.39111328125 0.1376953125 0.5751953125
4 0.45166015625 0.36083984375 0.0087890625 0.0556640625
1 0.54150390625 0.5478515625 0.6572265625 0.650390625
2 0.42822265625 0.06494140625 0.7744140625 0.0791015625
2 0.31201171875 0.5 0.5185546875 0.640625
2 0.1474609375 0.38671875 0.208984375 0.59375
2 0.05908203125 0.47412109375 0.0283203125 0.8349609375
5 0.0966796875 0.357421875 0.123046875 0.64453125
5 0.4580078125 0.2802734375 0.876953125 0.505859375
5 0.49658203125 0.314453125 0.8955078125 0.47265625
2 0.20654296875 0.3134765625 0.3623046875 0.556640625
2 0.32861328125 0.2890625 0.5361328125 0.5390625
2 0.32177734375 0.31884765625 0.5615234375 0.5556640625
2 0.08056640625 0.490234375 0.1103515625 0.91796875
