2 0.123046875 0.7021484375 0.07421875 0.291015625
2 0.25830078125 0.13330078125 0.4423828125 0.1142578125
2 0.27880859375 0.18212890625 0.4912109375 0.2197265625
2 0.49951171875 0.49853515625 0.7607421875 0.6572265625
2 0.36767578125 0.384765625 0.5986328125 0.60546875
2 0.45361328125 0.28857421875 0.7392578125 0.4013671875
2 0.3779296875 0.53759765625 0.490234375 0.7587890625
2 0.1337890625 0.54638671875 0.037109375 0.6748046875
2 0.111328125 0.3095703125 0.05078125 0.478515625
2 0.26123046875 0.30224609375 0.1279296875 0.2568359375
4 0.56884765625 0.640625 0.5400390625 0.375
4 0.2919921875 0.1650390625 0.189453125 0.107421875
3 0.46435546875 0.666015625 0.1455078125 0.00390625
2 0.25439453125 0.2587890625 0.4423828125 0.384765625
2 0.224609375 0.1572265625 0.38671875 0.228515625
2 0.19970703125 0.42626953125 0.2939453125 0.7001953125
