2 0.443359375 0.4599609375 0.76953125 0.740234375
2 0.4072265625 0.15869140625 0.736328125 0.2353515625
2 0.3349609375 0.23095703125 0.560546875 0.3642578125
5 0.15185546875 0.18359375 0.2294921875 0.2578125
1 0.08056640625 0.46875 0.0478515625 0.8359375
2 0.244140625 0.42822265625 0.39453125 0.7822265625
4 0.54541015625 0.1904296875 0.6884765625 0.095703125
2 0.41455078125 0.43505859375 0.7236328125 0.7021484375
2 0.43798828125 0.38818359375 0.7548828125 0.6787109375
2 0.12890625 0.26611328125 0.203125 0.4423828125
0 0.23779296875 0.251953125 0.4404296875 0.43359375
