2 0.03280207561156412 0.5185356811862836 0.021868050407709415 0.8591288229842446
0 0.32968865826538174 0.24212233549582948 0.6104521868050408 0.4267840593141798
0 0.33876945885841364 0.24096385542168675 0.6449221645663455 0.4300278035217794
0 0.3335804299481097 0.30908248378127895 0.5989621942179392 0.5699721964782206
0 0.2913269088213491 0.3162650602409639 0.5500370644922165 0.608433734939759
0 0.2972572275759822 0.3294717330861909 0.553002223869533 0.6181649675625579
0 0.3028169014084507 0.34151992585727525 0.56412157153447 0.6348470806302132
0 0.3083765752409192 0.36677479147358666 0.575240919199407 0.6575532900834106
0 0.28891771682727946 0.36770157553290084 0.5496664195700519 0.6779425393883225
0 0.27205337286879167 0.4617701575532901 0.5114899925871016 0.8623725671918443
0 0.2961452928094885 0.4881835032437442 0.5537435137138621 0.8632993512511585
0 0.29336545589325425 0.5064874884151993 0.5170496664195701 0.9536607970342911
0 0.24258710155670868 0.4582947173308619 0.4243884358784285 0.8758109360519
0 0.2950333580429948 0.2201112140871177 0.5455893254262416 0.3883225208526413
0 0.280763528539659 0.22659870250231698 0.5037064492216456 0.40500463392029656
0 0.27205337286879167 0.12418906394810009 0.5055596738324685 0.20759962928637626
0 0.2831727205337287 0.14202965708989806 0.49518161601186067 0.2303058387395737
5 0.2698295033358043 0.34036144578313254 0.49221645663454405 0.6158480074142725
5 0.2750185322461082 0.22405004633920297 0.5055596738324685 0.3980537534754402
1 0.10878428465530021 0.46130676552363303 0.07153446997776129 0.10240963855421686
7 0.34210526315789475 0.45389249304911955 0.4262416604892513 0.5129749768303985
7 0.4342105263157895 0.3927247451343837 0.6237954040029652 0.5574606116774792
7 0.33784284655300223 0.5430954587581094 0.3865826538176427 0.7191844300278035
0 0.34377316530763524 0.22103799814643188 0.6415863602668643 0.39017608897126965
0 0.25500370644922166 0.02432808155699722 0.48035581912527797 0.0023169601482854497
0 0.29225352112676056 0.050278035217794254 0.5622683469236472 0.054216867469879526
0 0.27983691623424756 0.08039851714550508 0.5270570793180134 0.0959221501390176
0 0.26389918458117123 0.332483781278962 0.5129725722757599 0.6334569045412418
