2 0.36328125 0.16455078125 0.4375 0.0986328125
2 0.50048828125 0.09814453125 0.6611328125 0.0341796875
5 0.43896484375 0.45263671875 0.6787109375 0.6279296875
5 0.26171875 0.4345703125 0.421875 0.775390625
5 0.134765625 0.32861328125 0.05078125 0.5439453125
5 0.087890625 0.32568359375 0.01953125 0.5068359375
5 0.51806640625 0.240234375 0.8681640625 0.27734375
4 0.4296875 0.302734375 0.0703125 0.12890625
5 0.4365234375 0.2490234375 0.802734375 0.427734375
5 0.44189453125 0.2353515625 0.8251953125 0.392578125
5 0.388671875 0.28759765625 0.69921875 0.5087890625
5 0.076171875 0.42236328125 0.09765625 0.7783203125
5 0.0693359375 0.43017578125 0.107421875 0.8173828125
2 0.1318359375 0.20751953125 0.185546875 0.3408203125
0 0.390625 0.40478515625 0.7421875 0.7900390625
0 0.392578125 0.419921875 0.74609375 0.80859375
0 0.3779296875 0.39404296875 0.732421875 0.7685546875
0 0.40283203125 0.3896484375 0.7783203125 0.740234375
0 0.3974609375 0.37353515625 0.755859375 0.7119140625
