2 0.26118760757314974 0.5005617977528091 0.01807228915662651 0.8797752808988765
2 0.4578313253012048 0.49719101123595505 0.5507745266781411 0.8730337078651685
2 0.4130808950086059 0.5039325842696629 0.5714285714285714 0.9584269662921348
2 0.46686746987951805 0.08820224719101125 0.8270223752151463 0.010112359550561792
2 0.10154905335628228 0.08202247191011236 0.024096385542168683 0.020224719101123584
2 0.26506024096385544 0.3230337078651685 0.46127366609294324 0.5426966292134832
2 0.24612736660929432 0.24325842696629213 0.39586919104991397 0.37415730337078656
2 0.09466437177280551 0.3089887640449438 0.09982788296041308 0.5011235955056179
2 0.12736660929432014 0.20393258426966293 0.15834767641996556 0.2865168539325843
2 0.45395869191049915 0.3129213483146067 0.8218588640275387 0.5224719101123596
