0 0.4338398813936249 0.40384615384615385 0.768346923647146 0.6946246524559778
0 0.3984432913269088 0.36376274328081554 0.6604892512972573 0.6682113067655236
0 0.4436619718309859 0.5152919369786839 0.49592290585618976 0.8860055607043559
0 0.37453669384729427 0.4469416126042632 0.6793921423276501 0.8215940685820203
0 0.3623054114158636 0.42446709916589437 0.6312083024462565 0.7636700648748841
1 0.1399184581171238 0.7465245597775718 0.09229058561897703 0.48656163113994433
5 0.25704225352112675 0.22080630213160335 0.41475166790214973 0.28776645041705284
5 0.29670126019273535 0.13785912882298423 0.544477390659748 0.20713623725671917
5 0.30652335063009634 0.09754402224281741 0.5744996293550778 0.133920296570899
5 0.3093031875463306 0.07089898053753475 0.5815418828762046 0.08989805375347545
5 0.2444403261675315 0.3568118628359592 0.36879169755374347 0.3985171455050973
5 0.27687175685693105 0.3595922150139018 0.44996293550778355 0.48563484708063026
5 0.28372868791697553 0.22567191844300277 0.49777613046701263 0.2882298424467099
5 0.31022979985174204 0.22196478220574606 0.5463306152705707 0.27340129749768305
5 0.31949592290585616 0.18234476367006486 0.5618977020014826 0.2516218721037998
5 0.31912527798369167 0.1556997219647822 0.5878428465530022 0.21872103799814646
5 0.3558191252779837 0.15037071362372567 0.6315789473684211 0.12094531974050048
5 0.3810229799851742 0.13368860055607043 0.6849518161601187 0.10982391102873029
5 0.3630467012601928 0.0778498609823911 0.6653076352853966 0.06672845227062094
5 0.3689770200148258 0.03544949026876738 0.6415863602668643 0.023632993512511583
5 0.26779095626389915 0.1401760889712697 0.4392142327650111 0.14133456904541242
5 0.2798369162342476 0.126274328081557 0.4974054855448481 0.12835959221501392
5 0.2948480355819125 0.12488415199258572 0.5348406226834692 0.12928637627432807
5 0.2668643439584878 0.1448100092678406 0.5040770941438102 0.2099165894346617
5 0.2505559673832468 0.1705282669138091 0.4269829503335804 0.25949953660797037
5 0.248702742772424 0.08132530120481928 0.44996293550778355 0.09406858202038923
5 0.25611564121571534 0.07645968489341984 0.47961452928094883 0.08989805375347544
5 0.25908080059303185 0.0917516218721038 0.4855448480355819 0.12789620018535683
5 0.2422164566345441 0.2513901760889713 0.4266123054114158 0.3860055607043559
5 0.2729799851742031 0.2910101946246525 0.455522609340252 0.3410565338276182
5 0.3217197924388436 0.24837812789620017 0.58117123795404 0.4040778498609824
5 0.33580429948109713 0.31927710843373497 0.5352112676056338 0.4828544949026877
5 0.13769458858413638 0.6123725671918443 0.14047442550037065 0.31093605189990736
5 0.08673091178650852 0.2082947173308619 0.09933283914010377 0.2961075069508804
5 0.07839140103780579 0.24096385542168675 0.1048925129725723 0.3818350324374421
5 0.09229058561897702 0.26019462465245596 0.12824314306893997 0.37395736793327156
5 0.1267605633802817 0.21107506950880445 0.19421793921423275 0.2571825764596849
5 0.11397331356560415 0.23007414272474513 0.17309117865085247 0.29518072289156627
5 0.427353595255745 0.14990732159406858 0.8072646404744255 0.23123262279888784
5 0.1595626389918458 0.39179796107506953 0.25833951074870276 0.7001853568118629
5 0.15789473684210525 0.5020852641334569 0.2683469236471461 0.9318813716404077
5 0.20533728687916977 0.5069508804448564 0.34544106745737585 0.9101019462465245
4 0.6486286137879911 0.6200185356811863 0.09043736100815414 0.2687673772011121
0 0.2379540400296516 0.18072289156626506 0.4521868050407709 0.3354958294717331
0 0.24722016308376574 0.18582020389249304 0.46775389177168275 0.33456904541241894
0 0.08765752409191993 0.1376274328081557 0.15011119347664936 0.24559777571825767
0 0.07561156412157152 0.19392956441149212 0.12157153446997775 0.3229842446709916
0 0.10433654558932542 0.3542632066728452 0.18939955522609342 0.6844300278035217
0 0.09840622683469237 0.36306765523632994 0.17457375833951075 0.6983317886932344
0 0.10656041512231283 0.4158943466172382 0.17012601927353596 0.7224281742354032
0 0.09785025945144551 0.4207599629286376 0.17790956263899182 0.8081556997219648
0 0.12101556708673092 0.5053290083410565 0.18124536693847293 0.9569045412418906
0 0.09210526315789473 0.23239110287303058 0.16790214974054854 0.4369786839666358
0 0.10452186805040771 0.1654309545875811 0.17939214232765013 0.2715477293790547
