0 0.1689453125 0.24267578125 0.095703125 0.2783203125
0 0.28466796875 0.43310546875 0.4091796875 0.6435546875
0 0.29638671875 0.52880859375 0.3310546875 0.7880859375
0 0.3359375 0.43115234375 0.4921875 0.5771484375
0 0.4130859375 0.3359375 0.599609375 0.4765625
5 0.1640625 0.080078125 0.1171875 0.01953125
0 0.3212890625 0.22607421875 0.400390625 0.3544921875
0 0.271484375 0.29345703125 0.45703125 0.5283203125
5 0.47314453125 0.27294921875 0.8408203125 0.4091796875
5 0.40673828125 0.22021484375 0.7392578125 0.3505859375
5 0.4072265625 0.265625 0.697265625 0.40625
5 0.34765625 0.48779296875 0.578125 0.8544921875
5 0.076171875 0.15966796875 0.06640625 0.2138671875
5 0.0390625 0.2509765625 0.0 0.408203125
5 0.47998046875 0.21728515625 0.7529296875 0.1962890625
1 0.43359375 0.103515625 0.25 0.05859375
5 0.1572265625 0.37939453125 0.212890625 0.6376953125
5 0.10986328125 0.4404296875 0.1376953125 0.779296875
0 0.32421875 0.474609375 0.6171875 0.91015625
0 0.1201171875 0.037109375 0.208984375 0.05078125
0 0.119140625 0.056640625 0.20703125 0.07421875
0 0.19091796875 0.27197265625 0.3388671875 0.5009765625
0 0.2099609375 0.265625 0.388671875 0.5
5 0.2275390625 0.28662109375 0.306640625 0.4443359375
5 0.16943359375 0.2900390625 0.3037109375 0.525390625
5 0.189453125 0.32080078125 0.32421875 0.5908203125
5 0.35302734375 0.4755859375 0.6630859375 0.896484375
5 0.177734375 0.4677734375 0.30859375 0.896484375
5 0.4287109375 0.466796875 0.794921875 0.86328125
5 0.390625 0.49560546875 0.7265625 0.9482421875
0 0.44384765625 0.1591796875 0.8447265625 0.271484375
0 0.44091796875 0.17919921875 0.8544921875 0.3232421875
0 0.44091796875 0.24609375 0.8623046875 0.46875
0 0.388671875 0.24755859375 0.74609375 0.4521484375
0 0.3896484375 0.232421875 0.748046875 0.43359375
0 0.2763671875 0.30615234375 0.521484375 0.5849609375
0 0.29541015625 0.31640625 0.5478515625 0.59375
2 0.49853515625 0.44775390625 0.9541015625 0.8291015625
