1 0.5290956263899185 0.5922150139017609 0.027798369162342462 0.3873957367933272
1 0.5854336545589325 0.5593141797961074 0.3984432913269088 0.6107506950880445
1 0.5107487027427724 0.41543095458758106 0.9177168272794662 0.4063948100092678
4 0.5932171979243884 0.3846153846153846 0.3836174944403261 0.25023169601482853
4 0.5426241660489252 0.21269694161260427 0.7175685693106004 0.1380908248378128
3 0.5965530022238695 0.4877201112140871 0.36434395848776874 0.008804448563484668
5 0.08080059303187545 0.3269230769230769 0.025203854707190512 0.43697868396663575
0 0.0893254262416605 0.4369786839666358 0.09859154929577466 0.7738646895273401
5 0.3091178650852483 0.24629286376274329 0.4551519644180875 0.37581093605189986
5 0.3402520385470719 0.24837812789620017 0.5470719051148999 0.36700648748841525
5 0.46145292809488514 0.1464318813716404 0.7449962935507783 0.08526413345690453
5 0.5554114158636027 0.34522706209453197 0.617123795404003 0.01575532900834109
5 0.4801704966641957 0.4107970342910102 0.4785025945144551 0.2859128822984245
5 0.15270570793180133 0.11561631139944394 0.24017790956263896 0.11816496756255793
5 0.19940696812453668 0.06626506024096385 0.23276501111934766 0.004633920296570906
5 0.2563009636767976 0.08178869323447636 0.4429206819866568 0.05792400370713623
