4 0.22621107266435986 0.18613320079522863 0.045847750865051884 0.11083499005964215
6 0.3226643598615917 0.536779324055666 0.2093425605536332 0.2345924453280318
2 0.2240484429065744 0.3193339960238568 0.3304498269896194 0.5333001988071571
2 0.2179930795847751 0.3779821073558648 0.3529411764705882 0.598906560636183
2 0.18490484429065743 0.37624254473161034 0.2054498269896194 0.5775347912524851
2 0.1892301038062284 0.46371769383697814 0.19333910034602078 0.6332007952286283
7 0.4818339100346021 0.5149105367793241 0.07785467128027679 0.2544731610337972
2 0.21280276816608998 0.31411530815109345 0.19377162629757788 0.4493041749502982
2 0.2530276816608997 0.286530815109344 0.3088235294117647 0.40009940357852886
2 0.2506487889273356 0.2803180914512922 0.44074394463667815 0.49701789264413515
2 0.16198096885813149 0.4003479125248509 0.04541522491349481 0.3851888667992048
