2 0.7472201630837658 0.747914735866543 0.4951816160118606 0.494902687673772
0 0.19977761304670125 0.18257645968489342 0.2750185322461082 0.18721037998146434
0 0.13917716827279467 0.17747914735866543 0.21460340993328392 0.15848007414272472
0 0.16660489251297256 0.267840593141798 0.24277242401779095 0.1093605189990732
0 0.13287620459599703 0.3405931417979611 0.00037064492216457023 0.06024096385542166
0 0.11045218680504076 0.31371640407784984 0.019273535952557444 0.46802594995366076
0 0.13232023721275019 0.13577386468952735 0.1519644180874722 0.02316960148285449
0 0.15140845070422534 0.06742354031510658 0.2301704966641957 0.06626506024096385
0 0.11489992587101557 0.19601482854494903 0.19421793921423278 0.2993512511584801
0 0.15122312824314307 0.26274328081556997 0.19570051890289103 0.38090824837812787
0 0.18198665678280207 0.21316033364226133 0.29280948851000743 0.31510658016682114
2 0.2818754633061527 0.3398980537534754 0.4762787249814678 0.5518999073215941
2 0.3039288361749444 0.2537071362372567 0.4477390659747961 0.3053753475440223
2 0.3211638250555967 0.18049119555143653 0.3621200889547813 0.21084337349397592
2 0.21571534469977763 0.28776645041705284 0.34544106745737585 0.4643188137164041
2 0.18383988139362492 0.2613531047265987 0.28169014084507044 0.448563484708063
2 0.15770941438102298 0.2710843373493976 0.2338769458858414 0.4569045412418906
2 0.2325796886582654 0.23934198331788695 0.3332097850259451 0.3359592215013902
2 0.21312083024462566 0.11793327154772938 0.3194959229058562 0.1190917516218721
2 0.15029651593773166 0.07993512511584801 0.24573758339510748 0.11353104726598703
2 0.11212008895478132 0.28568118628359596 0.17531504818383986 0.510194624652456
2 0.22664936990363233 0.21223354958294716 0.30948851000741284 0.2242817423540315
2 0.18217197924388434 0.21153846153846154 0.29466271312083026 0.3137164040778499
2 0.10674573758339512 0.17863762743280814 0.16901408450704225 0.26274328081556997
2 0.13565604151223126 0.2659870250231696 0.19718309859154928 0.37256719184430026
