0 0.36304670126019273 0.30583873957367935 0.6593773165307636 0.46709916589434664
0 0.35711638250555966 0.3303985171455051 0.650481838398814 0.5532900834105653
0 0.34321719792438843 0.293790546802595 0.6182357301704966 0.4467099165894346
0 0.3400667160859896 0.37094531974050043 0.5867309117865085 0.4582947173308619
0 0.29799851742031136 0.2541705282669138 0.5544848035581913 0.43234476367006486
0 0.2878057820607858 0.22590361445783133 0.5207561156412157 0.3758109360518999
0 0.28224610822831725 0.2541705282669138 0.5214974054855449 0.4397590361445783
0 0.28706449221645663 0.28174235403151066 0.5163083765752409 0.4670991658943466
0 0.27057079318013344 0.24814643188137164 0.49369903632320233 0.44624652455977754
0 0.2637138621200889 0.2731696014828545 0.48443291326908816 0.48146431881371643
0 0.2381393624907339 0.36607970342910107 0.41252779836916237 0.6468952734012975
0 0.2909562638991846 0.32506950880444857 0.5374351371386212 0.5963855421686747
0 0.28984432913269087 0.34870250231696015 0.5322461082283172 0.628822984244671
0 0.24814677538917718 0.34661723818350326 0.3791697553743514 0.37071362372567196
0 0.2123795404002965 0.2432808155699722 0.38621200889547813 0.386468952734013
0 0.22461082283172723 0.3507877664504171 0.4017790956263899 0.6088971269694161
0 0.3539659006671608 0.09545875810936051 0.6693847294292068 0.1464318813716404
0 0.3739807264640474 0.07460611677479147 0.7153446997776131 0.1010194624652456
0 0.13287620459599703 0.2740963855421687 0.22868791697553745 0.4907321594068582
0 0.12490733876945886 0.3021316033364226 0.19644180874722017 0.5375347544022243
0 0.12750185322461083 0.3123262279888786 0.2134914751667902 0.5764596848934199
0 0.13343217197924387 0.3174235403151066 0.23721275018532245 0.5347544022242817
0 0.14343958487768715 0.31974050046339203 0.24833209785025942 0.5060240963855421
0 0.15492957746478872 0.37349397590361444 0.268346923647146 0.706209453197405
0 0.14381022979985175 0.34244670991658943 0.2520385470719051 0.6367006487488416
0 0.1506671608598962 0.35078776645041704 0.2731653076352854 0.6274328081556998
0 0.1653076352853966 0.3637627432808156 0.28317272053372866 0.6200185356811863
0 0.1840252038547072 0.3433734939759036 0.3369162342475908 0.6459684893419834
0 0.14566345441067458 0.10588507877664505 0.22905856189770202 0.1468952734012975
0 0.32190511489992585 0.05305838739573679 0.5919199406968124 0.03753475440222428
0 0.28910303928836173 0.03429101019462465 0.5426241660489252 0.012974976830398516
0 0.2857672349888807 0.013670064874884152 0.5240919199406968 0.007877664504170528
0 0.312824314306894 0.27062094531974046 0.5871015567086731 0.48563484708063015
0 0.4545959970348406 0.3253012048192771 0.863232023721275 0.5838739573679333
1 0.16438102297998516 0.6888322520852641 0.10859896219421793 0.14782205746061172
0 0.39677538917716826 0.17307692307692307 0.7475908080059304 0.2738646895273401
5 0.16679021497405486 0.40245597775718256 0.2920681986656783 0.7363299351251158
5 0.1553002223869533 0.3753475440222428 0.2661230541141586 0.7025023169601483
0 0.44310600444773907 0.2696941612604263 0.8343217197924389 0.4837812789620018
0 0.4734988880652335 0.3980537534754402 0.8980726464047443 0.7516218721037998
0 0.46886582653817643 0.43257645968489344 0.8932542624166049 0.7854494902687674
5 0.4657153446997776 0.4246987951807229 0.8973313565604151 0.7956441149212233
0 0.2544477390659748 0.30792400370713624 0.4570051890289103 0.4657089898053754
0 0.2755744996293551 0.3118628359592215 0.5140845070422535 0.5607043558850788
0 0.26871756856931056 0.3241427247451344 0.5048183839881394 0.5945319740500463
0 0.2479614529280949 0.36237256719184435 0.44848035581912526 0.6357738646895273
7 0.41512231282431433 0.14249304911955513 0.3795404002965159 0.0542168674698795
7 0.4340252038547072 0.21848934198331788 0.586360266864344 0.08294717330861909
7 0.2564862861378799 0.10681186283595923 0.27575982209043737 0.06626506024096386
7 0.18532246108228317 0.08456904541241891 0.23721275018532248 0.05143651529193698
0 0.1621571534469978 0.3943466172381835 0.29911045218680504 0.7516218721037998
