2 0.05126953125 0.3857421875 0.0263671875 0.544921875
0 0.43359375 0.28662109375 0.8125 0.4443359375
3 0.50537109375 0.56591796875 0.1318359375 0.1689453125
4 0.21728515625 0.3681640625 0.1025390625 0.283203125
3 0.1796875 0.580078125 0.0703125 0.46484375
3 0.58349609375 0.546875 0.4208984375 0.640625
3 0.20458984375 0.29931640625 0.1181640625 0.1240234375
7 0.45263671875 0.58203125 0.2080078125 0.421875
7 0.4326171875 0.4970703125 0.419921875 0.095703125
7 0.46533203125 0.517578125 0.7314453125 0.70703125
7 0.5205078125 0.3955078125 0.861328125 0.541015625
2 0.05810546875 0.4501953125 0.0048828125 0.720703125
