4 0.198295033358043 0.6197868396663577 0.11045218680504076 0.030120481927710774
0 0.02297998517420311 0.27571825764596847 0.0014825796886582636 0.4735866543095459
0 0.036693847294292065 0.2924003707136237 0.025945144551519646 0.5032437442075997
0 0.048554484803558194 0.4418443002780352 0.018532246108228317 0.592678405931418
0 0.10155670867309119 0.12743280815569974 0.025203854707190512 0.021316033364226133
5 0.4683098591549296 0.26830398517145504 0.44885100074128986 0.050973123262279874
5 0.42475908080059305 0.6144578313253012 0.5144551519644182 0.2910101946246524
5 0.48183839881393625 0.40708989805375345 0.6849518161601186 0.5342910101946247
0 0.4527427724240178 0.4263206672845227 0.8535952557449963 0.7340129749768304
0 0.46293550778354337 0.4629286376274328 0.8813936249073387 0.7701575532900834
0 0.45033358042994814 0.5030120481927711 0.8532246108228317 0.8447636700648748
0 0.424759080800593 0.505097312326228 0.8139362490733877 0.9249304911955514
0 0.37509266123054114 0.5243280815569973 0.6849518161601186 0.7910101946246525
0 0.29558932542624167 0.4935125115848007 0.5363232023721275 0.9128822984244671
3 0.7451816160118606 0.7444392956441149 0.48888065233506306 0.48517145505097314
