0 0.3606375092661231 0.29981464318813716 0.5463306152705708 0.3104726598702502
0 0.3526686434395849 0.2458294717330862 0.6504818383988139 0.41936978683966636
0 0.41697553743513716 0.27201112140871175 0.7064492216456635 0.366079703429101
0 0.4164195700518903 0.21570898980537534 0.7779836916234247 0.3257645968489342
0 0.43661971830985913 0.09453197405004633 0.8139362490733877 0.06672845227062094
0 0.5283543365455894 0.16682113067655235 0.818013343217198 0.14828544949026878
0 0.5009266123054115 0.14457831325301204 0.9588584136397332 0.20018535681186284
0 0.4851742031134173 0.22636700648748842 0.8962194217939214 0.3989805375347544
0 0.46830985915492956 0.25532900834105654 0.8817642698295033 0.4439295644114921
0 0.4369903632320237 0.2687673772011121 0.8295033358042995 0.48192771084337344
0 0.4329132690882135 0.2882298424467099 0.7887323943661972 0.49490268767377205
0 0.41030392883617495 0.3146431881371641 0.7524091919940696 0.5366079703429101
0 0.39621942179392144 0.3308619091751622 0.7272053372868792 0.561631139944393
0 0.45441067457375833 0.37465245597775715 0.8821349147516678 0.6214087117701576
0 0.35748702742772426 0.4128822984244671 0.6541882876204596 0.7405004633920296
0 0.28984432913269087 0.3480074142724745 0.5441067457375834 0.6515291936978684
0 0.3109710896960712 0.3790546802594995 0.5833951074870275 0.7173308619091752
0 0.26445515196441804 0.3202038924930491 0.4829503335804299 0.5922150139017609
0 0.2629725722757598 0.3781278962001854 0.47405485544848036 0.6672845227062094
0 0.2605633802816901 0.38901760889712694 0.3076352853965901 0.6353104726598703
0 0.19125277983691624 0.4087117701575533 0.27575982209043737 0.6468952734012975
0 0.07542624166048925 0.34244670991658943 0.05151964418087473 0.5180722891566265
0 0.06523350630096367 0.3850787766450417 0.05633802816901408 0.6107506950880445
0 0.0750555967383247 0.3758109360518999 0.10118606375092662 0.6626506024096385
0 0.06968124536693848 0.40245597775718256 0.06226834692364715 0.7215013901760889
0 0.11805040770941438 0.45898980537534756 0.15455893254262415 0.8345690454124189
0 0.11082283172720533 0.4332715477293791 0.1653076352853966 0.76274328081557
0 0.10359525574499628 0.38322520852641334 0.1553002223869533 0.6663577386468952
0 0.1080429948109711 0.3982854494902688 0.1553002223869533 0.731696014828545
0 0.126945885841364 0.1489805375347544 0.09229058561897703 0.014365152919369795
0 0.08598962194217939 0.18929564411492122 0.10674573758339509 0.16543095458758106
0 0.1111934766493699 0.19902687673772013 0.1808747220163084 0.33688600556070436
0 0.1376945885841364 0.26969416126042633 0.20867309117865085 0.283595922150139
0 0.11452928094885101 0.2537071362372567 0.17568569310600446 0.4425393883225208
0 0.1178650852483321 0.26621872103799815 0.19125277983691621 0.4675625579240037
0 0.08246849518161602 0.2817423540315107 0.11601186063750926 0.48563484708063026
0 0.0902520385470719 0.28892493049119555 0.14047442550037065 0.4647822057460612
0 0.16401037805782062 0.23540315106580167 0.26426982950333583 0.303985171455051
0 0.1938472942920682 0.15546802594995365 0.34321719792438843 0.24235403151065799
0 0.16697553743513713 0.18141797961075068 0.2939214232765011 0.2571825764596849
0 0.16679021497405486 0.13832252085264135 0.25352112676056343 0.1190917516218721
5 0.31856931060044474 0.05560704355885079 0.48146775389177165 0.03336422613531047
5 0.2800222386953299 0.056070435588507876 0.4340252038547072 0.028730305838739575
5 0.3106004447739066 0.06000926784059314 0.5174203113417346 0.044022242817423535
0 0.27909562638991847 0.2778035217794254 0.38324684951816157 0.27571825764596847
0 0.3204225352112676 0.14759036144578314 0.5800593031875463 0.20064874884151992
0 0.35767234988880653 0.16960148285449492 0.6471460340993328 0.29471733086190915
0 0.2965159377316531 0.198563484708063 0.5544848035581913 0.32113067655236327
0 0.2544477390659748 0.0908248378127896 0.427353595255745 0.07784986098239109
7 0.3467383246849518 0.10426320667284524 0.36582653817642696 0.05838739573679333
7 0.5830244625648628 0.3505560704355885 0.38621200889547813 0.20898980537534753
7 0.3799110452186805 0.2944856348470806 0.5255744996293551 0.20898980537534753
0 0.36638250555967383 0.420064874884152 0.7105263157894738 0.8123262279888785
0 0.045404002965159375 0.3614457831325301 0.05967383246849518 0.6784059314179797
0 0.24870274277242402 0.04077849860982391 0.46775389177168275 0.029657089898053754
0 0.26148999258710154 0.0298887859128823 0.4977761304670126 0.013438368860055606
0 0.30281690140845074 0.03359592215013901 0.5344699777613047 0.002316960148285453
0 0.282060785767235 0.0505097312326228 0.5374351371386211 0.060240963855421686
0 0.2994810971089696 0.0572289156626506 0.5663454410674574 0.07553290083410565
0 0.28409933283914013 0.11445783132530121 0.5518902891030393 0.20296570898980537
0 0.20774647887323944 0.11399443929564411 0.39621942179392144 0.20945319740500465
0 0.15344699777613047 0.05143651529193698 0.18828762045959968 0.026876737720111205
0 0.17642698295033357 0.01737720111214087 0.22831727205337288 0.00787766450417053
0 0.3925129725722758 0.32854494902687675 0.7553743513713862 0.6311399443929565
0 0.32635285396590064 0.3443002780352178 0.6304670126019274 0.670064874884152
5 0.3513713862120089 0.39782205746061167 0.6582653817642699 0.753012048192771
5 0.35359525574499634 0.40384615384615385 0.6567828020756116 0.7502316960148285
5 0.31412157153446996 0.3827618164967562 0.5822831727205338 0.7136237256719185
5 0.2878057820607858 0.3482391102873031 0.5415122312824314 0.6538461538461539
5 0.2620459599703484 0.32113067655236327 0.48851000741289846 0.5903614457831325
5 0.1849518161601186 0.38878591288229847 0.2928094885100074 0.6737720111214087
5 0.1764269829503336 0.4063948100092678 0.3172720533728688 0.7386468952734013
5 0.25611564121571534 0.0892029657089898 0.42920681986656783 0.0838739573679333
5 0.3202372127501853 0.14666357738646896 0.58117123795404 0.20250231696014828
5 0.4636767976278725 0.25741427247451343 0.8888065233506302 0.4462465245597776
5 0.08580429948109711 0.16102873030583875 0.1078576723498888 0.23864689527340133
5 0.0793180133432172 0.1304448563484708 0.11415863602668642 0.2071362372567192
5 0.12323943661971831 0.060704355885078776 0.17976278724981465 0.01760889712696942
5 0.19977761304670127 0.3980537534754402 0.3669384729429207 0.7516218721037998
5 0.2181245366938473 0.2217330861909175 0.36063750926612304 0.34522706209453197
5 0.2149740548554485 0.2432808155699722 0.34395848776871757 0.40129749768303985
0 0.20681986656782803 0.2071362372567192 0.38398813936249077 0.366079703429101
0 0.2005189028910304 0.22405004633920295 0.37435137138621205 0.42029657089898054
0 0.13843587842846553 0.5111214087117701 0.198295033358043 0.9258572752548656
0 0.06690140845070423 0.471501390176089 0.10266864343958489 0.9040778498609824
0 0.12916975537435138 0.5192307692307693 0.0848776871756857 0.8697868396663577
0 0.04670126019273536 0.43257645968489344 0.05189028910303929 0.8076923076923077
0 0.054114158636026685 0.41797961075069506 0.08154188287620459 0.798887859128823
0 0.06189770200148258 0.44670991658943465 0.0793180133432172 0.8303985171455052
0 0.09525574499629355 0.46941612604263205 0.08969607116382505 0.7979610750695088
0 0.11582653817642698 0.17771084337349397 0.15900667160859897 0.2534754402224282
0 0.05300222386953299 0.23401297497683038 0.07338769458858413 0.4309545875810936
5 0.4870274277242402 0.23841519925857274 0.8939955522609341 0.37488415199258573
