4 0.2815048183839881 0.40315106580166826 0.1738324684951816 0.257645968489342
0 0.4299481097108969 0.3387395736793327 0.8065233506300964 0.5885078776645041
0 0.44421793921423275 0.3850787766450417 0.7920681986656782 0.6329935125115848
0 0.4386582653817642 0.29494902687673774 0.8343217197924389 0.536144578313253
0 0.47071905114899926 0.33781278962001854 0.8673091178650854 0.5755329008341056
5 0.5035211267605634 0.3630676552363299 0.9166048925129726 0.572289156626506
0 0.04670126019273536 0.4087117701575533 0.04299481097108969 0.772937905468026
0 0.06560415122312824 0.5011584800741427 0.054114158636026685 0.7520852641334569
0 0.0826538176426983 0.4886468952734013 0.10007412898443291 0.9087117701575533
0 0.11638250555967383 0.12256719184430027 0.20311341734618238 0.2099165894346617
0 0.10303928836174944 0.05329008341056534 0.1764269829503336 0.06950880444856349
0 0.11156412157153447 0.06047265987025023 0.20237212750185324 0.09314179796107508
0 0.12416604892512972 0.09708063021316034 0.22461082283172723 0.16265060240963855
0 0.07375833951074871 0.3380444856348471 0.12972572275759822 0.6519925857275255
4 0.07802075611564122 0.3257645968489342 0.08339510748702741 0.5032437442075997
1 0.5394736842105263 0.5604726598702502 0.2946627131208302 0.6297497683039852
