5 0.4365234375 0.42626953125 0.662109375 0.6220703125
5 0.52783203125 0.23828125 0.8251953125 0.2578125
5 0.1015625 0.22802734375 0.0859375 0.3271484375
5 0.140625 0.28466796875 0.1328125 0.4169921875
5 0.26025390625 0.4033203125 0.4462890625 0.720703125
4 0.4248046875 0.291015625 0.107421875 0.05859375
5 0.09423828125 0.3896484375 0.0908203125 0.669921875
5 0.43994140625 0.24951171875 0.8056640625 0.3623046875
5 0.45849609375 0.048828125 0.6318359375 0.02734375
0 0.00732421875 0.4033203125 0.0048828125 0.759765625
0 0.3798828125 0.37939453125 0.720703125 0.7236328125
0 0.38623046875 0.40185546875 0.7373046875 0.7685546875
