0 0.15414798206278027 0.30833333333333335 0.1782511210762332 0.5583333333333333
0 0.060538116591928245 0.45364583333333336 0.05829596412556053 0.8447916666666667
0 0.0812780269058296 0.47343749999999996 0.06838565022421525 0.859375
0 0.11042600896860987 0.46770833333333334 0.1625560538116592 0.8937499999999999
0 0.148542600896861 0.5098958333333333 0.15807174887892375 0.9239583333333333
0 0.28755605381165916 0.5239583333333333 0.15807174887892378 0.8395833333333333
0 0.234304932735426 0.47708333333333336 0.40582959641255606 0.8541666666666666
0 0.24663677130044845 0.4479166666666667 0.4484304932735426 0.8458333333333333
0 0.2522421524663677 0.46979166666666666 0.44170403587443946 0.88125
0 0.29091928251121074 0.4770833333333333 0.4517937219730942 0.8875
0 0.382847533632287 0.5067708333333333 0.45627802690582964 0.709375
0 0.3778026905829596 0.415625 0.6031390134529148 0.70625
0 0.4103139013452915 0.4552083333333333 0.6502242152466368 0.7437499999999999
0 0.3778026905829596 0.46197916666666666 0.6748878923766816 0.8447916666666667
0 0.4254484304932735 0.49114583333333334 0.586322869955157 0.928125
0 0.3312780269058296 0.5036458333333333 0.5683856502242152 0.9364583333333334
0 0.40022421524663676 0.5057291666666667 0.6748878923766817 0.9572916666666667
0 0.265695067264574 0.37604166666666666 0.46860986547085204 0.69375
0 0.2718609865470852 0.40104166666666663 0.4495515695067265 0.71875
0 0.08632286995515695 0.22395833333333334 0.09192825112107622 0.3645833333333333
0 0.08688340807174888 0.14010416666666667 0.043721973094170405 0.16770833333333335
0 0.13789237668161433 0.08906249999999999 0.1771300448430493 0.10729166666666666
0 0.16760089686098653 0.10885416666666667 0.23206278026905827 0.13854166666666667
0 0.1109865470852018 0.1484375 0.1502242152466368 0.234375
0 0.1687219730941704 0.051041666666666666 0.234304932735426 0.006249999999999999
0 0.20011210762331838 0.04635416666666667 0.31502242152466364 0.0031250000000000028
0 0.23878923766816143 0.046875 0.40582959641255606 0.00208333333333334
0 0.21132286995515698 0.0390625 0.36434977578475336 0.0072916666666666685
0 0.25 0.071875 0.29372197309417036 0.04375
0 0.25504484304932734 0.08020833333333333 0.43385650224215244 0.05208333333333333
0 0.28475336322869954 0.06614583333333333 0.4887892376681614 0.06979166666666667
0 0.3054932735426009 0.09114583333333334 0.5168161434977578 0.09479166666666668
0 0.3245515695067264 0.06510416666666666 0.5818385650224215 0.07604166666666666
0 0.3094170403587444 0.10104166666666667 0.5560538116591929 0.14375
0 0.34977578475336324 0.1515625 0.6188340807174888 0.165625
0 0.37387892376681614 0.12135416666666668 0.6984304932735427 0.18854166666666666
0 0.3778026905829596 0.1421875 0.7017937219730942 0.221875
0 0.4310538116591928 0.18958333333333333 0.6603139013452916 0.22083333333333333
0 0.47701793721973096 0.21510416666666665 0.7253363228699552 0.29270833333333335
0 0.4798206278026906 0.1734375 0.7892376681614349 0.25937499999999997
0 0.4204035874439462 0.13541666666666666 0.7421524663677129 0.17083333333333334
0 0.2954035874439462 0.13697916666666668 0.2993273542600897 0.16145833333333334
0 0.2948430493273543 0.1390625 0.5 0.19895833333333335
0 0.2881165919282511 0.17552083333333335 0.45067264573991034 0.23854166666666668
0 0.4052690582959641 0.25156249999999997 0.734304932735426 0.4489583333333333
0 0.452914798206278 0.2515625 0.852017937219731 0.4572916666666667
0 0.437780269058296 0.321875 0.7634529147982062 0.5770833333333334
0 0.44170403587443946 0.33489583333333334 0.8295964125560539 0.6072916666666667
0 0.4551569506726458 0.39531249999999996 0.8026905829596412 0.703125
0 0.4013452914798206 0.4026041666666667 0.7309417040358744 0.759375
0 0.37668161434977576 0.3953125 0.7085201793721974 0.7364583333333333
0 0.3183856502242152 0.35104166666666664 0.5560538116591928 0.61875
0 0.45739910313901344 0.42864583333333334 0.8430493273542601 0.7947916666666667
0 0.4562780269058296 0.4671875 0.8408071748878924 0.8635416666666667
