4 0.33524833209785027 0.1818813716404078 0.4762787249814678 0.0912882298424467
0 0.26760563380281693 0.15430954587581094 0.4640474425500371 0.21964782205746064
0 0.2800222386953299 0.1468952734012975 0.511119347664937 0.21594068582020387
0 0.2770570793180134 0.2252085264133457 0.49332839140103785 0.3243744207599629
5 0.20181616011860637 0.09082483781278963 0.3072646404744255 0.08155699721964783
5 0.16160118606375093 0.05583873957367934 0.2638991845811713 0.005097312326227989
5 0.1443661971830986 0.06464318813716405 0.2575982209043736 0.0644114921223355
5 0.16456634544106746 0.07367933271547729 0.2816901408450704 0.07321594068582021
5 0.1617865085248332 0.11677479147358666 0.2805782060785767 0.13345690454124187
5 0.1475166790214974 0.11839666357738647 0.23276501111934766 0.16821130676552362
5 0.11916234247590808 0.10310472659870251 0.2071905114899926 0.1376274328081557
5 0.19458858413639735 0.36121408711770153 0.009636767976278743 0.020852641334569044
5 0.2555596738324685 0.39365152919369784 0.23980726464047444 0.5222428174235403
5 0.48813936249073386 0.5512048192771084 0.6323202372127501 0.6779425393883225
0 0.5046330615270571 0.1906858202038925 0.9455151964418087 0.2460611677479147
5 0.4746108228317272 0.3016682113067655 0.8617494440326168 0.4995366079703429
5 0.49925871015567086 0.27618164967562553 0.9510748702742772 0.48192771084337344
1 0.18643439584877686 0.5792400370713624 0.10748702742772423 0.45041705282669137
5 0.13157894736842105 0.08549582947173309 0.2127501853224611 0.06163113994439296
5 0.5063009636767976 0.29147358665430956 0.8821349147516678 0.21223354958294718
5 0.512416604892513 0.16612604263206673 0.8721275018532246 0.05607043558850788
5 0.5492957746478874 0.553985171455051 0.6893995552260934 0.43141797961075073
5 0.2620459599703484 0.38345690454124187 0.41438102297998514 0.6723818350324374
0 0.08747220163083765 0.3097775718257646 0.14529280948851 0.5806302131603336
0 0.12138621200889547 0.22544022242817424 0.22349888806523352 0.43049119555143656
0 0.2626019273535953 0.19972196478220575 0.5118606375092661 0.3809082483781279
0 0.35229799851742033 0.5013901760889713 0.6912527798369162 0.9768303985171455
0 0.3656412157153447 0.4916589434661724 0.7149740548554484 0.9536607970342911
0 0.36378799110452187 0.48308619091751626 0.7142327650111193 0.9272474513438369
0 0.36249073387694586 0.5013901760889713 0.7101556708673091 0.9731232622798888
0 0.37935507783543365 0.4534291010194625 0.7364714603409934 0.8864689527340129
0 0.37842846553002224 0.46408711770157557 0.7420311341734619 0.8929564411492122
0 0.4329132690882135 0.4798424467099166 0.8480355819125278 0.9170528266913809
0 0.3999258710155671 0.4988415199258573 0.782060785767235 0.9698795180722891
0 0.43402520385470716 0.4891102873030584 0.8532246108228317 0.9578313253012047
0 0.41882876204596 0.453660797034291 0.8228317272053374 0.881371640407785
0 0.43587842846553 0.45389249304911955 0.859896219421794 0.8836886005560703
0 0.4242031134173462 0.4216867469879518 0.8320978502594514 0.8211306765523633
0 0.4108598962194218 0.48401297497683043 0.8024462564862861 0.9365152919369787
