2 0.37646484375 0.26318359375 0.1962890625 0.0947265625
2 0.1015625 0.25341796875 0.0546875 0.3544921875
2 0.45947265625 0.5185546875 0.5400390625 0.787109375
4 0.35693359375 0.50537109375 0.0712890625 0.2255859375
3 0.689453125 0.69970703125 0.37890625 0.3623046875
2 0.04296875 0.3466796875 0.0234375 0.560546875
2 0.03759765625 0.3037109375 0.0224609375 0.373046875
2 0.1103515625 0.31689453125 0.064453125 0.5126953125
2 0.275390625 0.07568359375 0.07421875 0.0478515625
1 0.5361328125 0.552734375 0.759765625 0.66015625
