6 0.21379726468222043 0.5989341983317887 0.00764279967819792 0.2692307692307692
6 0.30510860820595337 0.56209453197405 0.20313757039420757 0.597775718257646
6 0.3835478680611424 0.5479610750695088 0.5370072405470636 0.6974050046339203
6 0.7369267900241352 0.7191844300278035 0.47626709573612225 0.44856348470806306
0 0.2065567176186645 0.123725671918443 0.34392598551890585 0.15848007414272475
0 0.24617860016090104 0.13994439295644115 0.3668543845534996 0.19833178869323448
0 0.1743765084473049 0.13948100092678406 0.3020917135961384 0.18257645968489344
0 0.17638777152051488 0.1591751621872104 0.3028962188254224 0.24976830398517147
0 0.19690265486725664 0.1865152919369787 0.334271922767498 0.29703429101019463
0 0.21078037007240547 0.2099165894346617 0.3411102172164119 0.3345690454124189
0 0.22083668543845533 0.2764133456904541 0.3161705551086082 0.4063948100092678
0 0.22908286403861625 0.24258572752548657 0.4082864038616251 0.4314179796107507
0 0.2232502011263073 0.2606580166821131 0.40788415124698313 0.46014828544949027
0 0.249195494770716 0.23470806302131603 0.43885760257441675 0.397126969416126
0 0.26488334674175384 0.2374884151992586 0.46379726468222043 0.4212233549582947
0 0.2075623491552695 0.30560704355885077 0.3668543845534996 0.5426320667284522
0 0.20675784392598553 0.31672845227062096 0.38777152051488334 0.5759962928637627
0 0.24839098954143202 0.31302131603336425 0.43724859211584877 0.5574606116774792
0 0.3479485116653258 0.32391102873030586 0.4223652453740949 0.5477293790546802
0 0.26991150442477874 0.3445319740500463 0.4561544650040225 0.6241890639481
0 0.1407884151246983 0.335032437442076 0.18181818181818182 0.5773864689527339
0 0.36263073209975866 0.24351251158480075 0.6013676588897828 0.3443002780352178
0 0.36303298471440065 0.27803521779425394 0.6761866452131938 0.41890639481000924
0 0.3793242156074015 0.2583410565338276 0.7103781174577635 0.4258572752548656
0 0.3783185840707965 0.31209453197405 0.6938857602574416 0.47405004633920295
0 0.37389380530973454 0.26714550509731233 0.7139983909895414 0.5101946246524559
0 0.3831456154465004 0.3500926784059314 0.6584875301689461 0.5834105653382762
0 0.331657280772325 0.4112604263206673 0.5683829444891392 0.7020389249304912
0 0.4845132743362832 0.5162187210379982 0.7872083668543846 0.7988878591288229
7 0.4432823813354787 0.6183966635773865 0.06275140788415129 0.06255792400370719
7 0.07904263877715205 0.5115848007414272 0.0494770716009654 0.7043558850787767
7 0.3811343523732904 0.5196941612604263 0.5321802091713597 0.8484708063021316
2 0.23531777956556718 0.133920296570899 0.3901850362027353 0.20852641334569044
2 0.2085679806918745 0.12210379981464319 0.3511665325824618 0.18674698795180725
2 0.18785197103781176 0.16056533827618166 0.27916331456154464 0.24513438368860058
2 0.27594529364440873 0.19439295644114923 0.49074818986323415 0.34244670991658943
2 0.22204344328238132 0.27803521779425394 0.3185840707964602 0.4300278035217794
2 0.22666934835076427 0.25695088044485637 0.4002413515687852 0.463855421686747
2 0.30028157683024936 0.4196014828544949 0.5088495575221239 0.7780352177942539
0 0.29887369267900243 0.40894346617238186 0.5655671761866452 0.7752548656163114
0 0.2674979887369268 0.41218721037998146 0.5092518101367659 0.7965708989805375
