5 0.1882876204595997 0.13137164040778498 0.15122312824314305 0.035681186283595914
0 0.14492216456634543 0.07414272474513439 0.2424017790956264 0.04819277108433735
0 0.13491475166790215 0.09545875810936051 0.20756115641215717 0.10194624652455977
0 0.1397331356560415 0.08063021316033364 0.24091919940696813 0.09823911028730305
0 0.10007412898443291 0.11468952734012976 0.16456634544106746 0.1607970342910102
0 0.09970348406226834 0.14295644114921224 0.15789473684210525 0.21733086190917517
2 0.2581541882876205 0.09059314179796107 0.3902891030392884 0.0829471733086191
2 0.27186805040770945 0.06672845227062094 0.4651593773165308 0.029657089898053754
2 0.48628613787991104 0.724050046339203 0.7620459599703484 0.46292863762743275
2 0.5313194959229058 0.4293327154772938 0.7616753150481839 0.6121408711770158
0 0.5053743513713862 0.4279425393883225 0.9499629355077835 0.6983317886932345
1 0.4127131208302446 0.5243280815569973 0.0144551519644181 0.8095458758109361
5 0.07802075611564122 0.4221501390176089 0.12787249814677537 0.7886932344763671
5 0.1002594514455152 0.43628359592215016 0.1486286137879911 0.803985171455051
5 0.10415122312824314 0.49397590361445787 0.14010378057820608 0.8989805375347544
5 0.11712379540400296 0.40801668211306763 0.17197924388435878 0.7363299351251158
5 0.08747220163083766 0.05398517145505097 0.09191994069681247 0.01992585727525486
5 0.05578206078576724 0.10009267840593142 0.06856931060044477 0.13716404077849859
5 0.22942920681986656 0.10658016682113068 0.27798369162342473 0.001853568118628357
4 0.3856560415122313 0.4863299351251159 0.25611564121571534 0.31927710843373497
0 0.09414381022979984 0.42771084337349397 0.16456634544106746 0.8220574606116775
0 0.09303187546330616 0.4812326227988879 0.15937731653076354 0.9235403151065802
0 0.14547813194959228 0.11468952734012976 0.26278724981467755 0.19416126042632068
0 0.15622683469236473 0.11214087117701575 0.2664936990363232 0.1501390176088971
0 0.05300222386953299 0.14249304911955515 0.0793180133432172 0.2386468952734013
5 0.08895478131949593 0.10403151065801669 0.08895478131949594 0.10611677479147359
5 0.13361749444032617 0.12326227988878591 0.20941438102298 0.17238183503243742
5 0.11434395848776871 0.11283595922150139 0.18865826538176428 0.17191844300278036
