0 0.22831727205337288 0.07553290083410566 0.2876204595997035 0.023169601482854504
0 0.27279466271312086 0.16774791473586653 0.45663454410674575 0.23540315106580167
0 0.3930689399555226 0.1758572752548656 0.3932542624166049 0.10889712696941614
5 0.3196812453669385 0.15291936978683965 0.5607857672349889 0.2057460611677479
0 0.43235730170496667 0.07900834105653383 0.8068939955522609 0.08202038924930491
0 0.4714603409933284 0.10797034291010195 0.8450704225352114 0.09360518999073217
5 0.4082653817642698 0.1350787766450417 0.77353595255745 0.1978683966635774
5 0.47090437361008153 0.40778498609823915 0.8958487768717569 0.7303058387395737
5 0.18995552260934026 0.47428174235403153 0.32802075611564124 0.8725671918443003
5 0.2014455151964418 0.48609823911028727 0.36286137879911046 0.9054680259499537
5 0.06727205337286879 0.17655236329935126 0.00037064492216457023 0.17516218721038002
0 0.05337286879169756 0.07483781278962001 0.04151223128243143 0.0551436515291937
0 0.14640474425500372 0.057692307692307696 0.2246108228317272 0.04680259499536608
0 0.09562638991845812 0.10055607043558851 0.11712379540400297 0.1195551436515292
0 0.09414381022979985 0.12395736793327154 0.15270570793180135 0.17191844300278034
0 0.17735359525574498 0.36167747914735865 0.21979243884358785 0.5027803521779425
0 0.23295033358042996 0.2666821130676552 0.36953298739807267 0.39063948100092677
0 0.29540400296515934 0.24791473586654308 0.469236471460341 0.33642261353104724
0 0.30689399555226093 0.24443929564411493 0.5574499629355079 0.42771084337349397
0 0.30114899925871014 0.25903614457831325 0.5681986656782801 0.4698795180722891
0 0.32968865826538174 0.4061631139944393 0.5956263899184582 0.6992585727525487
0 0.3921423276501112 0.3721037998146432 0.7131208302446256 0.6441149212233549
0 0.4116011860637509 0.3438368860055607 0.7772424017790956 0.6024096385542168
0 0.375648628613788 0.2933271547729379 0.6489992587101556 0.5088044485634846
0 0.38695329873980727 0.2775718257645968 0.7175685693106005 0.4810009267840593
0 0.3752779836916234 0.3709453197405005 0.6304670126019273 0.5695088044485634
0 0.39696071163825053 0.476598702502317 0.7197924388435879 0.7771084337349398
0 0.4242031134173462 0.4918906394810009 0.7965159377316531 0.9189063948100092
0 0.36378799110452187 0.5083410565338277 0.6667902149740548 0.8127896200185357
0 0.43106004447739066 0.2583410565338276 0.7879911045218682 0.3962001853568119
1 0.16234247590808004 0.569740500463392 0.07264640474425502 0.5556070435588508
4 0.3849147516679022 0.28127896200185354 0.6052631578947368 0.4068582020389249
0 0.2563009636767976 0.29471733086190915 0.4844329132690882 0.5634847080630213
0 0.18587842846553002 0.4654772937905468 0.3376575240919199 0.8883225208526413
0 0.20200148257968867 0.4798424467099166 0.3624907338769459 0.9244670991658943
