2 0.05419921875 0.4033203125 0.0029296875 0.720703125
2 0.0654296875 0.41455078125 0.076171875 0.6611328125
2 0.12109375 0.501953125 0.0703125 0.76953125
2 0.18115234375 0.51318359375 0.1708984375 0.9130859375
2 0.03076171875 0.2685546875 0.0205078125 0.396484375
2 0.09033203125 0.18505859375 0.1298828125 0.2177734375
2 0.1923828125 0.06982421875 0.322265625 0.0576171875
0 0.06640625 0.17626953125 0.0546875 0.1845703125
0 0.04638671875 0.30712890625 0.0029296875 0.4775390625
1 0.53662109375 0.53564453125 0.7646484375 0.5205078125
4 0.48193359375 0.619140625 0.0009765625 0.00390625
