2 0.212890625 0.4443359375 0.13671875 0.232421875
0 0.16357421875 0.212890625 0.2294921875 0.22265625
2 0.4052734375 0.09912109375 0.708984375 0.0693359375
2 0.4677734375 0.31494140625 0.755859375 0.3212890625
2 0.23876953125 0.29345703125 0.3330078125 0.4892578125
2 0.14453125 0.0751953125 0.15625 0.041015625
1 0.05615234375 0.1484375 0.0322265625 0.015625
2 0.3818359375 0.07470703125 0.458984375 0.0498046875
0 0.0498046875 0.26025390625 0.044921875 0.3759765625
0 0.0126953125 0.27783203125 0.005859375 0.4892578125
0 0.0888671875 0.31787109375 0.076171875 0.5380859375
0 0.10400390625 0.35791015625 0.1572265625 0.6572265625
2 0.02490234375 0.48486328125 0.0166015625 0.6767578125
4 0.61865234375 0.7421875 0.2412109375 0.4921875
3 0.74462890625 0.74609375 0.4912109375 0.4921875
