2 0.25390625 0.54052734375 0.3515625 0.7177734375
2 0.21240234375 0.52294921875 0.1630859375 0.8544921875
2 0.212890625 0.43798828125 0.29296875 0.7626953125
2 0.12158203125 0.33203125 0.1533203125 0.515625
2 0.306640625 0.12890625 0.44140625 0.15625
2 0.39111328125 0.14697265625 0.6533203125 0.1650390625
2 0.45654296875 0.36572265625 0.5263671875 0.6337890625
0 0.31494140625 0.15673828125 0.4384765625 0.2001953125
0 0.04248046875 0.267578125 0.0283203125 0.41015625
0 0.55908203125 0.24169921875 0.6298828125 0.1201171875
4 0.58837890625 0.5751953125 0.2431640625 0.541015625
1 0.080078125 0.47509765625 0.05078125 0.4931640625
1 0.57568359375 0.37451171875 0.4365234375 0.3076171875
2 0.51025390625 0.2451171875 0.9150390625 0.115234375
