6 0.451171875 0.51171875 0.5638020833333333 0.6171875
0 0.3815104166666667 0.43706597222222227 0.6432291666666666 0.7387152777777778
0 0.3671875 0.4704861111111111 0.671875 0.8506944444444445
0 0.3899739583333333 0.4383680555555556 0.7174479166666666 0.8142361111111112
2 0.16959635416666669 0.6723090277777777 0.04361979166666666 0.2074652777777778
0 0.2643229166666667 0.1328125 0.4140625 0.1753472222222222
0 0.283203125 0.08550347222222222 0.5143229166666667 0.11892361111111112
0 0.41796875 0.4700520833333333 0.7213541666666667 0.8394097222222222
0 0.384765625 0.4171006944444444 0.7330729166666667 0.7751736111111112
0 0.34016927083333337 0.4040798611111111 0.646484375 0.7491319444444445
