2 0.31103515625 0.24755859375 0.4541015625 0.3505859375
2 0.39208984375 0.16064453125 0.6318359375 0.2001953125
2 0.3759765625 0.21142578125 0.626953125 0.3173828125
2 0.36083984375 0.26123046875 0.6318359375 0.4326171875
2 0.33349609375 0.29931640625 0.5927734375 0.5166015625
2 0.33056640625 0.36279296875 0.5400390625 0.6123046875
2 0.4130859375 0.3916015625 0.701171875 0.603515625
2 0.51611328125 0.33251953125 0.7158203125 0.1923828125
2 0.45751953125 0.107421875 0.7861328125 0.08984375
2 0.2783203125 0.5068359375 0.228515625 0.880859375
2 0.43896484375 0.5302734375 0.6083984375 0.740234375
2 0.1650390625 0.4287109375 0.126953125 0.708984375
4 0.27294921875 0.25048828125 0.1767578125 0.1513671875
2 0.21630859375 0.15576171875 0.2802734375 0.0966796875
2 0.18994140625 0.18310546875 0.2353515625 0.2060546875
2 0.13720703125 0.171875 0.1845703125 0.28125
2 0.12548828125 0.2490234375 0.0595703125 0.263671875
2 0.15087890625 0.22412109375 0.2041015625 0.4130859375
2 0.1533203125 0.18212890625 0.228515625 0.3056640625
2 0.2529296875 0.29541015625 0.396484375 0.5322265625
2 0.2431640625 0.3291015625 0.384765625 0.587890625
2 0.1494140625 0.32373046875 0.173828125 0.5888671875
2 0.43896484375 0.33837890625 0.7646484375 0.5244140625
2 0.48046875 0.14501953125 0.90625 0.1689453125
0 0.4501953125 0.0966796875 0.798828125 0.107421875
0 0.1875 0.1396484375 0.3125 0.185546875
5 0.09619140625 0.2939453125 0.0947265625 0.517578125
0 0.443359375 0.2177734375 0.83203125 0.326171875
0 0.48193359375 0.240234375 0.8974609375 0.37890625
0 0.119140625 0.23876953125 0.08203125 0.2861328125
