5 0.18661971830985916 0.10217794253938832 0.2531504818383988 0.03568118628359593
5 0.11323202372127503 0.18767377201112143 0.06486286137879911 0.14550509731232625
5 0.0969236471460341 0.3781278962001854 0.02631578947368421 0.47080630213160335
4 0.367123795404003 0.17979610750695088 0.5014825796886582 0.12604263206672844
0 0.2626019273535953 0.1010194624652456 0.4733135656041512 0.14643188137164043
0 0.261119347664937 0.12349397590361447 0.4644180874722016 0.1746987951807229
0 0.217939214232765 0.10009267840593142 0.385470719051149 0.1149212233549583
0 0.2310971089696071 0.08364226135310472 0.3984432913269088 0.08016682113067655
0 0.24499629355077837 0.06533827618164968 0.42475908080059305 0.04541241890639481
0 0.36415863602668647 0.11214087117701575 0.6734618235730171 0.1464318813716404
0 0.3973313565604151 0.12279888785912882 0.7442550037064491 0.17145505097312325
0 0.40400296515937734 0.14063948100092677 0.7457375833951075 0.216404077849861
0 0.37398072646404745 0.19531974050046338 0.5611564121571535 0.2293790546802595
0 0.2907709414381023 0.2666821130676552 0.5326167531504818 0.32391102873030586
0 0.3144922164566345 0.25741427247451343 0.5622683469236471 0.3387395736793327
0 0.40066716085989623 0.2303058387395737 0.6945885841363973 0.41241890639481
0 0.40585618977020016 0.23470806302131603 0.7257227575982209 0.27479147358665434
0 0.4095626389918458 0.2453660797034291 0.7746478873239436 0.4295644114921223
0 0.41363973313565605 0.2833642261353105 0.7590808005930318 0.5018535681186284
0 0.3359896219421794 0.40338276181649674 0.6082283172720533 0.7344763670064874
0 0.28910303928836173 0.4142724745134384 0.4951816160118606 0.7395736793327155
0 0.2223869532987398 0.29703429101019463 0.39140103780578206 0.5050973123262279
0 0.261119347664937 0.2736329935125116 0.449592290585619 0.47868396663577384
0 0.27353595255744995 0.29286376274328085 0.4877687175685693 0.489341983317887
0 0.2857672349888806 0.2879981464318814 0.5181616011860638 0.474050046339203
0 0.2818754633061527 0.3005097312326228 0.5088954781319496 0.5250231696014829
0 0.2092290585618977 0.18582020389249304 0.3754633061527057 0.28637627432808155
1 0.14232765011119347 0.6000926784059314 0.0770941438102298 0.3549582947173308
0 0.5031504818383988 0.3871640407784986 0.9425500370644921 0.6686746987951807
0 0.04781319495922906 0.3016682113067655 0.07190511489992588 0.5625579240037072
0 0.056893995552260934 0.29703429101019463 0.0826538176426983 0.545875810936052
0 0.07042253521126761 0.32136237256719186 0.1022979985174203 0.5852641334569045
0 0.05930318754633062 0.32738646895273404 0.08598962194217939 0.608433734939759
0 0.08728687916975536 0.1241890639481001 0.14047442550037065 0.21872103799814643
0 0.07802075611564122 0.14457831325301204 0.12787249814677537 0.25949953660797037
0 0.06875463306152706 0.16195551436515293 0.10044477390659748 0.2738646895273401
0 0.1617865085248332 0.0778498609823911 0.29243884358784283 0.10750695088044487
0 0.15455893254262415 0.08897126969416126 0.279466271312083 0.1334569045412419
0 0.16363973313565605 0.0618628359592215 0.30207561156412155 0.09592215013901761
0 0.4605263157894737 0.3389712696941613 0.8988139362490735 0.6427247451343837
0 0.35989621942179395 0.2634383688600556 0.6515937731653076 0.4508804448563485
0 0.33821349147516677 0.2689990732159407 0.6126760563380282 0.4582947173308619
0 0.3341363973313565 0.19184430027803523 0.6223128243143069 0.3392029657089898
0 0.37157153446997776 0.3922613531047266 0.6349147516679022 0.67516218721038
0 0.4336545589325426 0.021316033364226133 0.7961452928094884 0.012974976830398516
5 0.07672349888806523 0.3361909175162187 0.12083024462564862 0.6223354958294717
5 0.3302446256486286 0.4019925857275255 0.6189770200148258 0.7465245597775718
5 0.2796515937731653 0.4087117701575533 0.5074128984432913 0.7506950880444857
5 0.1310229799851742 0.20227062094531975 0.198295033358043 0.33225208526413347
