7 0.31982421875 0.24609375 0.2841796875 0.203125
7 0.37451171875 0.30322265625 0.3232421875 0.3994140625
7 0.46923828125 0.62060546875 0.1904296875 0.2607421875
0 0.27197265625 0.142578125 0.4462890625 0.21484375
0 0.2373046875 0.1591796875 0.427734375 0.224609375
0 0.24755859375 0.15771484375 0.4521484375 0.2724609375
0 0.29931640625 0.16015625 0.5244140625 0.2265625
0 0.30859375 0.20166015625 0.5390625 0.2744140625
0 0.28173828125 0.18408203125 0.4970703125 0.2939453125
0 0.203125 0.208984375 0.3671875 0.37890625
0 0.3271484375 0.255859375 0.615234375 0.46484375
0 0.27490234375 0.0869140625 0.5146484375 0.134765625
4 0.30078125 0.3720703125 0.2578125 0.306640625
2 0.068359375 0.33740234375 0.09765625 0.6396484375
2 0.0830078125 0.349609375 0.126953125 0.66015625
2 0.3212890625 0.32666015625 0.595703125 0.6181640625
2 0.1875 0.22607421875 0.3359375 0.4169921875
5 0.333984375 0.20458984375 0.62890625 0.3583984375
7 0.06201171875 0.552734375 0.0361328125 0.27734375
