4 0.2753891771682728 0.18721037998146434 0.049666419570051856 0.11121408711770156
5 0.25259451445515196 0.18419833178869324 0.3080059303187547 0.10055607043558851
5 0.27149740548554485 0.16450417052826694 0.4140103780578206 0.19555143651529194
1 0.14899925871015568 0.6443466172381835 0.0904373610081542 0.39620018535681184
0 0.12935507783543365 0.5275718257645968 0.02149740548554485 0.7863762743280815
1 0.20088954781319496 0.5217794253938832 0.11415863602668641 0.784059314179796
0 0.09247590808005932 0.3730305838739573 0.11823573017049667 0.6793327154772938
5 0.367123795404003 0.11631139944392957 0.6823573017049667 0.15477293790546803
0 0.25852483320978503 0.018999073215940687 0.47405485544848036 0.00648748841519926
4 0.5415122312824314 0.5479610750695089 0.22312824314306895 0.6269694161260426
4 0.5759822090437361 0.7393419833178869 0.514455151964418 0.47312326227988877
4 0.22516679021497407 0.3500926784059314 0.34210526315789475 0.3980537534754402
5 0.3563750926612306 0.2740963855421687 0.6756856931060045 0.49814643188137164
5 0.3163454410674574 0.22914735866543096 0.49777613046701263 0.3229842446709916
0 0.293180133432172 0.18999073215940687 0.5270570793180134 0.3206672845227062
0 0.28502594514455154 0.19392956441149212 0.5226093402520385 0.34893419833178874
0 0.29503335804299485 0.21130676552363298 0.5604151223128243 0.39666357738646896
0 0.23165307635285398 0.08850787766450417 0.3951074870274277 0.11028730305838738
0 0.21330615270570794 0.09731232622798887 0.3598962194217939 0.13901760889712697
0 0.2514825796886583 0.13855421686746988 0.477761304670126 0.23632993512511583
0 0.23962194217939214 0.1309082483781279 0.45404002965159374 0.23030583873957367
0 0.20681986656782803 0.03544949026876738 0.38398813936249077 0.028266913809082483
0 0.20885841363973315 0.06000926784059314 0.3954781319495923 0.08480074142724744
0 0.1981097108969607 0.054448563484708064 0.37694588584136396 0.07367933271547729
0 0.18977020014825796 0.06278962001853569 0.3617494440326168 0.10518999073215941
0 0.208117123795404 0.02340129749768304 0.38510007412898445 0.00046339202965708925
0 0.2125648628613788 0.015987025023169604 0.35544848035581916 0.010658016682113068
0 0.4010378057820608 0.04518072289156626 0.7842846553002224 0.05885078776645041
0 0.40029651593773163 0.022242817423540315 0.7857672349888807 0.02224281742354032
0 0.39547813194959225 0.12557924003707135 0.7583395107487028 0.22150139017608897
0 0.44514455151964416 0.1918443002780352 0.866567828020756 0.34661723818350326
0 0.18291326908821348 0.11538461538461539 0.34655300222386953 0.20111214087117701
0 0.1586360266864344 0.09198331788693236 0.2935507783543365 0.15987025023169602
0 0.07616753150481838 0.024096385542168676 0.12120088954781319 0.0037071362372567175
0 0.23035581912527797 0.21594068582020387 0.4444032616753151 0.40593141797961074
0 0.2477761304670126 0.19578313253012047 0.4762787249814678 0.3600556070435589
0 0.2650111193476649 0.18836886005560702 0.5122312824314307 0.34151992585727525
