1 0.51416015625 0.51318359375 0.7666015625 0.8349609375
2 0.42724609375 0.404296875 0.6787109375 0.64453125
2 0.38671875 0.435546875 0.5390625 0.77734375
2 0.30322265625 0.49560546875 0.4150390625 0.8779296875
2 0.4833984375 0.29541015625 0.740234375 0.3056640625
2 0.45556640625 0.1982421875 0.7587890625 0.154296875
2 0.4892578125 0.22021484375 0.876953125 0.1474609375
2 0.38720703125 0.3359375 0.6455078125 0.578125
2 0.18603515625 0.18359375 0.2900390625 0.2890625
4 0.2880859375 0.2626953125 0.044921875 0.150390625
