5 0.2842846553002224 0.5020852641334569 0.13269088213491476 0.4351251158480074
0 0.41215715344699777 0.303985171455051 0.7739065974796144 0.5301204819277108
0 0.4336545589325426 0.3113994439295644 0.8169014084507041 0.5189990732159406
0 0.5081541882876205 0.3320203892493049 0.9421793921423276 0.5509731232622799
0 0.36527057079318015 0.3744207599629286 0.6934766493699036 0.6821130676552364
4 0.520941438102298 0.3373493975903614 0.8298739807264641 0.4522706209453197
5 0.3011489992587102 0.49606116774791476 0.544477390659748 0.8271547729379054
5 0.20218680504077094 0.4990732159406858 0.2575982209043736 0.8683966635773864
4 0.35044477390659745 0.5658016682113067 0.488880652335063 0.5829471733086191
1 0.2557449962935508 0.6255792400370713 0.17049666419570053 0.2391102873030584
5 0.3602668643439585 0.28637627432808155 0.5218680504077093 0.33178869323447635
5 0.4631208302446257 0.13832252085264132 0.7379540400296516 0.09684893419833178
5 0.1254633061527057 0.4365152919369787 0.2079318013343217 0.8174235403151067
0 0.39547813194959225 0.3199721964782206 0.7583395107487028 0.6047265987025023
0 0.5 0.41797961075069506 0.9792438843587843 0.7655236329935126
0 0.31819866567828026 0.26251158480074144 0.572646404744255 0.4453197405004634
0 0.31949592290585616 0.2191844300278035 0.6063750926612306 0.40129749768303985
0 0.14325426241660488 0.34105653382761814 0.2346182357301705 0.6376274328081557
0 0.14899925871015565 0.36746987951807225 0.2386953298739807 0.6830398517145505
0 0.15845070422535212 0.39040778498609824 0.2620459599703484 0.727062094531974
0 0.2016308376575241 0.4309545875810936 0.32616753150481836 0.7692307692307692
0 0.1738324684951816 0.428174235403151 0.2972572275759822 0.7822057460611678
0 0.21830985915492956 0.33897126969416125 0.37731653076352856 0.5871177015755329
0 0.1873610081541883 0.3118628359592215 0.34062268346923646 0.5792400370713624
0 0.39010378057820605 0.09545875810936053 0.7490733876945885 0.15755329008341057
0 0.4171608598962194 0.10495829471733087 0.8061527057079318 0.17099165894346618
0 0.4186434395848777 0.12140871177015755 0.8061527057079318 0.19833178869323448
0 0.4343958487768717 0.09870250231696015 0.8361749444032617 0.1566265060240964
0 0.1771682727946627 0.479610750695088 0.3217197924388436 0.9110287303058388
0 0.16679021497405486 0.4821594068582021 0.29503335804299485 0.9179796107506951
0 0.3741660489251297 0.4759036144578313 0.7171979243884359 0.9110287303058388
0 0.17272053372868792 0.37650602409638556 0.28020756115641215 0.669601482854495
0 0.18643439584877688 0.3982854494902688 0.2987398072646405 0.6872103799814644
0 0.20348406226834692 0.4423076923076923 0.368421052631579 0.8308619091751621
