7 0.18669000000000002 0.272045 0.18026 0.22651
7 0.11467 0.21658500000000003 0.10379999999999999 0.19499000000000002
7 0.344815 0.724485 0.18267 0.4168299999999999
7 0.49288 0.6701900000000001 0.3066 0.73324
0 0.13076000000000002 0.17513499999999999 0.22612000000000002 0.30357
0 0.137605 0.184475 0.24945 0.33159000000000005
0 0.161745 0.197905 0.25911 0.27905
0 0.075645 0.160545 0.13197 0.26037
0 0.10703 0.219505 0.1883 0.37363
2 0.094955 0.17221999999999998 0.15129 0.29306
2 0.13076000000000002 0.216585 0.22612000000000002 0.34442999999999996
5 0.204795 0.10041 0.37419 0.1261
4 0.18428 0.395225 0.027359999999999995 0.37479000000000007
