0 0.28117499999999995 0.6187 0.52281 1.16966
0 0.282255 0.6327100000000001 0.5163099999999999 1.2117
0 0.21910000000000002 0.633005 0.35722 1.17257
0 0.23235999999999998 0.55767 0.4088 1.0312599999999998
0 0.27719499999999997 0.53169 0.51197 0.99096
0 0.282375 0.5424899999999999 0.54065 1.00556
0 0.276595 0.54979 0.51365 1.0365199999999999
0 0.19512 0.575485 0.36806 1.0972499999999998
0 0.309855 0.57724 0.59175 1.10542
0 0.17102 0.6093500000000001 0.31986000000000003 1.15564
0 0.24645999999999998 0.39738 0.46496 0.73636
0 0.203075 0.553295 0.38397000000000003 1.0481900000000002
0 0.249835 0.633295 0.47749 1.19885
0 0.24429499999999998 0.63096 0.46255 1.22222
2 0.39494 0.705125 0.70986 0.021609999999999907
2 0.358065 0.649645 0.64189 1.1007500000000001
2 0.37506 0.6166550000000001 0.67298 0.9763700000000001
