2 0.259325 0.301 0.19807000000000002 0.18095999999999998
2 0.18102 0.528675 0.26992 0.8586499999999999
2 0.19254 0.48668500000000003 0.29664 0.81725
2 0.14140999999999998 0.59254 0.13174 0.99584
2 0.288805 0.6126499999999999 0.45600999999999997 1.05498
0 0.443115 0.64458 0.73883 0.9296200000000001
4 0.40995000000000004 0.70726 0.17504000000000003 0.052040000000000086
2 0.13588 0.16499 0.01197999999999999 0.060319999999999985
2 0.09074499999999999 0.06032 0.06725 0.002360000000000001
2 0.220175 0.375515 0.36665000000000003 0.63275
2 0.473975 0.230035 0.8853099999999999 0.36073
2 0.289265 0.52572 0.49747 0.91424
5 0.2667 0.39325 0.47812 0.7155400000000001
5 0.273145 0.424595 0.48365 0.74511
5 0.23814 0.028975 0.421 0.003550000000000001
5 0.17319 0.371965 0.26532 0.62565
5 0.20129 0.390885 0.33993999999999996 0.71081
2 0.15568500000000002 0.275575 0.24505000000000002 0.48491
