0 0.47635 0.557815 0.64826 0.10314999999999996
0 0.399575 0.46181 0.7363500000000001 0.8594799999999999
0 0.234715 0.360175 0.38000999999999996 0.61633
0 0.17883000000000002 0.392465 0.31934 0.7346499999999999
0 0.16313 0.401565 0.29857999999999996 0.76673
0 0.149425 0.426705 0.26799 0.8100700000000001
0 0.255475 0.317915 0.47263 0.60289
0 0.288335 0.19871999999999998 0.5458099999999999 0.35064
0 0.30564 0.2464 0.58466 0.45292
0 0.32652499999999995 0.44816 0.61473 0.8130999999999999
0 0.32027500000000003 0.415865 0.61607 0.79533
0 0.29339499999999996 0.24401499999999998 0.54101 0.37361
1 0.47901499999999997 0.556515 0.64507 0.09014999999999995
