0 0.09668 0.21892 0.04796 0.018500000000000016
0 0.097065 0.498475 0.05027000000000001 0.57761
0 0.13999 0.5154299999999999 0.10674 0.8623
0 0.40451 0.19014 0.71002 0.018500000000000016
0 0.36467499999999997 0.3515 0.67675 0.60434
0 0.341085 0.497445 0.60173 0.8633299999999999
4 0.33992500000000003 0.663945 0.10905000000000004 0.23432999999999993
0 0.08856 0.053445000000000006 0.14307999999999998 0.024670000000000004
0 0.0611 0.039055000000000006 0.09126000000000001 0.01233
0 0.01663 0.199905 0.006959999999999999 0.22302999999999998
0 0.0232 0.289315 0.00928 0.50875
0 0.0379 0.259515 0.03248 0.46559
0 0.06806 0.46456000000000003 0.099 0.888
2 0.406055 0.15417 0.70693 0.04521999999999998
