4 0.693295 0.49458 0.28818999999999995 0.5562
4 0.6213299999999999 0.14842 0.7588199999999999 0.08118000000000002
5 0.11820499999999999 0.14467 0.17359 0.21439999999999998
5 0.122445 0.16611 0.13115 0.24562
5 0.119475 0.21066000000000001 0.18971 0.34138
5 0.151945 0.17152 0.21560999999999997 0.22314
5 0.16807 0.149045 0.2954 0.21149
5 0.18398499999999998 0.17631 0.29497 0.25104
5 0.188865 0.17652 0.34038999999999997 0.27976
5 0.231525 0.181515 0.34251000000000004 0.23313
5 0.16107000000000002 0.089925 0.26272 0.10991000000000001
5 0.1755 0.09596 0.2814 0.1303
5 0.18823499999999999 0.10949 0.31365 0.12906
5 0.236615 0.115945 0.41041 0.15029
5 0.18823499999999999 0.026435 0.26951 0.012069999999999997
5 0.29285 0.083885 0.35482 0.04371
5 0.30028 0.22960000000000003 0.17784 0.031219999999999998
5 0.27312 0.37468500000000005 0.48002 0.66611
5 0.26017 0.390295 0.4762 0.71565
5 0.17082999999999998 0.454825 0.10907999999999998 0.84471
5 0.266325 0.257075 0.47663 0.45587
5 0.24213500000000002 0.26998 0.46559 0.48834
5 0.268235 0.271645 0.50251 0.49167000000000005
5 0.29369999999999996 0.27851499999999996 0.53308 0.47376999999999997
5 0.31259 0.271645 0.55896 0.44171
5 0.32214000000000004 0.293505 0.58316 0.51373
5 0.33826500000000004 0.338255 0.60863 0.59491
5 0.37243499999999996 0.405285 0.63791 0.7156499999999999
5 0.30961500000000003 0.440465 0.51907 0.8009900000000001
5 0.33147499999999996 0.212945 0.60863 0.35761
5 0.386015 0.243755 0.69563 0.38925
5 0.416355 0.23647 0.75123 0.30974
5 0.391745 0.094295 0.69181 0.12697
5 0.370945 0.115945 0.70115 0.17693
5 0.38728500000000005 0.116985 0.72873 0.18401
5 0.31301 0.1149 0.5733999999999999 0.14654
5 0.312375 0.102205 0.54665 0.11615
5 0.315135 0.14508500000000002 0.45881000000000005 0.032049999999999995
5 0.32065 0.125105 0.6158399999999999 0.19525
5 0.255925 0.45003499999999996 0.44395 0.83013
1 0.20181500000000002 0.41944000000000004 0.13115000000000002 0.27518000000000004
5 0.396625 0.172355 0.71685 0.26477
5 0.309195 0.201705 0.56915 0.36511
5 0.322775 0.15924 0.6098899999999999 0.28684
5 0.20966500000000002 0.197335 0.35481 0.32805
0 0.131995 0.153 0.23343 0.2577
0 0.13688 0.152785 0.25168 0.25895
0 0.10674499999999999 0.19733 0.19481 0.36136
0 0.18208 0.168195 0.34718 0.29975
0 0.165525 0.15945 0.31407 0.28226
0 0.22749499999999998 0.10054 0.43461 0.17278000000000002
0 0.194385 0.189635 0.37179 0.34429
0 0.377315 0.08847000000000001 0.73425 0.14196
0 0.36734 0.08784 0.716 0.14904
0 0.36734 0.11012000000000001 0.7125999999999999 0.18526
0 0.37986000000000003 0.111365 0.73934 0.19775
0 0.33190000000000003 0.328055 0.63664 0.61615
0 0.32256 0.325975 0.62136 0.6186499999999999
0 0.26738500000000004 0.36344000000000004 0.50761 0.69358
0 0.25847 0.36594 0.49317999999999995 0.69192
0 0.25508 0.38093 0.47959999999999997 0.73854
0 0.35312 0.38904500000000003 0.68248 0.75645
0 0.34569 0.392795 0.66592 0.75061
0 0.48002 0.41153 0.9193 0.79808
0 0.438215 0.3955 0.8475699999999999 0.76768
0 0.418485 0.40112 0.8165899999999999 0.77394
0 0.214335 0.05162 0.41169 0.08326
5 0.081275 0.172145 0.08954999999999999 0.26603
