4 0.35458 0.44162500000000005 0.21248 0.058609999999999995
2 0.17936 0.270425 0.24281999999999998 0.32697000000000004
0 0.17798 0.27094 0.24557999999999996 0.33211999999999997
0 0.06519 0.036500000000000005 0.10554 0.02776
2 0.065535 0.035475 0.10347 0.03393
2 0.15246 0.056035 0.26628 0.058609999999999995
2 0.14004 0.08688499999999999 0.24695999999999999 0.10385
2 0.159355 0.105905 0.29111000000000004 0.15422999999999998
0 0.15211 0.056549999999999996 0.26833999999999997 0.05552
0 0.13935 0.08688499999999999 0.24558 0.10385
0 0.159355 0.105905 0.29111000000000004 0.15422999999999998
0 0.13244999999999998 0.182515 0.24281999999999998 0.33623
0 0.131415 0.23598 0.23247 0.41026
0 0.08382 0.14498 0.13728 0.2406
0 0.00414 0.136755 0.00276 0.22415
0 0.10141 0.42774500000000004 0.09244000000000001 0.09871000000000002
0 0.120725 0.35371 0.14762999999999998 0.50178
0 0.13038 0.35988000000000003 0.17246 0.65396
0 0.118655 0.23186500000000002 0.20419 0.35269
0 0.050355 0.533135 0.03173 0.7166699999999999
