2 0.20904999999999999 0.24007 0.25192 0.15090000000000003
2 0.25767 0.29723 0.39158 0.34753999999999996
2 0.27977 0.206915 0.43578 0.10288999999999998
2 0.15778 0.149185 0.17059999999999997 0.12003
2 0.065855 0.575025 0.057449999999999994 1.04031
2 0.11226 0.22406500000000001 0.09016 0.27437
1 0.48926000000000003 0.640185 0.56484 0.8048099999999999
2 0.24838500000000002 0.36582 0.29877 0.35668
5 0.265625 0.364105 0.47114999999999996 0.61389
4 0.23557 0.442985 0.09282000000000001 0.34181000000000006
7 0.10077 0.38582500000000003 0.01768 0.41955
7 0.15955 0.266935 0.13878000000000001 0.25493
