6 0.238235 0.49435999999999997 0.008510000000000018 0.22221999999999997
6 0.339985 0.46395 0.22635 0.4934
6 0.42739 0.452285 0.5983999999999999 0.57563
6 0.778305 0.59361 0.4449899999999999 0.37024
0 0.23016999999999999 0.10212500000000001 0.38324 0.13081
0 0.27431500000000003 0.11551 0.40879000000000004 0.1637
0 0.19431 0.11513000000000001 0.33662 0.1507
0 0.19655 0.13138 0.33752000000000004 0.20616
0 0.21941 0.153945 0.37248000000000003 0.24517
0 0.234875 0.173265 0.38010999999999995 0.27615
0 0.24608 0.22815 0.35232 0.33544
0 0.25527 0.200225 0.45496000000000003 0.35609
0 0.24877 0.215145 0.4545 0.37981000000000004
0 0.27768000000000004 0.193725 0.48902000000000007 0.32778999999999997
0 0.295165 0.19602 0.51681 0.34768000000000004
0 0.23128500000000002 0.252245 0.40879 0.44789
0 0.23039 0.26142499999999996 0.4321 0.47542999999999996
0 0.276785 0.258365 0.48723 0.46013
0 0.38772 0.267355 0.47064000000000006 0.45209
0 0.300765 0.28436999999999996 0.50829 0.5152
0 0.15688000000000002 0.27653500000000003 0.20260000000000003 0.47657000000000005
0 0.404085 0.20099 0.67011 0.28418
0 0.40453 0.22949 0.75348 0.34576
0 0.42268 0.21323 0.7915800000000001 0.3515
0 0.42156 0.2576 0.7732 0.39127999999999996
0 0.41663500000000003 0.2205 0.79561 0.42112
0 0.42694 0.28896499999999997 0.73376 0.48155
0 0.36957 0.33945 0.63336 0.57946
0 0.539895 0.426085 0.8771899999999999 0.65939
7 0.493955 0.51042 0.06992999999999994 0.051640000000000075
7 0.088075 0.422255 0.055130000000000005 0.58137
7 0.4247 0.42895 0.59302 0.7003199999999999
2 0.262215 0.110535 0.43479 0.17210999999999999
2 0.23241 0.10078000000000001 0.3913 0.15414
2 0.209325 0.13252999999999998 0.31107 0.20234
2 0.30749000000000004 0.16045 0.54684 0.28265999999999997
2 0.24742499999999998 0.22949 0.35501 0.35494
2 0.25258 0.212085 0.446 0.38287
2 0.33460500000000004 0.346335 0.56701 0.6421899999999999
0 0.33304 0.337535 0.63022 0.63989
0 0.29807500000000003 0.340215 0.56747 0.65749
