0 0.33318 0.096975 0.40425999999999995 0.02237
0 0.333795 0.122615 0.39066999999999996 0.12215
0 0.402405 0.07833 0.55261 0.044759999999999994
0 0.345535 0.208405 0.58723 0.24897000000000002
0 0.430225 0.034964999999999996 0.75165 0.006530000000000001
0 0.44506 0.31144 0.8010999999999999 0.46621999999999997
0 0.39808 0.229385 0.68736 0.37671
0 0.33070499999999997 0.228455 0.50811 0.31517
0 0.30721 0.255025 0.47102 0.36458999999999997
0 0.46978499999999995 0.26575 0.81099 0.37484
2 0.5343549999999999 0.36319 0.9351899999999999 0.6480600000000001
2 0.51952 0.387435 0.9648599999999999 0.69655
2 0.54301 0.430795 0.9178799999999999 0.73477
2 0.15515 0.48954 0.03831999999999999 0.83734
2 0.058105 0.36785 0.00741 0.64992
2 0.0921 0.30024999999999996 0.08036000000000001 0.54828
2 0.097665 0.18928999999999999 0.07665 0.30398
2 0.121155 0.16318 0.13351 0.24429999999999996
2 0.5306449999999999 0.117955 0.94261 0.15012999999999999
2 0.53778 0.16225 0.91732 0.2126
2 0.5269349999999999 0.18183 0.9500299999999999 0.26668000000000003
2 0.491415 0.150125 0.87899 0.21819
2 0.440115 0.379975 0.68243 0.65179
2 0.30412500000000003 0.39816 0.46979000000000004 0.7068
2 0.21572999999999998 0.32495999999999997 0.31772 0.56414
2 0.23427 0.29978499999999997 0.36469999999999997 0.52871
2 0.364705 0.31889999999999996 0.5414899999999999 0.51844
2 0.40116999999999997 0.282065 0.72816 0.4858100000000001
0 0.31339500000000003 0.032635 0.53283 0.016789999999999996
0 0.34801 0.042895 0.58228 0.011189999999999999
0 0.50378 0.224725 0.88394 0.33755
4 0.338735 0.254095 0.22253 0.16691000000000003
2 0.313395 0.35712999999999995 0.52295 0.60236
5 0.5355899999999999 0.312835 0.9327199999999999 0.55481
5 0.5343549999999999 0.297455 0.9351899999999999 0.52031
5 0.52323 0.273675 0.9574399999999998 0.45411
5 0.5269349999999999 0.234045 0.9500299999999999 0.39349
5 0.529125 0.483945 0.93957 0.88583
2 0.08283 0.058275 0.06675999999999999 0.045689999999999995
2 0.22809 0.135205 0.293 0.18835000000000002
2 0.33503 0.269945 0.57116 0.44665
2 0.37768 0.25829 0.5724 0.37484
2 0.430225 0.250365 0.75165 0.40749
2 0.55447 0.29372 0.8369599999999999 0.36366
2 0.44134999999999996 0.518445 0.41786 0.68629
5 0.6270749999999999 0.41774 0.7497499999999999 0.15666000000000002
