5 0.225655 0.44403 0.14131000000000002 0.21158
5 0.43706 0.22219 0.14017999999999997 0.025480000000000003
5 0.20286 0.204145 0.12308000000000002 0.17336999999999997
5 0.349875 0.2604 0.51741 0.38494
2 0.18861499999999998 0.217235 0.26327 0.40051000000000003
2 0.20172500000000002 0.28835 0.31227 0.48896
2 0.30543 0.324795 0.46497999999999995 0.5533499999999999
2 0.29232499999999995 0.35628499999999996 0.44332999999999995 0.61917
2 0.360135 0.34992 0.61087 0.5668
2 0.44504499999999997 0.35946500000000003 0.73053 0.55477
2 0.226225 0.09694 0.37495 0.14294
2 0.38407 0.146475 0.41256000000000004 0.11747
4 0.33335499999999996 0.2137 0.39775 0.19530000000000003
4 0.567075 0.177255 0.8697499999999999 0.11959000000000002
4 0.51456 0.23847 0.64164 0.29012
4 0.6997599999999999 0.42562999999999995 0.42396 0.32195999999999997
3 0.79102 0.33364 0.4218599999999999 0.21865999999999997
