1 0.6162949999999999 0.381845 0.7713099999999999 0.5415300000000001
2 0.335575 0.130865 0.19143000000000002 0.11455
2 0.37421000000000004 0.08574000000000001 0.53162 0.014579999999999996
2 0.271 0.08435 0.11762 0.043739999999999994
2 0.100905 0.11282 0.05188999999999999 0.06734000000000001
2 0.13896 0.033675 0.09802 0.01319
2 0.1724 0.397815 0.10264000000000001 0.39573
2 0.35576 0.371085 0.2733 0.5838700000000001
2 0.36556 0.206195 0.60196 0.30131
2 0.21391500000000002 0.270065 0.17413000000000003 0.33463
2 0.33730499999999997 0.21383000000000002 0.38400999999999996 0.18884
2 0.31309000000000003 0.262775 0.52008 0.43391
