2 0.159195 0.068535 0.20115 0.01929
4 0.37399000000000004 0.50206 0.052559999999999996 0.007099999999999995
1 0.56957 0.562975 0.64184 0.7401500000000001
6 0.32698499999999997 0.586325 0.10815000000000002 0.58379
2 0.051045 0.08426499999999999 0.00909 0.06295
0 0.244605 0.414235 0.43261 0.79599
0 0.20367000000000002 0.48429 0.35478 0.9036
2 0.19508 0.45992500000000003 0.34972 0.83863
2 0.255725 0.44672500000000004 0.44677 0.81223
2 0.20367000000000002 0.497995 0.3467 0.89447
2 0.02375 0.16854000000000002 0.013139999999999999 0.2721
