2 0.49503 0.20174 0.76304 0.28321999999999997
2 0.564395 0.24367 0.8210500000000001 0.36707999999999996
2 0.54638 0.13805 0.9111399999999998 0.10206
6 0.50638 0.481395 0.0012599999999999278 0.28243
4 0.595295 0.43195 0.28251000000000004 0.28164
7 0.450885 0.249595 0.54359 0.14161
0 0.344945 0.36154000000000003 0.3417899999999999 0.60916
0 0.35187999999999997 0.34137 0.5726 0.6036199999999999
0 0.26801 0.273335 0.46034 0.50553
0 0.25855 0.28599 0.40612000000000004 0.51818
0 0.327915 0.29944 0.6255700000000001 0.57672
0 0.39287500000000003 0.33266999999999997 0.62935 0.59888
0 0.348725 0.318035 0.5915100000000001 0.58543
1 0.170265 0.348095 0.11351 0.15822999999999998
2 0.04099 0.087815 0.013880000000000003 0.09969
