5 0.617185 0.40978499999999995 0.7695299999999999 0.04572999999999999
5 0.52107 0.48424 0.76224 0.6777
5 0.512325 0.65308 0.67477 0.8090200000000001
5 0.27553 0.53055 0.18618 0.6906
4 0.62604 0.42444499999999996 0.12246000000000001 0.07034999999999997
5 0.31864 0.38575 0.48734 0.69646
5 0.27803 0.452585 0.49107999999999996 0.8488899999999999
5 0.246165 0.39337 0.44234999999999997 0.74454
5 0.157445 0.25619000000000003 0.22493 0.42328000000000005
5 0.533465 0.36582 0.9369699999999999 0.61908
5 0.52732 0.514135 0.93468 0.95793
0 0.11058499999999999 0.6161449999999999 0.013749999999999998 0.88993
1 0.5823 0.6261150000000001 0.66478 1.01773
