2 0.54609 0.153285 0.9117199999999999 0.10054999999999999
2 0.05141 0.31024999999999997 0.014679999999999999 0.49295999999999995
2 0.34938 0.460675 0.22452 0.5583699999999999
2 0.42439499999999997 0.05641 0.75227 0.04088
2 0.46688999999999997 0.173315 0.87502 0.26161
2 0.46216999999999997 0.13612 0.7942400000000001 0.18394
4 0.29115 0.31393000000000004 0.015740000000000032 0.17004000000000002
3 0.747545 0.595155 0.46479000000000004 0.35971
1 0.193575 0.44473 0.08709 0.6540199999999999
2 0.22715 0.0654 0.34098 0.0327
