4 0.369455 0.244465 0.07600999999999997 0.15503
6 0.43425 0.35358 0.2679 0.13951999999999998
2 0.165725 0.450175 0.09719000000000001 0.44083000000000006
2 0.37163500000000005 0.416185 0.05795 0.66065
2 0.5266649999999999 0.373455 0.9486699999999999 0.68171
2 0.528535 0.38399 0.9449299999999999 0.69484
2 0.5266649999999999 0.32675 0.9486699999999999 0.5581
2 0.463845 0.22002 0.7308100000000001 0.3335
2 0.360105 0.308065 0.59561 0.54299
0 0.342665 0.301905 0.62551 0.5545100000000001
0 0.52542 0.322975 0.9511599999999999 0.57121
0 0.5247999999999999 0.29216499999999995 0.9523999999999999 0.50483
0 0.528535 0.37286 0.9449299999999999 0.68212
0 0.51857 0.376435 0.9648599999999999 0.7147100000000001
0 0.145475 0.38120499999999996 0.22864999999999996 0.70199
0 0.17133500000000002 0.370075 0.25295 0.7147100000000001
0 0.19064499999999998 0.36988 0.26665 0.69364
0 0.227715 0.407245 0.25356999999999996 0.70477
0 0.227095 0.39532 0.38190999999999997 0.7381599999999999
0 0.27164 0.402075 0.38378 0.76121
2 0.326775 0.198355 0.51649 0.34901000000000004
2 0.5621799999999999 0.29157 0.8776399999999999 0.4575199999999999
2 0.52916 0.292165 0.9436799999999999 0.5016499999999999
2 0.052645 0.13535 0.03176999999999999 0.18324000000000001
2 0.0757 0.15522999999999998 0.07912 0.27388
1 0.1651 0.20630500000000002 0.1084 0.21863
