4 0.60432 0.385955 0.14927999999999997 0.14327
5 0.556775 0.145755 0.48103000000000007 0.07199
5 0.533555 0.264075 0.91229 0.37705
5 0.567325 0.35317 0.8692499999999999 0.42408
1 0.5965849999999999 0.38809499999999997 0.79065 0.53955
5 0.30685999999999997 0.31967 0.42351999999999995 0.36850000000000005
5 0.452275 0.24234 0.85147 0.45045999999999997
5 0.44066 0.22380499999999998 0.8149799999999999 0.36207
5 0.57285 0.12686999999999998 0.8581999999999999 0.1682
5 0.41246499999999997 0.21169 0.76301 0.36636
5 0.47052000000000005 0.210975 0.88354 0.37062999999999996
2 0.44619000000000003 0.096575 0.83488 0.15609
2 0.40527500000000005 0.20669500000000002 0.77959 0.39059
