6 0.19776000000000002 0.67577 0.13184 0.46268
2 0.07404 0.5848000000000001 0.020780000000000007 1.02356
2 0.06332499999999999 0.5357000000000001 0.07209 0.9807600000000001
2 0.091895 0.6446050000000001 0.09547 1.14317
2 0.122905 0.5681200000000001 0.18477000000000002 0.9071
2 0.0893 0.215605 0.09806000000000001 0.25747
2 0.07972 0.288625 0.07502 0.37329
2 0.11528000000000001 0.28075500000000003 0.15262 0.37015000000000003
2 0.14531500000000003 0.305935 0.21919000000000002 0.32985
2 0.176 0.33426 0.25068 0.42175999999999997
2 0.169505 0.357555 0.22991 0.58417
2 0.18055 0.33993 0.30913999999999997 0.54388
2 0.19451000000000002 0.341505 0.35524 0.63013
2 0.210095 0.328915 0.35525 0.37329
2 0.1911 0.26124 0.29778000000000004 0.3563
2 0.20912 0.18444500000000003 0.37928 0.23795000000000002
2 0.18947499999999998 0.17437 0.33869 0.25306
2 0.178765 0.143525 0.32245 0.16115
2 0.22194999999999998 0.146675 0.3335 0.13218999999999997
2 0.24744 0.257775 0.39876 0.12526999999999996
2 0.22666 0.456385 0.35459999999999997 0.7566499999999999
2 0.21870499999999998 0.519965 0.21789 0.88381
2 0.178595 0.531925 0.27147 0.94299
2 0.218055 0.57599 0.31271000000000004 0.9304000000000001
2 0.27423 0.6087199999999999 0.34972 0.8749999999999999
2 0.169995 0.559625 0.26854999999999996 1.01349
2 0.15603 0.57473 0.20944 0.87752
2 0.15489 0.5832299999999999 0.24744000000000002 1.06826
2 0.222925 0.645865 0.26011 1.15575
2 0.32910500000000004 0.521225 0.57119 0.92159
2 0.337875 0.57064 0.60431 0.99776
2 0.37132 0.564975 0.65822 0.9813900000000001
2 0.34242 0.5791350000000001 0.6134000000000001 1.06763
2 0.060884999999999995 0.160835 0.08151 0.14289
2 0.035554999999999996 0.23071 0.013309999999999999 0.03588000000000002
2 0.05293 0.208995 0.004540000000000002 0.10574999999999998
2 0.10083 0.070185 0.14579999999999999 0.027070000000000004
2 0.112355 0.12464 0.15717 0.09820000000000001
2 0.09076000000000001 0.12968000000000002 0.14386 0.19892
2 0.11966500000000001 0.106385 0.18087 0.061689999999999995
2 0.168045 0.11268 0.19971000000000003 0.04658000000000001
2 0.20263 0.056965 0.30654 0.024549999999999995
2 0.382685 0.426485 0.55625 0.43246999999999997
2 0.318395 0.49069 0.57833 0.6616000000000001
2 0.387395 0.37046 0.6163299999999999 0.11897999999999997
2 0.38561 0.21875 0.6816 0.23858000000000001
4 0.45413000000000003 0.7390300000000001 0.24191999999999997 0.47085999999999995
2 0.23072 0.386515 0.40558 0.59173
2 0.278615 0.330485 0.5000699999999999 0.46960999999999997
2 0.121285 0.34056000000000003 0.20231 0.57536
2 0.078585 0.34528 0.06364999999999998 0.58732
2 0.14937 0.378325 0.25717999999999996 0.69119
2 0.16739500000000002 0.398785 0.29713 0.7295900000000001
2 0.262055 0.43561 0.50073 0.8259
2 0.137035 0.095365 0.25589 0.14793
2 0.110405 0.52374 0.062350000000000017 0.57914
2 0.134435 0.407285 0.16237000000000001 0.6685300000000001
2 0.299725 0.25589 0.5422899999999999 0.42868
2 0.25897 0.35661 0.48285999999999996 0.6603399999999999
