5 0.255465 0.273915 0.026209999999999983 0.14216999999999996
0 0.26914 0.35519 0.49422 0.61334
5 0.20532 0.292355 0.28756000000000004 0.41584999999999994
5 0.06401 0.303515 0.07484 0.53521
5 0.074265 0.304485 0.10751 0.54491
0 0.05223 0.245525 0.005699999999999997 0.34743
5 0.082815 0.20671 0.08052999999999999 0.32026
0 0.30257 0.084675 0.5580400000000001 0.08589000000000001
0 0.260785 0.133685 0.43191 0.15672999999999998
0 0.286995 0.17153 0.5177700000000001 0.26736
0 0.38443 0.263965 0.55614 0.27949
0 0.23172 0.308855 0.41178 0.55365
0 0.18765500000000002 0.40493 0.31453 0.73804
0 0.015574999999999999 0.45369 0.0053100000000000005 0.76764
4 0.263825 0.42021 0.31947 0.58422
0 0.1774 0.25038 0.31833999999999996 0.45806
0 0.18367 0.26299500000000003 0.34758 0.48717000000000005
0 0.15252000000000002 0.19312500000000002 0.24882 0.30473
0 0.172655 0.19312 0.31947000000000003 0.3319
0 0.153465 0.15042 0.26743 0.25814000000000004
0 0.101425 0.172015 0.16030999999999998 0.29551
0 0.106935 0.181235 0.18499 0.32171
0 0.12459500000000001 0.234125 0.20665 0.39255
0 0.135235 0.235095 0.23704999999999998 0.41779
0 0.046724999999999996 0.2135 0.044829999999999995 0.37654000000000004
0 0.032665 0.206465 0.028870000000000003 0.37217
0 0.030010000000000002 0.23290999999999998 0.026600000000000002 0.41924
0 0.04786 0.2579 0.062299999999999994 0.47892
0 0.05907 0.299875 0.0832 0.54541
0 0.071605 0.3006 0.11131000000000002 0.5565599999999999
0 0.173985 0.145085 0.32060999999999995 0.25135
0 0.18898500000000001 0.16401 0.34607 0.27756000000000003
0 0.20873999999999998 0.194095 0.39164 0.34161
0 0.21083000000000002 0.21423 0.3852 0.37218
0 0.09136 0.117185 0.13562000000000002 0.18972999999999998
0 0.08546999999999999 0.161825 0.04937999999999999 0.19749000000000003
0 0.11889999999999999 0.088315 0.18614 0.11063
0 0.12365 0.14848 0.2245 0.25814000000000004
0 0.127445 0.165225 0.22299000000000002 0.30133
0 0.282815 0.48886999999999997 0.38785000000000003 0.75066
0 0.227735 0.46243 0.32935 0.7618199999999999
5 0.112635 0.38164000000000003 0.15385000000000001 0.6177
5 0.12707 0.399105 0.19183999999999998 0.67593
5 0.20342000000000002 0.505855 0.35062 0.93213
5 0.284715 0.16692 0.52537 0.27562
5 0.29269 0.05022 0.54132 0.044160000000000005
5 0.30124 0.087585 0.5569000000000001 0.09171
