5 0.312965 0.31125499999999995 0.47037 0.49328999999999995
5 0.344445 0.36538 0.48889000000000005 0.55266
5 0.34768499999999997 0.49329 0.49906999999999996 0.59544
5 0.439355 0.30427 0.7638900000000001 0.4234399999999999
2 0.091665 0.165015 0.005549999999999999 0.02618999999999999
2 0.043985 0.37542 0.026850000000000002 0.4086
2 0.473615 0.19513 0.7953699999999999 0.27502
4 0.28426 0.21040999999999999 0.25 0.16937999999999998
5 0.11435000000000001 0.20037 0.14351999999999998 0.2855
5 0.278705 0.252755 0.42407 0.36233
5 0.2625 0.297285 0.44722 0.49329
5 0.181945 0.29902500000000004 0.29351 0.53869
5 0.18564999999999998 0.24271500000000001 0.16018 0.35971
5 0.2125 0.09909000000000001 0.3324 0.13882
2 0.181945 0.130525 0.21944999999999998 0.14581
2 0.08611 0.17942 0.09074000000000002 0.22962
2 0.107405 0.09342 0.12593 0.12397999999999999
2 0.135645 0.189025 0.22315 0.31169
2 0.42963 0.281565 0.7999999999999999 0.5107499999999999
2 0.41296499999999997 0.26628999999999997 0.78889 0.45574
0 0.456485 0.18465499999999999 0.87593 0.31693
0 0.011574999999999998 0.31212500000000004 0.00277 0.57885
0 0.313425 0.444395 0.57129 0.8468899999999999
0 0.288885 0.43261 0.54815 0.8268000000000001
0 0.42314999999999997 0.327405 0.82408 0.6198899999999999
2 0.119445 0.09735 0.19445 0.15628
2 0.28333 0.053255 0.44074 0.043649999999999994
