1 0.610745 0.610285 0.7824099999999998 0.76631
2 0.7864899999999999 0.813165 0.43091999999999986 0.50389
2 0.42134000000000005 0.37433 0.73624 0.56784
2 0.454055 0.313685 0.8327100000000001 0.47300999999999993
2 0.446845 0.405205 0.76063 0.67369
2 0.24947999999999998 0.49065499999999995 0.37478 0.70787
2 0.25336000000000003 0.427255 0.23618 0.63841
2 0.26722 0.38536 0.34816 0.5281399999999999
2 0.10256499999999999 0.37322500000000003 0.04103 0.58327
2 0.150795 0.500575 0.08870999999999998 0.71889
2 0.304365 0.54413 0.23173 0.9250799999999999
2 0.387525 0.554605 0.5577300000000001 0.96807
