2 0.531845 0.47934000000000004 0.13512999999999997 0.57784
5 0.4103 0.23848999999999998 0.41294000000000003 0.09991999999999998
5 0.414455 0.21728 0.56921 0.09710000000000002
2 0.27102 0.182405 0.26422 0.17251
5 0.33481 0.414765 0.6243200000000001 0.7692100000000001
5 0.334055 0.39544 0.60469 0.7117
5 0.39935000000000004 0.24933 0.68396 0.34406000000000003
5 0.361985 0.22623500000000002 0.66659 0.36197
5 0.179295 0.429845 0.31329 0.79937
5 0.270265 0.41004999999999997 0.48012999999999995 0.75978
5 0.234025 0.38177 0.43180999999999997 0.7183
5 0.228745 0.35585 0.41521 0.6626799999999999
5 0.247615 0.340295 0.44087000000000004 0.62781
5 0.37482 0.353495 0.6983 0.6391100000000001
5 0.264225 0.03111 0.48013 0.005659999999999998
4 0.246485 0.21303499999999997 0.26044999999999996 0.26771
