4 0.35458 0.40656000000000003 0.21895999999999996 0.25982
0 0.5171749999999999 0.341605 0.9671299999999999 0.59349
0 0.5307149999999999 0.388335 0.9400499999999999 0.63835
0 0.51391 0.29744 0.97366 0.5406799999999999
0 0.5237149999999999 0.34067000000000003 0.95405 0.5804
5 0.5288499999999999 0.366135 0.94378 0.5771299999999999
0 0.058825 0.41217 0.054150000000000004 0.7794800000000001
0 0.082635 0.505395 0.06817000000000001 0.75845
0 0.10411000000000001 0.49278 0.12606 0.9164000000000001
0 0.146595 0.12360499999999999 0.25584999999999997 0.21169
0 0.129785 0.053739999999999996 0.22223 0.0701
0 0.140525 0.060985000000000004 0.25490999999999997 0.09393
0 0.1564 0.09789999999999999 0.28292 0.16402
0 0.09290499999999999 0.340905 0.16341 0.65751
4 0.098275 0.32852 0.10504999999999999 0.5075
1 0.67952 0.565215 0.37116 0.63507
