2 0.11946 0.22149 0.07177999999999998 0.3151
2 0.03803 0.175365 0.022499999999999996 0.18267
2 0.375515 0.06576499999999999 0.62675 0.029229999999999992
2 0.33801499999999995 0.07033 0.52603 0.038360000000000005
2 0.235165 0.135635 0.32033 0.14339
2 0.20463 0.15298499999999998 0.2807 0.20733
2 0.18642 0.172625 0.25284 0.25757
2 0.15481 0.183585 0.2282 0.28679
2 0.019285 0.31693499999999997 0.01285 0.55349
2 0.1066 0.029685 0.11464000000000002 0.010049999999999996
2 0.42105 0.22879500000000003 0.73924 0.20551
4 0.55497 0.438415 0.14142 0.17537000000000003
2 0.05678 0.068045 0.027859999999999996 0.07399
2 0.053035 0.13380999999999998 0.01607 0.11782000000000001
2 0.01125 0.237475 0.0075 0.43111
2 0.30052 0.081745 0.41676 0.09407000000000001
2 0.41944 0.15253 0.68888 0.12969999999999998
2 0.129095 0.319675 0.14249 0.34707
