5 0.113915 0.43521 0.03111 0.67574
5 0.297075 0.406195 0.38539 0.67761
5 0.264955 0.461885 0.40145 0.8226899999999999
5 0.394425 0.415555 0.67645 0.71879
5 0.43206 0.47405 0.6513599999999999 0.84702
5 0.28402499999999997 0.284055 0.38339 0.46702999999999995
5 0.22632 0.21433 0.3041 0.31634
5 0.40647 0.2878 0.72462 0.45953999999999995
5 0.4441 0.361275 0.6031799999999999 0.49043
5 0.06273 0.072065 0.049179999999999995 0.06177
0 0.097355 0.23258 0.030109999999999998 0.04211999999999996
0 0.27399 0.17267500000000002 0.16257999999999997 0.08517
0 0.4431 0.26019 0.71358 0.19093999999999997
0 0.29055000000000003 0.35892999999999997 0.4727 0.57186
5 0.35829500000000003 0.23912999999999998 0.39543 0.33974
0 0.1656 0.058499999999999996 0.034119999999999984 0.0365
0 0.27248500000000003 0.13056500000000001 0.42855000000000004 0.03463000000000001
0 0.5449649999999999 0.138985 0.81695 0.08517000000000001
0 0.535935 0.169875 0.46969 0.11325
0 0.39191499999999996 0.18485000000000001 0.57909 0.036500000000000005
0 0.336215 0.12214 0.45565 0.06831999999999999
0 0.29707 0.14974500000000002 0.48173999999999995 0.20965
0 0.24037 0.17502 0.3322 0.25270000000000004
0 0.18818 0.424915 0.20373999999999998 0.39309000000000005
0 0.24589 0.37297 0.26696 0.5025999999999999
0 0.11241 0.38841000000000003 0.08831999999999998 0.46984000000000004
0 0.09936 0.37531000000000003 0.026099999999999998 0.5784
0 0.253415 0.49744999999999995 0.25390999999999997 0.83392
0 0.48324500000000004 0.48856 0.82599 0.8573200000000001
0 0.42303 0.40619500000000003 0.81796 0.78245
0 0.43608 0.417425 0.83602 0.7899299999999999
0 0.45364000000000004 0.35753 0.8591 0.5203800000000001
0 0.43959 0.34723000000000004 0.8229799999999999 0.63456
0 0.45414 0.372505 0.8561000000000001 0.69259
0 0.5264 0.189055 0.93638 0.19093
0 0.49579 0.198885 0.91932 0.28921
0 0.496295 0.23024 0.94843 0.37812
0 0.5180349999999999 0.272825 0.9678299999999999 0.36969
0 0.51235 0.33740499999999995 0.9404 0.40151
0 0.474715 0.40573 0.89323 0.59058
0 0.494785 0.33834 0.91731 0.59806
0 0.39893999999999996 0.2031 0.64934 0.24896
0 0.134985 0.300435 0.11341 0.058030000000000026
0 0.09133 0.212925 0.12646000000000002 0.27985
0 0.147035 0.22041499999999997 0.18567 0.32477
0 0.15456 0.109505 0.20473999999999998 0.09920999999999999
0 0.186675 0.17081 0.22883000000000003 0.18812
0 0.14753 0.40479 0.25492000000000004 0.74594
0 0.170115 0.379985 0.32015 0.73003
5 0.224315 0.3959 0.34023000000000003 0.75436
5 0.228325 0.37016 0.31615000000000004 0.69166
5 0.173125 0.4923 0.12545 0.85732
5 0.36632499999999996 0.233045 0.62827 0.31635
5 0.217285 0.27703500000000003 0.38239 0.50915
5 0.22381 0.21900999999999998 0.39944 0.3931
5 0.27951 0.242875 0.40246 0.42959
0 0.43256500000000003 0.1563 0.74469 0.19279999999999997
0 0.43406999999999996 0.251295 0.73566 0.41649
0 0.43909000000000004 0.275635 0.71358 0.48013000000000006
0 0.43909000000000004 0.298565 0.78584 0.52225
0 0.380875 0.286395 0.67745 0.52787
0 0.388905 0.355655 0.7015300000000001 0.51663
0 0.36883000000000005 0.339745 0.66942 0.60461
0 0.238865 0.28264999999999996 0.42955 0.47545999999999994
0 0.26345 0.27048500000000003 0.48274000000000006 0.51103
0 0.22582000000000002 0.202165 0.31514 0.35191
0 0.24990500000000002 0.44223 0.46769 0.85826
0 0.080295 0.41368499999999997 0.08029 0.71505
0 0.53644 0.464225 0.86814 0.68885
0 0.520045 0.37999 0.96381 0.6326999999999999
0 0.49429 0.39075 0.95244 0.71786
