4 0.6764950000000001 0.39561 0.39944999999999997 0.25011999999999995
5 0.45835499999999996 0.34857000000000005 0.43810999999999994 0.32378
5 0.35297 0.363525 0.42246000000000006 0.43826999999999994
5 0.51266 0.29279 0.6350800000000001 0.12178
5 0.432125 0.2071 0.17579000000000006 0.13418
5 0.40912 0.167725 0.5053 0.07293000000000002
6 0.366315 0.471815 0.06994999999999996 0.10939000000000004
0 0.313395 0.339455 0.52739 0.61183
0 0.37092 0.308835 0.6093 0.53307
0 0.129315 0.058705 0.20341 0.038650000000000004
0 0.1827 0.06636 0.29544 0.06853999999999999
0 0.18683999999999998 0.049589999999999995 0.29268 0.034999999999999996
0 0.152785 0.11595 0.25403 0.16771999999999998
0 0.237 0.17392000000000002 0.3157 0.21658000000000002
0 0.271515 0.161165 0.43259000000000003 0.25815
0 0.42108 0.05105 0.7574799999999999 0.02042
0 0.43903 0.044480000000000006 0.82652 0.018959999999999998
0 0.409115 0.090785 0.7556499999999999 0.11449
0 0.41694000000000003 0.11157500000000001 0.79706 0.14731
0 0.44547 0.153505 0.82468 0.22824999999999998
0 0.443635 0.16408 0.80627 0.25232
0 0.290845 0.06454 0.48597 0.06781999999999999
0 0.258635 0.069275 0.44362999999999997 0.06855
1 0.48919 0.373005 0.59182 0.47473
0 0.453295 0.35295 0.70411 0.5017199999999999
7 0.378745 0.39087000000000005 0.35619 0.62422
2 0.32674 0.25159 0.59458 0.4565
0 0.30097 0.223145 0.56512 0.40545000000000003
5 0.46158 0.113395 0.8753 0.16553
