5 0.456175 0.1614 0.7548699999999999 0.043419999999999986
5 0.46131 0.254365 0.5665800000000001 0.10477000000000003
4 0.32951 0.23313 0.22766 0.21707999999999997
5 0.26147000000000004 0.01935 0.49212000000000006 0.0047199999999999985
5 0.28115500000000004 0.04153 0.51095 0.03776
5 0.23322 0.042945 0.36032000000000003 0.03681
5 0.26703 0.113735 0.45189999999999997 0.17839
5 0.33892500000000003 0.14252 0.58199 0.024540000000000006
5 0.303835 0.15338000000000002 0.53235 0.15196
5 0.298265 0.292595 0.51095 0.5021300000000001
5 0.36245499999999997 0.307225 0.65987 0.52761
5 0.365885 0.32799 0.68041 0.59934
5 0.40183 0.324685 0.766 0.6040700000000001
5 0.30597 0.42473 0.52636 0.7739600000000001
2 0.43392000000000003 0.42473500000000003 0.80622 0.74375
2 0.44248 0.14676499999999998 0.8165 0.08589
0 0.39798 0.11373 0.76172 0.20104
0 0.42151500000000003 0.075035 0.81221 0.10099
0 0.207975 0.034925 0.38857 0.04719
0 0.41124 0.15526500000000001 0.77798 0.27655
0 0.42023 0.40963 0.81992 0.7739600000000001
