2 0.5333950000000001 0.05227999999999999 0.8933300000000001 0.025479999999999996
2 0.470825 0.110705 0.8227099999999999 0.010550000000000004
2 0.5715999999999999 0.285115 0.8606999999999999 0.044810000000000016
0 0.40702 0.296095 0.5811000000000001 0.42349
6 0.36551 0.514435 0.017340000000000022 0.49115
4 0.5575600000000001 0.327285 0.3618 0.21350999999999998
4 0.3841 0.39318 0.25276000000000004 0.2838
0 0.43861 0.276325 0.80784 0.5139900000000001
0 0.5207999999999999 0.188465 0.9622999999999999 0.10630999999999999
0 0.512335 0.08127 0.94041 0.11685999999999999
1 0.5852299999999999 0.474455 0.83344 0.73101
0 0.4795 0.21218499999999998 0.89952 0.35057
0 0.50056 0.189785 0.96148 0.35145
0 0.43799 0.225805 0.83138 0.40943
