2 0.6445350000000001 0.651545 0.42969 0.43437
2 0.106375 0.304735 0.047930000000000014 0.15724999999999997
2 0.18247000000000002 0.38421 0.27076 0.62562
2 0.21190499999999998 0.40886 0.31617 0.6817200000000001
2 0.31617 0.44499 0.46416 0.7029799999999999
2 0.37587000000000004 0.39356 0.40194 0.5967199999999999
2 0.455755 0.17638 0.68279 0.17256
2 0.43936000000000003 0.196355 0.75426 0.28391
2 0.366205 0.132175 0.5406899999999999 0.0025500000000000245
2 0.280015 0.181905 0.35821 0.20061
2 0.33299 0.147055 0.45744000000000007 0.09691
2 0.13622499999999998 0.059925 0.12444999999999999 0.03995
2 0.168175 0.37485999999999997 0.21527000000000002 0.52532
2 0.33677500000000005 0.31961 0.41455000000000003 0.2312
2 0.2077 0.151305 0.21358 0.10541
2 0.27539 0.150455 0.24469999999999997 0.05270999999999999
2 0.19550499999999998 0.14662999999999998 0.03111 0.024659999999999987
2 0.20013 0.31536000000000003 0.21190000000000003 0.37912
2 0.21064 0.34086500000000003 0.1337 0.23971
2 0.294725 0.04165 0.35065 0.0255
0 0.454495 0.26563000000000003 0.69709 0.31026000000000004
1 0.46459 0.503215 0.65 0.25161
2 0.278755 0.44031499999999996 0.35233 0.63583
2 0.050449999999999995 0.40036 0.020179999999999997 0.63752
