5 0.20316 0.204725 0.29452 0.34465
5 0.234865 0.202515 0.32785 0.28720999999999997
5 0.24831 0.17821 0.40202 0.27984000000000003
5 0.119315 0.2537 0.08385 0.34538
5 0.19885999999999998 0.268425 0.18273999999999999 0.42197
5 0.35096 0.30377 0.37083999999999995 0.30414
5 0.23971 0.30193499999999995 0.36762 0.52139
5 0.31065499999999996 0.34612 0.50951 0.6097600000000001
5 0.26765500000000003 0.32734 0.44931000000000004 0.56926
5 0.18059 0.15023 0.24078000000000002 0.22388000000000002
5 0.092445 0.176005 0.07308999999999999 0.25775
5 0.38751 0.15759499999999999 0.16016000000000002 0.03241000000000002
0 0.433195 0.36784500000000003 0.79759 0.67383
0 0.12415 0.32513000000000003 0.08062 0.52948
0 0.08653 0.34942999999999996 0.005379999999999996 0.60166
0 0.09673999999999999 0.26658499999999996 0.030100000000000002 0.45069
0 0.05805 0.288675 0.004299999999999998 0.49487
0 0.242395 0.262165 0.12791000000000002 0.35349
0 0.39073 0.35790500000000003 0.57938 0.49193000000000003
0 0.37246 0.27763 0.6632199999999999 0.49046
4 0.628285 0.5556300000000001 0.56433 0.34096000000000004
5 0.07686 0.217615 0.07202 0.33213000000000004
0 0.07417 0.22092499999999998 0.062340000000000007 0.40061
0 0.18488500000000002 0.19588499999999998 0.32677 0.33875
0 0.25637 0.22424 0.44823999999999997 0.3984
0 0.214445 0.27394999999999997 0.34719 0.50666
0 0.35311 0.314085 0.6761199999999999 0.6016499999999999
0 0.06933500000000001 0.02651 0.05697000000000001 0.023559999999999998
0 0.046225 0.116725 0.027949999999999996 0.15391
5 0.15264 0.02872 0.030100000000000016 0.019139999999999997
5 0.367625 0.037925 0.60625 0.013990000000000002
