2 0.19654500000000003 0.24903000000000003 0.011910000000000004 0.1453
2 0.35983499999999996 0.06838 0.54099 0.006220000000000003
2 0.47845 0.14569 0.66308 0.027199999999999974
2 0.395565 0.310025 0.41393 0.40870999999999996
2 0.36678 0.404045 0.55488 0.72729
2 0.13748 0.40599 0.09628 0.70942
2 0.251135 0.304975 0.02581 0.35199
2 0.51816 0.26185 0.36132 0.2129
4 0.625365 0.27312000000000003 0.011909999999999976 0.15308000000000002
4 0.17718499999999998 0.15424 0.11018999999999998 0.09868000000000002
