5 0.40701499999999996 0.266255 0.61173 0.42197
5 0.447955 0.31256 0.63581 0.47275999999999996
5 0.45216999999999996 0.421975 0.64906 0.50935
2 0.11921499999999999 0.141155 0.00723 0.022409999999999985
4 0.388955 0.21883000000000002 0.15173000000000003 0.08514000000000002
0 0.546735 0.165805 0.9104299999999999 0.23601
0 0.48348 0.039959999999999996 0.82728 0.012699999999999996
1 0.6237999999999999 0.39433999999999997 0.7562999999999999 0.64528
5 0.147515 0.17103000000000002 0.19387 0.24646
5 0.10657 0.14638 0.13126 0.20912
5 0.23662 0.21136000000000002 0.20832000000000003 0.29724
5 0.5214449999999999 0.224805 0.9610099999999999 0.39582999999999996
5 0.51904 0.24496500000000002 0.9658199999999999 0.43019
2 0.03673 0.30396999999999996 0.018060000000000003 0.37492
