1 0.309635 0.5888599999999999 0.26749 0.57902
1 0.19684 0.53549 0.21361999999999998 0.69888
1 0.224165 0.626725 0.27659 0.9052099999999998
0 0.119825 0.21497 0.21986999999999998 0.37507999999999997
0 0.27685 0.29905000000000004 0.49958 0.50508
0 0.24927 0.301435 0.46524 0.5289299999999999
0 0.294805 0.510445 0.5479700000000001 0.89685
0 0.30312999999999996 0.5632199999999999 0.55838 0.9904799999999999
0 0.27593999999999996 0.46631500000000004 0.52586 0.84677
0 0.282965 0.486295 0.53159 0.89387
0 0.285955 0.499415 0.5365300000000001 0.93443
0 0.28817 0.5190899999999999 0.54824 0.96424
0 0.193455 0.633585 0.35673 1.19323
0 0.167305 0.607945 0.30131 1.1467100000000001
0 0.22091 0.612715 0.39186 1.07039
0 0.23158 0.570075 0.41528 1.0590499999999998
0 0.24433 0.55457 0.44286000000000003 1.03282
0 0.252915 0.5992949999999999 0.46419 1.05071
0 0.24003 0.609135 0.44156 1.06323
0 0.24498 0.610325 0.4681 1.15625
0 0.24107 0.618675 0.4478 1.17295
0 0.20933 0.64909 0.37806 1.23854
0 0.25096 0.37239500000000003 0.47174 0.65177
0 0.25460499999999997 0.378365 0.49359 0.68755
0 0.27958500000000003 0.41086 0.49151 0.68814
0 0.292855 0.426065 0.56385 0.78773
0 0.11722 0.18575 0.2105 0.33096
0 0.22221000000000002 0.046810000000000004 0.34034 0.019679999999999996
0 0.23366 0.24896000000000001 0.45066 0.46214
0 0.256685 0.26864 0.47902999999999996 0.47764
