6 0.39796 0.6694450000000001 0.013319999999999999 0.17193000000000003
5 0.19565 0.34799 0.11155999999999999 0.1992
2 0.18275 0.33533 0.13238 0.21674
2 0.0204 0.09814 0.0041600000000000005 0.13588
2 0.031845 0.12858 0.005409999999999998 0.15586
2 0.064525 0.08109000000000001 0.07909 0.094
2 0.064935 0.08791 0.0033299999999999996 0.11154
2 0.40421 0.259835 0.7185 0.40473
2 0.37382000000000004 0.25277499999999997 0.66106 0.38087
2 0.47706000000000004 0.385985 0.88418 0.64923
2 0.495375 0.46927 0.84755 0.73008
2 0.528675 0.42494499999999996 0.9441299999999999 0.78171
0 0.51827 0.428595 0.9632799999999999 0.77927
0 0.39317500000000005 0.251805 0.72807 0.41008999999999995
1 0.34218 0.60856 0.2148 0.52942
5 0.13779 0.48363500000000004 0.06409999999999999 0.62439
5 0.128215 0.42738 0.09656999999999999 0.70086
2 0.36466 0.14562499999999998 0.67604 0.22890999999999997
2 0.32803 0.16754 0.61942 0.30002
2 0.44625499999999996 0.46902 0.76929 0.86012
2 0.51372 0.41131 0.9741599999999999 0.7427400000000001
2 0.361955 0.34774999999999995 0.68561 0.65264
2 0.28952 0.34312 0.44083999999999995 0.49337999999999993
2 0.300765 0.26909 0.52327 0.44662
2 0.29118999999999995 0.28541000000000005 0.49745999999999996 0.49678000000000005
2 0.187535 0.27226 0.33011 0.47437999999999997
4 0.322615 0.356275 0.25227 0.18459000000000003
2 0.18816 0.528685 0.2864 0.98919
2 0.264965 0.43834 0.48496999999999996 0.78706
2 0.25206 0.39816 0.4525 0.7125400000000001
7 0.53034 0.61027 0.33136 0.53088
