2 0.21091 0.519005 0.12104000000000001 0.05141000000000001
5 0.250645 0.43423500000000004 0.18828999999999999 0.39595
5 0.61713 0.555645 0.7696399999999999 0.35001000000000004
5 0.32767999999999997 0.560015 0.5282 1.01503
2 0.52054 0.0968 0.9628199999999999 0.11921999999999999
2 0.150385 0.300795 0.24209 0.50533
2 0.15955999999999998 0.352745 0.2751 0.6398699999999999
2 0.22802499999999998 0.32267 0.32401 0.49658
2 0.5168699999999999 0.1668 0.9701599999999999 0.21548
2 0.541325 0.35329 0.9212499999999999 0.5140800000000001
2 0.5229849999999999 0.091875 0.95793 0.11374999999999999
2 0.5132 0.18102000000000001 0.9774999999999999 0.28766
2 0.5132 0.15204 0.9774999999999999 0.24282000000000004
2 0.5168699999999999 0.109925 0.9701599999999999 0.10172999999999999
2 0.40165 0.039375 0.6516799999999999 0.008749999999999994
5 0.40715 0.059065000000000006 0.64802 0.021870000000000007
2 0.1779 0.256495 0.27266 0.40360999999999997
2 0.320345 0.550175 0.54287 1.03035
