0 0.40701499999999996 0.284115 0.49595 0.36412999999999995
0 0.34685499999999997 0.34964 0.48862999999999995 0.47197999999999996
0 0.38295 0.31601 0.61524 0.5346
0 0.26785499999999995 0.33687999999999996 0.46874999999999994 0.56708
0 0.076385 0.51721 0.04813 0.42212
0 0.10411000000000001 0.29918999999999996 0.05546000000000001 0.14379999999999998
2 0.448865 0.0748 0.78055 0.0058
3 0.723525 0.702175 0.07218999999999998 0.51837
2 0.38714000000000004 0.258605 0.55664 0.37805
2 0.038715 0.34674 0.01047 0.61926
