2 0.45386499999999996 0.36483000000000004 0.45875 0.41952
2 0.5649 0.579905 0.32942 0.82843
2 0.409945 0.20233 0.44899 0.12852
2 0.19948000000000002 0.045135 0.30624 0.01593
2 0.15617 0.07913 0.16593999999999998 0.009559999999999999
2 0.21046 0.20445 0.29892 0.29419999999999996
4 0.39469499999999996 0.5554749999999999 0.22082999999999997 0.07435000000000003
4 0.568555 0.236315 0.5221899999999999 0.07540999999999998
5 0.46485 0.181615 0.6759200000000001 0.17631000000000002
5 0.6143099999999999 0.401475 0.67714 0.26765
1 0.71693 0.605925 0.5700399999999999 0.66381
4 0.683985 0.41900000000000004 0.6359299999999999 0.2623400000000001
2 0.44655 0.08603 0.5807599999999999 0.006379999999999997
2 0.4252 0.08231 0.377 0.052039999999999996
2 0.30013500000000004 0.11895499999999999 0.47339000000000003 0.17843
2 0.47400000000000003 0.327125 0.21108000000000005 0.28039000000000003
2 0.268415 0.38979 0.43923 0.7031
5 0.44899 0.35049 0.6051599999999999 0.59052
5 0.406285 0.32394 0.7247300000000001 0.5969
2 0.102485 0.14285 0.15617 0.25596
2 0.431905 0.152945 0.81501 0.23790999999999998
2 0.36540999999999996 0.18214999999999998 0.62834 0.29208
2 0.26902499999999996 0.235785 0.46484999999999993 0.42058999999999996
0 0.097605 0.5241399999999999 0.13665 0.9930599999999999
1 0.08846 0.544855 0.0036599999999999966 0.86879
2 0.23669500000000002 0.077535 0.38555 0.07859
2 0.284275 0.06797 0.43190999999999996 0.050980000000000004
2 0.513045 0.28623499999999996 0.86503 0.44076999999999994
2 0.417875 0.311195 0.7235100000000001 0.51193
5 0.430075 0.58309 0.10371000000000002 0.70736
