2 0.101885 0.35006499999999996 0.14284999999999998 0.52301
2 0.085565 0.266295 0.12473000000000001 0.43205000000000005
2 0.08738000000000001 0.22919 0.11384000000000001 0.377
0 0.06345 0.56968 0.0021800000000000014 0.9382999999999999
0 0.082305 0.634315 0.08629 1.07713
0 0.054745 0.36263500000000004 0.06019 0.61995
2 0.03807 0.31416 0.026840000000000003 0.45120000000000005
2 0.054025000000000004 0.27467 0.052930000000000005 0.44880000000000003
2 0.0116 0.3764 0.005800000000000001 0.51822
4 0.35423 0.7516 0.08484000000000003 0.17234000000000005
3 0.47533000000000003 0.910175 0.08339999999999997 0.59721
1 0.42457 0.6785950000000001 0.41115999999999997 0.79229
