2 0.6162049999999999 0.26186 0.7714899999999999 0.11901999999999999
0 0.390015 0.485035 0.68885 0.79549
2 0.23553000000000002 0.449325 0.33936 0.79549
2 0.218435 0.393285 0.34063 0.6953100000000001
2 0.19564 0.4037 0.29504 0.7121799999999999
5 0.10257 0.41015 0.08357999999999999 0.5386
5 0.163985 0.451805 0.17095 0.7012700000000001
5 0.128525 0.48107 0.17095 0.8192999999999999
5 0.16082000000000002 0.466685 0.23046000000000003 0.85005
5 0.149425 0.49297 0.20767 0.89072
5 0.179815 0.26434 0.08611000000000002 0.27872
5 0.42103999999999997 0.25839 0.26971999999999996 0.13986
0 0.432435 0.46668499999999996 0.8192900000000001 0.84211
4 0.8219799999999999 0.6467149999999999 0.3599399999999999 0.07934999999999992
5 0.19627499999999998 0.5931500000000001 0.043050000000000005 0.4404
5 0.34506000000000003 0.15275 0.35076 0.123
5 0.21147000000000002 0.223175 0.33176 0.37493
5 0.146255 0.181515 0.22666999999999998 0.33129000000000003
0 0.305175 0.283185 0.57995 0.53067
0 0.203875 0.29955000000000004 0.29631 0.56736
0 0.35012499999999996 0.32038 0.63441 0.5852200000000001
5 0.35646 0.3427 0.6369400000000001 0.60208
2 0.34696 0.3179 0.6331399999999999 0.5842200000000001
2 0.202605 0.299055 0.29377000000000003 0.56241
2 0.385585 0.4771 0.6951900000000001 0.80344
2 0.47549 0.462715 0.84462 0.8262499999999999
2 0.498915 0.445855 0.7850900000000001 0.7845899999999999
2 0.30201 0.49247 0.5077799999999999 0.88576
2 0.3286 0.443375 0.53058 0.81533
0 0.231095 0.155235 0.41661000000000004 0.28269
0 0.25009 0.14928 0.42419999999999997 0.20729999999999998
