4 0.808465 0.591745 0.25239 0.07005000000000006
4 0.30034 0.16181 0.25526000000000004 0.09586000000000001
1 0.17057 0.47807 0.09589999999999999 0.30888000000000004
1 0.327055 0.49466 0.15697 0.49282000000000004
0 0.10949500000000001 0.3523 0.06058999999999999 0.47519999999999996
0 0.13025 0.334685 0.1689 0.55795
0 0.0687 0.350665 0.04962 0.62595
0 0.16198 0.394705 0.0625 0.62063
0 0.11069000000000001 0.38405 0.1794 0.72058
0 0.1355 0.41108500000000003 0.2023 0.75827
0 0.093035 0.42502 0.06011000000000001 0.6747
0 0.103775 0.42727000000000004 0.13693 0.76606
0 0.11069 0.4371 0.1374 0.8020999999999999
5 0.17367 0.38650999999999996 0.29772 0.71894
0 0.515635 0.179425 0.97021 0.27364999999999995
0 0.45969499999999996 0.15833 0.86405 0.25276000000000004
0 0.289845 0.04875 0.51671 0.00902
0 0.226385 0.06944 0.37453000000000003 0.08479999999999999
5 0.301295 0.158535 0.48235 0.25153
0 0.28412000000000004 0.15669 0.47472000000000003 0.17737999999999998
0 0.34256 0.20708 0.5744400000000001 0.32404
0 0.29676 0.24312999999999999 0.5439 0.4289
0 0.46780499999999997 0.04834 0.86499 0.04751999999999999
4 0.27267 0.27958500000000003 0.448 0.33141000000000004
4 0.34113499999999997 0.388145 0.46088999999999997 0.49609000000000003
5 0.4034 0.2546 0.75908 0.45840000000000003
5 0.342565 0.21383999999999997 0.6087899999999999 0.36868
5 0.41126999999999997 0.113065 0.7691 0.17369
5 0.449675 0.127405 0.85163 0.20565
5 0.46184000000000003 0.029905 0.87788 0.020489999999999998
