2 0.236195 0.6591149999999999 0.12843000000000002 0.27103
2 0.193745 0.057085 0.07401000000000002 0.028829999999999995
2 0.078005 0.191445 0.05007 0.032289999999999985
2 0.17742000000000002 0.6199 0.054419999999999996 0.9676199999999999
5 0.268125 0.221435 0.45206999999999997 0.27679
2 0.318915 0.30332 0.5884900000000001 0.5236
2 0.35048 0.48957999999999996 0.5442199999999999 0.66084
2 0.35919 0.35695000000000005 0.65452 0.62624
5 0.34068499999999996 0.500535 0.61461 0.8626699999999999
0 0.253975 0.190295 0.46731 0.32523
0 0.25905 0.196065 0.49488 0.34599
0 0.061680000000000006 0.38750999999999997 0.08852 0.73812
