5 0.47365 0.238645 0.4496 0.015550000000000008
5 0.36996500000000004 0.30803 0.55411 0.3816
5 0.391115 0.32836499999999996 0.6992700000000001 0.50839
5 0.433005 0.43124 0.73993 0.55146
5 0.275395 0.69082 0.32516999999999996 0.6974
5 0.14641 0.48806 0.07714 0.7177399999999999
1 0.453745 0.67347 0.52923 0.7919
5 0.25383 0.369035 0.46784000000000003 0.6950099999999999
5 0.16258 0.39655 0.27208 0.7213200000000001
5 0.276645 0.43483 0.43715 0.7213200000000001
5 0.271665 0.469515 0.48693 0.87683
5 0.36374 0.29128 0.6843400000000001 0.5203599999999999
4 0.39692 0.506 0.11197999999999997 0.16507999999999995
