2 0.254165 0.360195 0.16199000000000002 0.22404999999999997
2 0.23182 0.241135 0.2253 0.16075000000000003
2 0.28907499999999997 0.168795 0.29885 0.12057000000000001
2 0.45665500000000003 0.21149500000000002 0.71593 0.21803
2 0.49948499999999996 0.131115 0.80159 0.04119000000000002
2 0.477135 0.19743 0.82393 0.21399999999999997
2 0.398 0.09243499999999999 0.6656599999999999 0.024110000000000006
2 0.281165 0.03617 0.47295 0.01608
2 0.20389 0.52497 0.16943999999999998 0.9334
4 0.58653 0.551095 0.24205999999999994 0.34061
0 0.199235 0.28735 0.12289000000000003 0.0040200000000000236
