5 0.22515000000000002 0.35382500000000006 0.14808000000000002 0.39835000000000004
5 0.305745 0.49031500000000006 0.26091 0.49793000000000004
5 0.189385 0.4786 0.11282999999999999 0.4745
5 0.12793500000000002 0.584045 0.05843000000000001 0.78849
5 0.153625 0.5717450000000001 0.18233 0.95603
5 0.23471999999999998 0.53894 0.34856 0.9466600000000001
5 0.19191 0.49617500000000003 0.25889999999999996 0.84707
5 0.266455 0.57174 0.43217000000000005 1.0216399999999999
5 0.23119499999999998 0.59752 0.32941 1.12006
5 0.142545 0.23491 0.04735 0.29642
5 0.043315 0.32512 0.02619 0.2519
5 0.38835 0.247795 0.08966000000000002 0.15583
0 0.34402 0.492075 0.61148 0.8716700000000001
0 0.11686 0.475085 0.15312 0.84239
0 0.14003 0.48153 0.20752 0.8412200000000001
0 0.15564 0.46747 0.23472 0.83184
0 0.15413 0.40596 0.24378 0.70414
0 0.25537 0.6027899999999999 0.41806 1.10716
4 0.599395 0.881635 0.45735 0.5283899999999999
0 0.198455 0.469225 0.35661 0.8775299999999999
0 0.167225 0.39366 0.028209999999999985 0.5811200000000001
0 0.123405 0.38956 0.17024999999999998 0.7182
0 0.10779 0.374915 0.16721999999999998 0.7217100000000001
0 0.048355 0.42412500000000003 0.05641 0.81075
0 0.049865 0.51375 0.05541 0.86348
0 0.18536000000000002 0.06443499999999999 0.33848 0.007029999999999995
0 0.14355 0.321605 0.22666 0.50731
0 0.06699 0.28997 0.08966 0.5190199999999999
0 0.249835 0.35148500000000005 0.45131000000000004 0.66547
0 0.255875 0.330395 0.47951 0.6326700000000001
0 0.210545 0.354995 0.34049 0.6443899999999999
