6 0.33024 0.594445 0.21173999999999998 0.38287000000000004
4 0.48439 0.649595 0.005680000000000018 0.34469
1 0.16267 0.22033 0.10508 0.13416
0 0.172295 0.38896000000000003 0.30924999999999997 0.57642
0 0.20748 0.34653999999999996 0.35563999999999996 0.61036
0 0.214265 0.32930499999999996 0.40329 0.59497
0 0.193445 0.28343999999999997 0.36921 0.54354
0 0.18570499999999998 0.28635000000000005 0.35501 0.53452
0 0.181765 0.29086 0.34333 0.5499
0 0.184135 0.30756500000000003 0.34933000000000003 0.58543
