0 0.210605 0.38051 0.011509999999999992 0.60314
4 0.7668249999999999 0.45709 0.47024999999999995 0.27946000000000004
2 0.53457 0.13263 0.8712 0.05684
2 0.597645 0.3217 0.8086099999999998 0.19815999999999998
5 0.39186499999999996 0.068685 0.72389 0.09947
5 0.42064 0.094335 0.76302 0.14131
5 0.339505 0.07697 0.62377 0.10657999999999998
5 0.315335 0.08012999999999999 0.57543 0.12552
5 0.313035 0.15394 0.5708300000000001 0.25736
5 0.275055 0.13973 0.48566999999999994 0.23525999999999997
2 0.29634499999999997 0.328805 0.53285 0.6165499999999999
2 0.33663000000000004 0.30907 0.54896 0.5392
1 0.6172099999999999 0.486695 0.7694799999999999 0.12395
3 0.7302150000000001 0.46971999999999997 0.29577 0.3963
