1 0.34808500000000003 0.38986000000000004 0.60193 0.5736
0 0.28531 0.141285 0.44410000000000005 0.17613
0 0.271275 0.214145 0.48961 0.36408999999999997
0 0.122 0.35649000000000003 0.16912 0.61498
0 0.10441 0.15375 0.07842 0.14867999999999998
0 0.24206500000000003 0.050684999999999994 0.30855 0.02702999999999999
0 0.17267500000000002 0.020485 0.25239 0.008030000000000002
0 0.15669499999999997 0.07751 0.27337 0.028300000000000006
4 0.599025 0.35184000000000004 0.29951 0.20190000000000002
0 0.241095 0.35311499999999996 0.41505000000000003 0.61161
0 0.26304500000000003 0.382885 0.45895 0.68637
0 0.246095 0.40274 0.44701 0.7497199999999999
0 0.278695 0.338325 0.52511 0.6293500000000001
0 0.279825 0.360505 0.50027 0.6618700000000001
0 0.29451 0.35353500000000004 0.549 0.63273
0 0.31129500000000004 0.32819 0.56191 0.5888
0 0.18897 0.23252 0.35857999999999995 0.44308000000000003
0 0.192685 0.203375 0.36471 0.37465
0 0.20398 0.187115 0.36663999999999997 0.32693
0 0.241095 0.16747499999999998 0.40215 0.24541
0 0.23367 0.19134 0.40796 0.2982
0 0.23932 0.17655500000000002 0.44636000000000003 0.31257
0 0.35147500000000004 0.20316499999999998 0.66681 0.36917
0 0.38843 0.26441000000000003 0.69552 0.40718000000000004
0 0.320975 0.193025 0.62001 0.34889000000000003
0 0.28951000000000005 0.19725499999999999 0.56094 0.37423
0 0.27579 0.19535000000000002 0.53738 0.37212
5 0.33904999999999996 0.209715 0.64324 0.37043
5 0.086335 0.194085 0.13265 0.34255
5 0.441685 0.16557 0.8226899999999999 0.21626
5 0.34018000000000004 0.12079999999999999 0.63388 0.18078
5 0.31404 0.23062 0.45507999999999993 0.3227
5 0.281115 0.291445 0.14395000000000002 0.13685000000000003
0 0.16847499999999999 0.089755 0.30081 0.14403
0 0.17864000000000002 0.10792 0.33792 0.18711999999999998
0 0.1738 0.087855 0.32824 0.14867
0 0.33453 0.11278 0.65228 0.2019
1 0.44491 0.545925 0.25336000000000003 0.36029
1 0.38875 0.48722 0.44314 0.7125600000000001
