2 0.042870000000000005 0.38863 0.022039999999999997 0.549
0 0.36255 0.28876999999999997 0.67938 0.44765999999999995
3 0.42257 0.570155 0.11024 0.17020999999999997
4 0.18168 0.37092 0.08574000000000001 0.28532
3 0.150245 0.5844199999999999 0.058789999999999995 0.46831999999999996
3 0.48789499999999997 0.55097 0.35193 0.64542
3 0.17107 0.301555 0.0988 0.12495000000000003
7 0.378475 0.586385 0.17393000000000003 0.4250300000000001
7 0.36174 0.5007900000000001 0.35112 0.09642000000000006
7 0.38909 0.52145 0.6116 0.7123200000000001
7 0.435225 0.39847 0.72021 0.5450600000000001
2 0.048585 0.453565 0.004090000000000003 0.7260899999999999
