2 0.44977500000000004 0.297125 0.5245299999999999 0.08539000000000002
2 0.262895 0.5335 0.15836999999999998 0.38383999999999996
2 0.664415 0.6052500000000001 0.6750699999999998 0.05369999999999997
2 0.55684 0.49961 0.15583999999999998 0.58016
0 0.08615500000000001 0.26367 0.030410000000000006 0.19984000000000002
2 0.24896000000000001 0.25266500000000003 0.22932 0.08978999999999998
2 0.34779000000000004 0.365795 0.31548000000000004 0.35478999999999994
2 0.2572 0.39792500000000003 0.261 0.39441000000000004
2 0.21032 0.41069 0.03548000000000001 0.34597999999999995
2 0.13683499999999998 0.163305 0.09123 0.07834999999999999
2 0.048780000000000004 0.25839 0.029140000000000006 0.18928
2 0.343985 0.14174 0.39908999999999994 0.047539999999999985
2 0.49982499999999996 0.275995 0.74119 0.12061
2 0.37882499999999997 0.31077 0.46371 0.23418000000000003
2 0.43140500000000004 0.308565 0.61449 0.36007
2 0.46118000000000003 0.2399 0.7906 0.32838
2 0.49729 0.386035 0.5638000000000001 0.45866999999999997
2 0.89184 0.5762 0.22021999999999986 0.12766
2 0.28127 0.244305 0.18751999999999996 0.41464999999999996
2 0.11403 0.33322 0.07602 0.3319
2 0.36362 0.228895 0.49412 0.06339
2 0.554305 0.36271 0.82987 0.28171999999999997
2 0.8246899999999999 0.67128 0.35451999999999995 0.44282
