1 0.21191 0.6769499999999999 0.13629999999999998 0.40786
1 0.09802 0.61993 0.06309999999999999 1.0713199999999998
1 0.219005 0.63566 0.26325 1.0084000000000002
0 0.17849 0.255615 0.29424 0.34943
1 0.049475 0.41796500000000003 0.019049999999999997 0.49437000000000003
0 0.38872 0.259825 0.73562 0.45449
0 0.463025 0.304765 0.89021 0.49943
0 0.497565 0.52639 0.95481 0.97638
4 0.64525 0.8741350000000001 0.11650000000000005 0.55279
5 0.18409 0.36123 0.08738000000000001 0.22584
0 0.401415 0.19382 0.78191 0.3337
0 0.39283 0.19606500000000002 0.76474 0.34269
0 0.370985 0.302805 0.72255 0.56965
0 0.272965 0.212915 0.52501 0.39887
0 0.28753 0.087355 0.55414 0.13651
0 0.27987 0.10224499999999999 0.54032 0.15955
0 0.280805 0.11769 0.53771 0.20168
0 0.29891500000000004 0.168815 0.57243 0.28595000000000004
0 0.34447 0.058145 0.64264 0.05561
0 0.33252000000000004 0.032865000000000005 0.63666 0.023030000000000002
0 0.37546 0.09157 0.7285200000000001 0.13820000000000002
0 0.242905 0.294375 0.46639 0.54381
0 0.236555 0.29606 0.45071 0.55168
0 0.243465 0.31712999999999997 0.45407 0.59156
0 0.25915 0.486785 0.49737999999999993 0.92639
5 0.41616499999999995 0.161795 0.79201 0.18427
5 0.29537 0.17303 0.54294 0.26516
5 0.28435 0.23623 0.5373399999999999 0.41628
5 0.28547 0.52639 0.39918 0.33369999999999994
