2 0.183195 0.41125999999999996 0.27227 0.63212
2 0.22815 0.43362999999999996 0.37226 0.66544
2 0.246635 0.450295 0.37563 0.81681
2 0.28193 0.42744 0.46638 0.61118
2 0.43949499999999997 0.35652 0.79159 0.5035999999999999
2 0.139075 0.374135 0.18067 0.5502499999999999
2 0.19705499999999998 0.511695 0.27647 0.69971
5 0.138655 0.136135 0.08907 0.10471
5 0.11681 0.454575 0.09916000000000001 0.61593
5 0.07899 0.33082 0.06386 0.47503999999999996
5 0.07773 0.355095 0.0916 0.6187900000000001
5 0.10672500000000001 0.474095 0.12605 0.8187099999999999
5 0.35252 0.486945 0.50672 0.6502100000000001
2 0.18403 0.25942 0.29412 0.38556
5 0.24411500000000003 0.49265499999999995 0.33697 0.86727
0 0.20336500000000002 0.15137 0.27227 0.14279999999999998
5 0.43529 0.33272 0.45377999999999996 0.27322
2 0.15084 0.38032 0.25126 0.6578200000000001
2 0.18445499999999998 0.379365 0.33865 0.67877
2 0.259245 0.465045 0.48151 0.8501299999999999
5 0.12689 0.52455 0.03193999999999998 0.54644
0 0.09496 0.08901 0.14958000000000002 0.13613999999999998
0 0.09538 0.11186 0.15378 0.17422
