3 0.81339 0.826835 0.3771199999999999 0.54833
2 0.40369 0.55808 0.59666 0.9601200000000001
2 0.088215 0.54725 0.05881 0.53966
2 0.31058 0.371155 0.39082000000000006 0.57325
2 0.20705 0.29746 0.23768 0.3912
2 0.32527999999999996 0.24761499999999997 0.54764 0.35219
6 0.38225 0.499025 0.019600000000000006 0.25683
3 0.681805 0.5521199999999999 0.51579 0.18963999999999998
3 0.46434 0.580295 0.07105999999999996 0.58409
3 0.625445 0.30667500000000003 0.02817000000000003 0.13221
3 0.382865 0.442675 0.06492999999999999 0.25683
