0 0.314365 0.1678 0.43425 0.20301999999999998
0 0.31562999999999997 0.20475 0.35964 0.29072
0 0.35838 0.041775 0.61952 0.0020700000000000024
0 0.08048 0.164005 0.04694 0.05593000000000001
0 0.067485 0.326625 0.029349999999999994 0.23892999999999998
3 0.48161 0.389815 0.16850000000000004 0.47303000000000006
3 0.47826 0.32974000000000003 0.51054 0.28658
3 0.25359 0.38222 0.10144000000000003 0.50756
2 0.351255 0.03591 0.64215 0.016580000000000004
2 0.07545 0.04868499999999999 0.003360000000000002 0.028309999999999995
2 0.028085 0.053169999999999995 0.00587 0.05662
0 0.13455 0.03211 0.2121 0.028319999999999998
0 0.09012 0.012085 0.12994 0.00621
0 0.250655 0.14363499999999998 0.45437 0.25965
0 0.21293 0.19853500000000002 0.37892000000000003 0.35563
2 0.026825 0.12153499999999999 0.006709999999999997 0.21545
0 0.037305 0.2997 0.022629999999999997 0.25688
0 0.0788 0.18921 0.11066 0.32318
