3 0.38217 0.553325 0.23253999999999997 0.29085
5 0.51558 0.49080999999999997 0.66428 0.31302
0 0.44517 0.30282 0.69392 0.38218
5 0.2117 0.42652 0.12878 0.04433999999999999
0 0.057905 0.19508 0.030570000000000007 0.30504000000000003
0 0.136655 0.17513 0.11395 0.23321999999999998
0 0.030109999999999998 0.21370499999999998 0.0176 0.33519
0 0.057905 0.248285 0.021309999999999996 0.41145000000000004
0 0.40718000000000004 0.058525 0.78842 0.06738999999999999
0 0.40486500000000003 0.11882 0.78009 0.20218
0 0.40116 0.16582 0.78008 0.30326000000000003
0 0.044005 0.3241 0.026869999999999998 0.53116
2 0.079675 0.108625 0.018530000000000005 0.06473000000000001
2 0.051885 0.11793500000000001 0.029650000000000003 0.07981
2 0.43312500000000004 0.280655 0.74395 0.49391
2 0.42339499999999997 0.071825 0.78749 0.04433
2 0.23346999999999998 0.453125 0.36318 0.8494900000000001
2 0.300635 0.02217 0.47157 0.01242
2 0.15378999999999998 0.245625 0.20381999999999997 0.37775
2 0.122295 0.26824000000000003 0.13341 0.462
2 0.11534499999999999 0.283315 0.16027 0.50633
2 0.1121 0.21947 0.12043999999999999 0.35736
2 0.384025 0.297505 0.66057 0.50633
2 0.081995 0.347155 0.04725000000000001 0.50633
2 0.11859 0.307255 0.07412 0.35558999999999996
2 0.081995 0.23366 0.04725000000000001 0.25804
2 0.142675 0.18444 0.10005000000000001 0.21282
