0 0.34907 0.29529 0.40952000000000005 0.32402
0 0.14196999999999999 0.08158 0.12276000000000001 0.01608000000000001
0 0.052475 0.157415 0.029990000000000003 0.13099
0 0.102145 0.36366 0.039349999999999996 0.46534000000000003
3 0.5177499999999999 0.6578 0.28955999999999993 0.70434
5 0.21319 0.24014000000000002 0.25770000000000004 0.32402
5 0.41139 0.174645 0.71032 0.11948999999999999
5 0.452625 0.136155 0.8452700000000001 0.16660999999999998
0 0.08668500000000001 0.04481 0.07965000000000001 0.029879999999999997
0 0.072625 0.10513 0.038430000000000006 0.0586
0 0.229125 0.3447 0.37953 0.59748
0 0.263795 0.3424 0.43387 0.4642
0 0.32049 0.31023 0.5060399999999999 0.5469200000000001
0 0.382335 0.043664999999999995 0.64473 0.013790000000000004
0 0.046385 0.5095799999999999 0.030930000000000003 0.46304
2 0.070285 0.09479 0.024370000000000003 0.07468
2 0.03936 0.157985 0.02624 0.13673
2 0.04498 0.48028000000000004 0.029980000000000003 0.52854
2 0.14244 0.081005 0.12744 0.019530000000000006
3 0.535085 0.783615 0.61287 0.03216999999999992
