4 0.32128999999999996 0.65785 0.20549999999999996 0.55616
2 0.564845 0.29831 0.25769000000000003 0.0011200000000000099
2 0.45882999999999996 0.18819999999999998 0.23920000000000002 0.11348
2 0.1756 0.043255 0.25986000000000004 0.016849999999999997
2 0.48547 0.139885 0.75784 0.059550000000000006
2 0.47134 0.266285 0.7469600000000001 0.20899
2 0.56295 0.32527 0.8779999999999999 0.2146
2 0.49036 0.56628 0.9111400000000001 1.0336800000000002
0 0.5194599999999999 0.34606000000000003 0.96498 0.5483
2 0.08154499999999999 0.39943 0.054369999999999995 0.5247
2 0.14678 0.458415 0.137 0.68313
2 0.16744 0.438195 0.26530000000000004 0.75953
2 0.247355 0.344375 0.35989000000000004 0.49549
2 0.08318 0.270215 0.029359999999999997 0.29325
2 0.16580999999999999 0.347745 0.1881 0.51123
0 0.453395 0.47246 0.74153 0.66178
2 0.15059 0.49605499999999997 0.24464 0.93369
2 0.123405 0.485385 0.20767 0.9168299999999999
2 0.15059 0.46571999999999997 0.21853999999999998 0.84604
2 0.41806000000000004 0.5387500000000001 0.62302 0.7943600000000001
2 0.42241 0.612905 0.7100000000000001 0.8977300000000001
0 0.41534 0.52527 0.6306200000000001 0.8123400000000001
0 0.41045 0.5365 0.75566 0.95166
0 0.397945 0.58987 0.72631 1.04492
0 0.487645 0.56628 0.91005 1.0516599999999998
0 0.5607749999999999 0.307855 0.8823499999999999 0.22921
0 0.17342 0.0191 0.2816 0.0067399999999999995
0 0.45774499999999996 0.244375 0.86331 0.37639
