0 0.21343499999999999 0.104695 0.33833 0.09930999999999998
0 0.22134 0.15435 0.2909 0.15554
0 0.35783 0.21537 0.32358 0.028719999999999996
0 0.37786 0.271605 0.59972 0.22733
0 0.1191 0.39185 0.13702 0.67362
0 0.239255 0.57312 0.40263000000000004 1.0218
0 0.23187999999999998 0.52885 0.37944 0.9524
0 0.247685 0.490565 0.41949000000000003 0.87583
6 0.352035 0.70234 0.07167000000000001 0.67722
4 0.33043 0.413985 0.13385999999999998 0.32065
7 0.306185 0.25545 0.22028999999999999 0.0658
7 0.390505 0.36074 0.29617000000000004 0.26681999999999995
7 0.358355 0.778915 0.21923 0.16032999999999997
0 0.329375 0.3745 0.62923 0.7107199999999999
