5 0.386445 0.38978 0.6143500000000001 0.64964
5 0.37473500000000004 0.192185 0.45401 0.17215000000000003
4 0.46617 0.51375 0.11620000000000003 0.08554
1 0.51166 0.610115 0.5765199999999999 0.6961900000000001
2 0.32159 0.170525 0.5855199999999999 0.26743
2 0.48689000000000004 0.18785500000000002 0.73956 0.25877
2 0.375635 0.382745 0.63597 0.66587
2 0.405815 0.21005000000000001 0.66389 0.24686
2 0.271145 0.299375 0.51347 0.5511100000000001
2 0.29501499999999997 0.32644 0.55039 0.57926
2 0.31528500000000004 0.33997499999999997 0.57291 0.57601
2 0.398605 0.47207 0.67831 0.79688
5 0.425185 0.50888 0.65579 0.7579
