   0.78223    0.66895    0.92773    0.12695    0.00000
   0.36719    0.71875    0.41406    0.43750    4.00000
   0.94531    0.45703    0.98047    0.02344    0.00000
   0.84375    0.54102    0.98828    0.01562    0.00000
   0.82812    0.54980    0.98438    0.02148    0.00000
   0.65430    0.53906    0.96875    0.01953    0.00000
   0.67383    0.72656    0.93359    0.02734    0.00000
   0.73926    0.72754    0.97070    0.02148    0.00000
   0.68652    0.77051    0.97461    0.02148    0.00000
   0.70703    0.77344    0.98438    0.01953    0.00000
   0.64062    0.75977    0.97656    0.01953    0.00000
   0.54590    0.76367    0.97852    0.02344    0.00000
   0.58691    0.77637    0.98242    0.01367    0.00000
   0.54785    0.79688    0.97461    0.01953    0.00000
   0.58887    0.84180    0.89258    0.04297    0.00000
   0.55664    0.86719    0.96875    0.03125    0.00000
   0.63867    0.87305    0.97266    0.03516    0.00000
   0.68066    0.84570    0.97852    0.01953    0.00000
   0.70703    0.86816    0.97266    0.04883    0.00000
   0.76270    0.87500    0.98242    0.02344    0.00000
   0.75293    0.92480    0.98242    0.02148    0.00000
   0.73340    0.98926    0.97461    0.01758    0.00000
   0.94629    0.75391    0.97852    0.03125    0.00000
   0.97266    0.73438    0.98633    0.06250    0.00000
   0.98828    0.80859    0.99219    0.06250    0.00000
   0.95703    0.83984    0.95703    0.08984    0.00000
   0.82422    0.89453    0.96094    0.05469    0.00000
   0.86719    0.95020    0.96875    0.03711    0.00000
   0.91992    0.87988    0.96875    0.02539    0.00000
   0.89062    0.91309    0.98438    0.02930    0.00000
