   0.07153    0.65709    0.89844    0.16497    5.00000
   0.09563    0.65802    0.82654    0.32994    1.00000
   0.19236    0.89852    0.68792    0.19184    1.00000
   0.25797    0.77804    0.94218    0.08434    5.00000
   0.36397    0.82576    0.97628    0.03336    5.00000
   0.36175    0.83364    0.98073    0.02688    0.00000
   0.31616    0.82067    0.97702    0.03244    0.00000
   0.38473    0.88925    0.96294    0.03244    0.00000
   0.37843    0.91983    0.97850    0.02502    0.00000
   0.48592    0.95876    0.95478    0.05839    0.00000
   0.55560    0.71177    0.95478    0.04449    0.00000
   0.55708    0.59778    0.95775    0.05005    0.00000
   0.62009    0.60982    0.97109    0.03892    0.00000
   0.68199    0.69231    0.96887    0.02595    0.00000
   0.67420    0.71501    0.97850    0.03058    0.00000
   0.95997    0.52363    0.96961    0.04078    0.00000
   0.97035    0.60334    0.98073    0.04263    0.00000
   0.94626    0.70667    0.97702    0.03429    0.00000
   0.64900    0.73031    0.98443    0.02410    0.00000
   0.64344    0.76182    0.98814    0.02410    0.00000
   0.62342    0.73262    0.98073    0.03058    0.00000
   0.14826    0.72984    0.96145    0.06766    5.00000
   0.08673    0.75626    0.95404    0.06117    5.00000
   0.20460    0.29564    0.96442    0.05190    5.00000
   0.64270    0.10751    0.96442    0.04819    5.00000
   0.55115    0.05375    0.93403    0.02780    5.00000
   0.77576    0.02780    0.92661    0.01668    5.00000
   0.82691    0.04912    0.96812    0.02780    5.00000
   0.74018    0.08526    0.96961    0.04449    5.00000
   0.04707    0.55375    0.93106    0.09731    0.00000
   0.04893    0.68536    0.95997    0.06395    0.00000
   0.16271    0.28962    0.86434    0.25116    1.00000
   0.76056    0.13438    0.82765    0.09685    5.00000
   0.64381    0.15246    0.88065    0.11770    5.00000
   0.56042    0.28638    0.83988    0.21316    5.00000
   0.87991    0.19741    0.93625    0.10009    5.00000
   0.84581    0.34106    0.92587    0.08897    5.00000
   0.61712    0.49166    0.90437    0.08804    5.00000
   0.50778    0.47915    0.87102    0.17794    5.00000
   0.44477    0.64365    0.93032    0.15107    5.00000
   0.49444    0.89064    0.84285    0.21131    5.00000
   0.35471    0.96571    0.92068    0.05931    5.00000
   0.25389    0.84940    0.95182    0.06580    5.00000
   0.20756    0.29425    0.98666    0.02132    0.00000
   0.14974    0.72567    0.97480    0.05190    0.00000
   0.10675    0.66080    0.97924    0.04819    0.00000
   0.09044    0.60241    0.97924    0.04263    0.00000
   0.16642    0.77804    0.93106    0.06951    0.00000
   0.24981    0.78174    0.97331    0.04912    0.00000
   0.25278    0.83411    0.97480    0.03522    0.00000
   0.29503    0.01854    0.97924    0.01205    0.00000
   0.39251    0.46664    0.97405    0.03985    0.00000
   0.45960    0.80259    0.72832    0.59592    4.00000
   0.64085    0.10704    0.98443    0.02317    0.00000
   0.73314    0.09592    0.98814    0.01390    0.00000
   0.83062    0.04727    0.98443    0.01854    0.00000
   0.78243    0.01761    0.98295    0.00880    0.00000
