   0.70996    0.40430    0.83789    0.20312    2.00000
   0.41113    0.18555    0.66211    0.16504    2.00000
   0.31836    0.81934    0.84375    0.19727    2.00000
   0.06348    0.55957    0.92773    0.09961    0.00000
   0.62695    0.10547    0.93359    0.06250    2.00000
   0.66992    0.74316    0.82324    0.47070    4.00000
   0.63672    0.38672    0.68750    0.30469    7.00000
   0.06250    0.56348    0.93359    0.09961    2.00000
   0.78809    0.63086    0.95898    0.04297    2.00000
   0.77148    0.59082    0.96875    0.02930    2.00000
   0.68848    0.65332    0.97070    0.02539    2.00000
   0.34180    0.75586    0.97656    0.05078    0.00000
   0.27637    0.87305    0.97070    0.01953    0.00000
   0.26074    0.90234    0.97070    0.02344    0.00000
   0.36719    0.87793    0.97266    0.03320    0.00000
   0.37500    0.10938    0.89844    0.05859    0.00000
   0.28906    0.08691    0.94531    0.02148    0.00000
   0.28223    0.15918    0.98242    0.02539    0.00000
   0.35742    0.20117    0.93359    0.02734    0.00000
   0.39648    0.23926    0.98047    0.02148    0.00000
   0.43457    0.20898    0.97461    0.01562    0.00000
   0.45605    0.15820    0.95898    0.02344    0.00000
   0.53906    0.16406    0.94531    0.02734    0.00000
   0.50391    0.18750    0.97656    0.01953    0.00000
   0.63184    0.01562    0.98242    0.01367    0.00000
   0.60840    0.07031    0.97070    0.06250    0.00000
   0.69629    0.32520    0.97852    0.01758    0.00000
   0.71875    0.32520    0.98828    0.04102    0.00000
   0.73828    0.35352    0.98047    0.01562    0.00000
   0.68945    0.37305    0.96484    0.02344    0.00000
   0.78125    0.38379    0.98828    0.01758    0.00000
   0.58496    0.56641    0.94727    0.01953    2.00000
   0.58496    0.40430    0.93945    0.03906    2.00000
