   0.71680    0.29199    0.95703    0.06836    0.00000
   0.91113    0.52441    0.94727    0.05664    0.00000
   0.96484    0.66406    0.97266    0.05078    0.00000
   0.12305    0.83398    0.94531    0.05469    0.00000
   0.88477    0.33594    0.89551    0.23047    2.00000
   0.54883    0.14648    0.83594    0.08105    2.00000
   0.28711    0.51465    0.81641    0.13086    2.00000
   0.02734    0.51270    0.95703    0.13867    2.00000
   0.77539    0.51562    0.94531    0.08594    2.00000
   0.94727    0.62402    0.96973    0.19336    2.00000
   0.96289    0.82617    0.97559    0.08594    2.00000
   0.30566    0.61914    0.50195    0.58887    4.00000
   0.33398    0.26270    0.94531    0.20117    2.00000
   0.53613    0.43652    0.93945    0.19336    2.00000
   0.62012    0.65430    0.79492    0.21875    2.00000
   0.30762    0.67871    0.89648    0.06836    2.00000
   0.69336    0.08789    0.94531    0.08203    5.00000
   0.72070    0.25977    0.84863    0.14160    4.00000
   0.71582    0.57812    0.87695    0.09375    5.00000
   0.58594    0.18066    0.91797    0.11133    2.00000
   0.88770    0.56152    0.97852    0.02930    0.00000
   0.85547    0.59277    0.97266    0.02539    0.00000
   0.69141    0.38184    0.96094    0.04883    0.00000
   0.80664    0.49023    0.89844    0.09766    2.00000
   0.20898    0.79883    0.93750    0.04297    2.00000
   0.12012    0.83984    0.96680    0.03125    2.00000
   0.39648    0.94141    0.89844    0.07812    2.00000
   0.03223    0.74707    0.95117    0.15820    2.00000
   0.14844    0.37891    0.79688    0.23047    5.00000
   0.07715    0.33301    0.95508    0.03320    2.00000
   0.63965    0.81152    0.92383    0.09180    2.00000
   0.42188    0.83691    0.92188    0.09180    2.00000
   0.31152    0.79883    0.95117    0.06250    2.00000
   0.25391    0.90332    0.90234    0.10742    2.00000
   0.12402    0.90234    0.91211    0.06641    2.00000
   0.16309    0.30566    0.96680    0.02930    2.00000
   0.19824    0.33984    0.97070    0.03516    2.00000
   0.38672    0.07324    0.97656    0.02930    5.00000
   0.02051    0.21387    0.96680    0.03320    5.00000
