   0.62012    0.32324    0.83008    0.17383    2.00000
   0.66504    0.79102    0.95117    0.08203    2.00000
   0.63867    0.73926    0.95312    0.06445    2.00000
   0.78027    0.90039    0.91992    0.07812    2.00000
   0.45215    0.94141    0.93555    0.07031    2.00000
   0.13867    0.91602    0.92188    0.14844    0.00000
   0.47266    0.60547    0.65820    0.56250    4.00000
   0.84961    0.16113    0.86230    0.11133    2.00000
   0.86816    0.05078    0.93945    0.04883    2.00000
   0.57227    0.57129    0.96094    0.04883    2.00000
   0.02832    0.33887    0.96680    0.04102    2.00000
   0.42969    0.81152    0.95703    0.05664    2.00000
   0.46387    0.62012    0.97070    0.02930    5.00000
   0.45410    0.65820    0.96680    0.04297    5.00000
   0.52441    0.02539    0.97070    0.02246    5.00000
   0.67578    0.56543    0.95703    0.04883    5.00000
   0.60645    0.61621    0.96680    0.02930    5.00000
   0.70508    0.42773    0.96484    0.02734    2.00000
