   0.68164    0.62305    0.88672    0.27734    0.00000
   0.48926    0.70508    0.51367    0.47559    3.00000
   0.76172    0.61426    0.97656    0.02930    0.00000
   0.78711    0.58984    0.97656    0.01953    0.00000
   0.97852    0.87305    0.98047    0.02734    0.00000
   0.98633    0.80371    0.99316    0.01367    0.00000
   0.89453    0.90137    0.98047    0.01758    0.00000
   0.83789    0.70312    0.97656    0.01953    0.00000
   0.73730    0.74805    0.97461    0.04688    0.00000
   0.63184    0.20898    0.96289    0.05078    2.00000
   0.46582    0.61719    0.91211    0.05078    2.00000
   0.51074    0.66016    0.90039    0.04297    2.00000
   0.59375    0.44922    0.95703    0.07422    0.00000
   0.51758    0.68262    0.89844    0.09570    0.00000
   0.58496    0.74023    0.97852    0.01953    0.00000
   0.59180    0.77930    0.98047    0.01953    0.00000
   0.29883    0.29492    0.97266    0.02344    0.00000
   0.27930    0.36719    0.95312    0.07812    0.00000
   0.22852    0.43652    0.94531    0.08789    0.00000
   0.25195    0.48145    0.96484    0.06055    0.00000
   0.24219    0.32129    0.97656    0.04492    2.00000
   0.68359    0.03711    0.95312    0.02051    0.00000
   0.75781    0.36133    0.92578    0.13672    0.00000
   0.88086    0.44531    0.89746    0.12109    0.00000
   0.98438    0.43945    0.99023    0.03906    0.00000
   0.95996    0.48242    0.98633    0.01953    0.00000
   0.97363    0.42773    0.99023    0.01172    0.00000
   0.93164    0.67188    0.98047    0.03125    0.00000
   0.89941    0.67383    0.96680    0.02734    0.00000
   0.93359    0.70703    0.98047    0.02734    0.00000
   0.92578    0.75586    0.97266    0.02734    0.00000
   0.96680    0.33203    0.98438    0.01562    0.00000
   0.84277    0.83203    0.97070    0.03125    0.00000
   0.82617    0.80664    0.98047    0.03125    0.00000
   0.79492    0.78418    0.95703    0.04102    0.00000
   0.74902    0.76074    0.93164    0.03320    0.00000
   0.72754    0.78613    0.97070    0.04492    0.00000
   0.77148    0.83008    0.96484    0.03125    0.00000
   0.79102    0.86426    0.98438    0.01367    0.00000
   0.27051    0.02344    0.98242    0.01562    0.00000
   0.20605    0.19238    0.98633    0.02148    0.00000
   0.19336    0.13281    0.98438    0.01953    0.00000
   0.27051    0.07715    0.95117    0.06055    0.00000
