   0.87793    0.68457    0.94336    0.16992    0.00000
   0.62695    0.61719    0.77734    0.22656    4.00000
   0.88086    0.67969    0.95312    0.14062    2.00000
   0.96777    0.57617    0.97461    0.03125    2.00000
   0.96582    0.57617    0.97852    0.03125    0.00000
   0.90039    0.33398    0.95312    0.03906    0.00000
   0.92676    0.37793    0.97070    0.02539    0.00000
   0.93652    0.77441    0.97461    0.05273    2.00000
   0.87207    0.81348    0.95117    0.05664    2.00000
   0.90137    0.91602    0.93164    0.08203    2.00000
   0.85059    0.98438    0.97461    0.02734    2.00000
   0.93359    0.77441    0.98047    0.05664    0.00000
   0.87500    0.81445    0.95312    0.04688    0.00000
   0.90430    0.91602    0.93359    0.08594    0.00000
   0.84961    0.98340    0.98047    0.02539    0.00000
   0.98438    0.79492    0.99219    0.05078    2.00000
   0.81738    0.78809    0.97070    0.02930    0.00000
