   0.17090    0.18555    0.69336    0.16895    5.00000
   0.42285    0.81641    0.92383    0.19531    5.00000
   0.09473    0.51172    0.90820    0.09766    5.00000
   0.01855    0.54004    0.96680    0.04883    5.00000
   0.41992    0.51953    0.56348    0.33594    4.00000
   0.18457    0.94824    0.80664    0.07617    1.00000
   0.48926    0.91309    0.95508    0.03320    5.00000
   0.72363    0.67383    0.96289    0.03125    5.00000
   0.18945    0.11133    0.98047    0.01953    0.00000
   0.94336    0.86914    0.94434    0.07031    2.00000
   0.75293    0.61035    0.94336    0.04492    2.00000
   0.40527    0.56152    0.93555    0.06055    2.00000
