   0.61523    0.64941    0.91797    0.08008    5.00000
   0.76367    0.83008    0.93359    0.07031    5.00000
   0.69238    0.17188    0.93945    0.08984    2.00000
   0.36523    0.50000    0.56250    0.29492    4.00000
   0.89258    0.48926    0.94629    0.17383    0.00000
   0.66016    0.90820    0.88281    0.10156    5.00000
   0.83594    0.17871    0.97656    0.02930    5.00000
   0.74219    0.17578    0.97656    0.02344    5.00000
   0.69727    0.18945    0.95312    0.02344    5.00000
   0.67383    0.17285    0.97656    0.02148    5.00000
   0.66797    0.91895    0.91406    0.06445    2.00000
   0.76465    0.85059    0.96289    0.03320    2.00000
   0.78418    0.07812    0.97461    0.02734    5.00000
