   0.30726    0.53939    0.96664    0.07229    0.00000
   0.31764    0.60704    0.96812    0.05375    0.00000
   0.34766    0.51715    0.96590    0.07044    0.00000
   0.36657    0.60009    0.95330    0.14180    0.00000
   0.42476    0.47034    0.97924    0.03800    0.00000
   0.45182    0.41381    0.97257    0.03800    0.00000
   0.45701    0.47405    0.97850    0.03429    0.00000
   0.45478    0.51529    0.97109    0.04819    0.00000
   0.48258    0.47127    0.97628    0.02502    0.00000
   0.49407    0.51390    0.97850    0.03244    0.00000
   0.55560    0.68953    0.96812    0.04263    0.00000
   0.44033    0.62326    0.97776    0.02688    0.00000
   0.44403    0.66311    0.97628    0.03429    0.00000
   0.56227    0.53197    0.94144    0.16126    0.00000
   0.59451    0.43652    0.98073    0.05005    0.00000
   0.57450    0.65524    0.97628    0.04634    0.00000
   0.31134    0.16867    0.98073    0.02224    0.00000
   0.26835    0.12512    0.98369    0.02410    0.00000
   0.75278    0.51946    0.98147    0.02873    0.00000
   0.77687    0.57090    0.97331    0.03336    0.00000
   0.76575    0.60056    0.97924    0.02410    0.00000
   0.74796    0.58480    0.98517    0.05005    0.00000
   0.73239    0.57275    0.98073    0.06673    0.00000
   0.71090    0.72660    0.97924    0.02039    0.00000
   0.73017    0.66080    0.98221    0.02410    0.00000
   0.71275    0.66450    0.98592    0.03707    0.00000
   0.69311    0.67377    0.97628    0.05375    0.00000
   0.64752    0.66636    0.98443    0.02039    0.00000
   0.73981    0.17933    0.96887    0.03244    0.00000
   0.38213    0.07183    0.97405    0.03429    0.00000
   0.43958    0.04078    0.98221    0.02780    0.00000
   0.45219    0.01761    0.97628    0.00973    0.00000
   0.39362    0.51344    0.98073    0.02780    0.00000
   0.11379    0.61724    0.97702    0.03336    0.00000
   0.78132    0.76274    0.88992    0.61492    1.00000
   0.22943    0.31001    0.97702    0.03614    0.00000
   0.68718    0.77062    0.97924    0.03429    5.00000
   0.71164    0.72660    0.97776    0.02410    5.00000
   0.13973    0.51158    0.97405    0.02780    0.00000
   0.07746    0.77386    0.97554    0.02224    0.00000
   0.08451    0.82530    0.97776    0.03985    0.00000
   0.08562    0.82252    0.98295    0.02688    5.00000
   0.51705    0.54078    0.97405    0.07507    0.00000
   0.46738    0.59222    0.98147    0.03151    0.00000
   0.47887    0.62141    0.98369    0.02688    0.00000
   0.52780    0.68026    0.97628    0.04449    0.00000
   0.39511    0.16960    0.77465    0.11538    7.00000
   0.27279    0.25996    0.85915    0.17702    7.00000
   0.60563    0.13994    0.88139    0.07368    7.00000
   0.69607    0.11029    0.93328    0.05885    7.00000
   0.68829    0.77016    0.98740    0.01854    0.00000
