   0.61035    0.23340    0.86914    0.20508    5.00000
   0.56445    0.75000    0.76953    0.33594    5.00000
   0.07227    0.31250    0.88672    0.25000    2.00000
   0.28027    0.33984    0.92773    0.23242    2.00000
   0.11621    0.58496    0.91211    0.25586    2.00000
   0.72461    0.85938    0.86035    0.27734    2.00000
   0.77930    0.69434    0.96484    0.04102    5.00000
   0.88281    0.11719    0.93359    0.10547    0.00000
   0.89844    0.21191    0.91016    0.13867    0.00000
   0.66113    0.74023    0.97852    0.01953    0.00000
   0.15039    0.55762    0.98828    0.02930    0.00000
   0.07031    0.22266    0.97656    0.02344    0.00000
   0.96387    0.19531    0.97070    0.03906    5.00000
   0.83203    0.06055    0.96875    0.03125    5.00000
   0.76855    0.06836    0.95117    0.05078    5.00000
   0.32129    0.42188    0.97070    0.03125    2.00000
   0.22168    0.16406    0.97070    0.03516    2.00000
