   0.48145    0.24805    0.95508    0.05078    5.00000
   0.52930    0.36230    0.95703    0.04883    5.00000
   0.69727    0.27051    0.70801    0.15820    5.00000
   0.97461    0.74316    0.98730    0.13086    5.00000
   0.14160    0.87500    0.90430    0.18359    5.00000
   0.58691    0.68848    0.95508    0.05273    5.00000
   0.68652    0.07617    0.91992    0.04785    0.00000
   0.78223    0.08789    0.93945    0.05371    0.00000
   0.81836    0.74805    0.93359    0.03906    0.00000
   0.77148    0.90723    0.91016    0.07617    0.00000
   0.82129    0.95117    0.94727    0.03125    0.00000
   0.28027    0.90527    0.96289    0.05273    0.00000
   0.72168    0.16016    0.84180    0.08594    0.00000
   0.68848    0.45801    0.89648    0.21289    4.00000
   0.17188    0.54590    0.92578    0.09570    5.00000
   0.90137    0.40527    0.97852    0.02539    5.00000
   0.93164    0.42773    0.96582    0.10547    5.00000
   0.27539    0.51855    0.82422    0.11133    5.00000
   0.07715    0.58398    0.88086    0.17578    5.00000
   0.24316    0.93652    0.83398    0.11914    5.00000
   0.52734    0.91992    0.98438    0.03906    0.00000
   0.54980    0.93750    0.99023    0.01172    0.00000
   0.56250    0.85938    0.98828    0.04688    0.00000
   0.54590    0.96289    0.98633    0.01562    0.00000
   0.52148    0.95312    0.98828    0.01562    0.00000
   0.62891    0.91113    0.98828    0.03320    0.00000
   0.87207    0.85156    0.98633    0.01562    0.00000
   0.86914    0.96387    0.98828    0.02148    0.00000
   0.47461    0.25977    0.98438    0.01562    0.00000
   0.48438    0.23438    0.98828    0.01172    0.00000
   0.91113    0.58789    0.99023    0.01172    0.00000
   0.91895    0.61328    0.99023    0.01562    0.00000
   0.90723    0.75684    0.96680    0.04102    0.00000
   0.93652    0.79199    0.98633    0.01367    0.00000
   0.95703    0.71875    0.97266    0.05469    0.00000
   0.91406    0.59570    0.95508    0.08203    5.00000
   0.81250    0.91016    0.89453    0.16016    5.00000
   0.26172    0.49512    0.98047    0.02148    2.00000
   0.59180    0.68262    0.97266    0.02148    0.00000
   0.66113    0.89355    0.97852    0.00977    0.00000
   0.39160    0.93066    0.90430    0.12695    2.00000
