   0.36849    0.63368    0.38542    0.58681    2.00000
   0.47135    0.12847    0.85938    0.07639    2.00000
   0.11654    0.19097    0.87630    0.10764    2.00000
   0.41862    0.22222    0.91016    0.06250    2.00000
   0.82682    0.81076    0.85742    0.52170    2.00000
   0.56315    0.62847    0.97266    0.04514    0.00000
   0.46745    0.70139    0.90885    0.15278    0.00000
   0.38216    0.70920    0.92057    0.13021    0.00000
   0.12044    0.60677    0.91276    0.17188    0.00000
   0.25781    0.63802    0.89062    0.24479    0.00000
