   0.23242    0.73730    0.89453    0.11523    5.00000
   0.05957    0.36719    0.88477    0.10938    5.00000
   0.85547    0.39160    0.94141    0.06445    5.00000
   0.79297    0.49316    0.92578    0.07617    5.00000
   0.51660    0.76367    0.96289    0.04297    5.00000
   0.52148    0.32031    0.62891    0.26172    4.00000
   0.86035    0.72461    0.95117    0.05469    5.00000
   0.15723    0.43066    0.96289    0.06836    5.00000
   0.22559    0.06250    0.85742    0.03516    5.00000
   0.99023    0.78320    0.99512    0.02344    0.00000
   0.25977    0.74121    0.98047    0.01758    0.00000
   0.24512    0.78613    0.98242    0.01758    0.00000
