   0.42188    0.62402    0.91797    0.07227    5.00000
   0.37891    0.71777    0.89453    0.09961    5.00000
   0.37012    0.88477    0.89648    0.21875    5.00000
   0.90039    0.19922    0.90625    0.16992    2.00000
   0.62305    0.34180    0.74609    0.23047    4.00000
   0.08008    0.37109    0.92578    0.06250    0.00000
   0.27246    0.06055    0.94336    0.04395    0.00000
   0.14062    0.93750    0.80078    0.09375    1.00000
   0.80176    0.38477    0.95898    0.06250    5.00000
   0.86035    0.32812    0.96680    0.05469    5.00000
   0.72363    0.47070    0.89258    0.08203    5.00000
   0.14551    0.55273    0.96680    0.03516    5.00000
   0.12598    0.60156    0.97070    0.03906    5.00000
   0.96289    0.64258    0.97754    0.15234    2.00000
