   0.64344    0.20760    0.94070    0.05375    0.00000
   0.91698    0.20760    0.94811    0.04634    0.00000
   0.79318    0.05375    0.96442    0.01854    0.00000
   0.75426    0.04634    0.95478    0.02780    0.00000
   0.71312    0.02132    0.94366    0.01158    0.00000
   0.72832    0.76830    0.96071    0.04819    0.00000
   0.93328    0.66728    0.95552    0.07600    0.00000
   0.80022    0.88230    0.95626    0.04263    0.00000
   0.73944    0.89713    0.92958    0.04449    0.00000
   0.69162    0.95922    0.86953    0.07044    0.00000
   0.66864    0.91057    0.79652    0.16404    1.00000
   0.15345    0.91474    0.47591    0.51854    3.00000
   0.97554    0.72057    0.98554    0.08619    2.00000
   0.11749    0.99073    0.76798    0.50000    4.00000
