   0.23828    0.73438    0.60742    0.38477    4.00000
   0.76270    0.79492    0.89258    0.13281    5.00000
   0.71387    0.95312    0.93164    0.07031    5.00000
   0.63867    0.93066    0.94922    0.04883    5.00000
   0.32324    0.93066    0.75977    0.10742    2.00000
   0.83789    0.28906    0.87598    0.22266    2.00000
   0.61133    0.30078    0.98828    0.01172    0.00000
   0.60645    0.73535    0.98633    0.00977    0.00000
   0.58008    0.66309    0.96875    0.01758    0.00000
   0.35645    0.56348    0.97461    0.02539    0.00000
   0.48047    0.54004    0.98828    0.01367    0.00000
   0.39746    0.50488    0.99023    0.01367    0.00000
   0.36035    0.97168    0.95898    0.04492    0.00000
   0.71289    0.94336    0.98047    0.02344    0.00000
   0.22461    0.84277    0.97266    0.04102    2.00000
   0.67090    0.84082    0.93945    0.06055    5.00000
   0.83789    0.88867    0.97656    0.03125    5.00000
   0.48633    0.96875    0.94531    0.05859    5.00000
