   0.12639    0.15848    0.97702    0.03336    5.00000
   0.14974    0.08295    0.98517    0.01946    5.00000
   0.13862    0.10519    0.98221    0.02317    5.00000
   0.17346    0.08434    0.98369    0.01854    5.00000
   0.22535    0.07785    0.98517    0.02595    5.00000
   0.18829    0.13438    0.97924    0.02595    5.00000
   0.16679    0.13948    0.98369    0.02873    5.00000
   0.15308    0.16914    0.98295    0.03244    5.00000
   0.94033    0.13624    0.96812    0.04263    5.00000
   0.15789    0.28221    0.93032    0.08804    5.00000
   0.16012    0.20065    0.88732    0.08619    5.00000
   0.17346    0.07044    0.94218    0.03614    5.00000
   0.08636    0.10843    0.97999    0.02595    5.00000
   0.71127    0.16682    0.97257    0.02595    5.00000
   0.80652    0.33920    0.98073    0.02595    5.00000
   0.64344    0.17980    0.97628    0.02780    5.00000
   0.39288    0.18072    0.97924    0.02595    5.00000
   0.35953    0.19184    0.98073    0.02410    5.00000
   0.38992    0.21131    0.98073    0.02410    5.00000
   0.57116    0.61724    0.97850    0.02224    0.00000
   0.46182    0.70992    0.98221    0.02224    0.00000
   0.44329    0.72196    0.98962    0.02224    0.00000
   0.48258    0.72289    0.98221    0.02039    0.00000
   0.44996    0.65755    0.98369    0.01390    0.00000
   0.41772    0.66960    0.98443    0.02688    0.00000
   0.38510    0.72289    0.97109    0.04449    0.00000
   0.40474    0.72104    0.98369    0.02410    0.00000
   0.36694    0.61307    0.96590    0.03429    0.00000
   0.33062    0.69787    0.98369    0.02595    0.00000
   0.35730    0.72475    0.98221    0.02410    0.00000
   0.42958    0.92910    0.97850    0.03058    0.00000
   0.24240    0.93652    0.97480    0.03244    0.00000
   0.17457    0.18489    0.97109    0.04171    0.00000
   0.11082    0.91891    0.83914    0.15477    1.00000
   0.42476    0.63577    0.58784    0.59778    4.00000
   0.47850    0.22196    0.80208    0.13624    5.00000
   0.30986    0.52410    0.86064    0.51066    5.00000
   0.62046    0.26877    0.76798    0.13438    5.00000
   0.83543    0.58480    0.88510    0.14643    5.00000
   0.87250    0.81974    0.92958    0.24004    5.00000
   0.76798    0.38462    0.88102    0.17980    5.00000
   0.52817    0.35496    0.92809    0.08712    5.00000
   0.37620    0.52641    0.88362    0.09082    5.00000
   0.39474    0.67609    0.85990    0.14551    5.00000
   0.21979    0.93559    0.85990    0.09731    5.00000
   0.17420    0.94115    0.98666    0.01390    0.00000
   0.38918    0.18397    0.98814    0.01761    0.00000
   0.38955    0.20621    0.98888    0.01576    0.00000
   0.35878    0.19045    0.99110    0.01019    0.00000
   0.17309    0.08341    0.99036    0.00741    0.00000
   0.22350    0.07924    0.99333    0.01390    0.00000
   0.94181    0.13346    0.98147    0.01668    0.00000
