   0.15430    0.19336    0.70703    0.17188    5.00000
   0.08887    0.52148    0.85742    0.10547    5.00000
   0.40527    0.81738    0.85742    0.33789    5.00000
   0.40820    0.42773    0.51855    0.36230    4.00000
   0.40039    0.94922    0.88672    0.07422    2.00000
   0.17871    0.13379    0.97852    0.02930    2.00000
   0.67480    0.63379    0.91602    0.06836    2.00000
   0.39355    0.79785    0.96289    0.11523    2.00000
   0.89941    0.92285    0.93555    0.05664    2.00000
   0.74609    0.73828    0.96875    0.02734    5.00000
