   0.03706    0.88971    0.49259    0.50973    3.00000
   0.27057    0.18767    0.96442    0.05097    0.00000
   0.29133    0.22382    0.95997    0.05839    0.00000
   0.33210    0.26830    0.96738    0.05468    0.00000
   0.35619    0.28499    0.97257    0.05653    0.00000
   0.40660    0.35218    0.97405    0.04078    0.00000
   0.44959    0.39574    0.95330    0.06673    0.00000
   0.82172    0.48239    0.96812    0.07136    0.00000
   0.78503    0.48424    0.98369    0.03058    0.00000
   0.79170    0.54124    0.97924    0.04263    0.00000
   0.74426    0.50185    0.96738    0.07692    0.00000
   0.92587    0.45922    0.95923    0.08063    0.00000
   0.97999    0.72057    0.98369    0.03800    0.00000
   0.96553    0.76599    0.98740    0.05283    0.00000
   0.90956    0.71362    0.96590    0.02780    0.00000
   0.84248    0.71872    0.97405    0.05097    0.00000
   0.80096    0.74560    0.98443    0.03244    0.00000
   0.86990    0.54773    0.98592    0.03892    0.00000
   0.87880    0.57924    0.98740    0.03336    0.00000
   0.87213    0.61075    0.98888    0.04634    0.00000
   0.84581    0.62048    0.98666    0.04171    0.00000
   0.84618    0.55978    0.97999    0.04078    0.00000
   0.95182    0.65894    0.97924    0.03336    0.00000
   0.92254    0.82994    0.96664    0.11214    0.00000
   0.91883    0.89435    0.96961    0.05931    0.00000
   0.88362    0.94254    0.95552    0.07044    0.00000
   0.88176    0.78545    0.97109    0.06209    0.00000
   0.86879    0.85218    0.95997    0.06580    0.00000
   0.83173    0.93420    0.95256    0.05561    0.00000
   0.78984    0.90037    0.96071    0.08063    0.00000
   0.83062    0.78869    0.98888    0.03522    0.00000
   0.81875    0.77016    0.98888    0.02410    0.00000
   0.80430    0.80120    0.98369    0.03429    0.00000
   0.78540    0.82437    0.98443    0.03800    0.00000
   0.56301    0.87303    0.95775    0.08341    0.00000
   0.51223    0.88601    0.97924    0.04634    0.00000
   0.61342    0.87210    0.98295    0.04263    0.00000
   0.48629    0.85913    0.98221    0.03707    0.00000
   0.46850    0.89296    0.98666    0.03429    0.00000
   0.45589    0.93234    0.98962    0.03336    0.00000
   0.43403    0.93837    0.97109    0.02688    0.00000
   0.38213    0.93791    0.98295    0.02224    0.00000
   0.48184    0.82298    0.98517    0.03522    0.00000
   0.46516    0.83364    0.98147    0.03985    0.00000
   0.44070    0.85542    0.97999    0.03151    0.00000
   0.39918    0.67424    0.98295    0.03800    0.00000
   0.38658    0.68628    0.98443    0.03429    0.00000
   0.15789    0.69184    0.97776    0.04727    0.00000
   0.17013    0.75533    0.97999    0.05005    0.00000
   0.18458    0.84708    0.98369    0.03336    0.00000
   0.09340    0.78313    0.94218    0.11492    0.00000
   0.08117    0.71594    0.98147    0.03058    0.00000
   0.06783    0.70806    0.97850    0.03336    0.00000
   0.16457    0.85913    0.98073    0.01854    0.00000
   0.15864    0.94856    0.97776    0.03244    0.00000
   0.17606    0.98517    0.97702    0.01112    0.00000
   0.10044    0.44764    0.95478    0.05561    0.00000
   0.14418    0.46247    0.97554    0.03522    0.00000
   0.16642    0.50417    0.98295    0.02595    0.00000
   0.14566    0.52271    0.98592    0.02595    0.00000
   0.05967    0.47776    0.98443    0.02688    0.00000
   0.03336    0.54588    0.98666    0.03336    0.00000
   0.02595    0.39388    0.98814    0.02780    0.00000
   0.02113    0.36979    0.98888    0.02039    0.00000
   0.56857    0.09546    0.76427    0.05792    4.00000
   0.70904    0.52363    0.93847    0.18165    5.00000
   0.65752    0.35357    0.80059    0.25487    5.00000
   0.44255    0.96015    0.98369    0.02224    0.00000
   0.42921    0.99027    0.98369    0.01205    0.00000
   0.04781    0.63114    0.98740    0.02039    0.00000
   0.03225    0.61538    0.98592    0.01668    0.00000
   0.04299    0.84801    0.98666    0.02039    0.00000
   0.10749    0.21826    0.98517    0.02317    0.00000
