   0.71720    0.73818    0.89844    0.20667    5.00000
   0.69199    0.08712    0.95033    0.05190    5.00000
   0.69051    0.14133    0.91327    0.06024    5.00000
   0.68903    0.21223    0.93254    0.07229    5.00000
   0.77279    0.30445    0.95478    0.06395    5.00000
   0.75241    0.25533    0.98221    0.03058    5.00000
   0.72535    0.25904    0.98295    0.02132    5.00000
   0.70200    0.27433    0.98369    0.03151    5.00000
   0.67976    0.26877    0.98073    0.02595    5.00000
   0.72461    0.29240    0.97702    0.03614    5.00000
   0.56301    0.16543    0.96368    0.03614    5.00000
   0.59044    0.22289    0.97257    0.03800    5.00000
   0.69459    0.30399    0.98221    0.02039    5.00000
   0.71386    0.35357    0.95997    0.05839    5.00000
   0.66383    0.34940    0.97109    0.04263    5.00000
   0.75908    0.38369    0.96887    0.05005    5.00000
   0.71164    0.42864    0.95552    0.06024    5.00000
   0.46331    0.59129    0.94959    0.06673    5.00000
   0.41772    0.66867    0.95478    0.05283    5.00000
   0.36805    0.44208    0.91623    0.02966    5.00000
   0.35582    0.48656    0.93773    0.05005    5.00000
   0.18606    0.52317    0.90956    0.12882    5.00000
   0.05263    0.66775    0.94514    0.06580    5.00000
   0.57895    0.59639    0.95997    0.05653    5.00000
   0.59118    0.50973    0.95775    0.04819    5.00000
   0.53558    0.54078    0.97257    0.04541    5.00000
   0.49296    0.32020    0.95849    0.06395    5.00000
   0.44996    0.28916    0.93921    0.06673    5.00000
   0.38621    0.23494    0.92439    0.06209    5.00000
   0.69792    0.88786    0.95033    0.04078    5.00000
   0.16420    0.71409    0.93699    0.03429    5.00000
   0.54855    0.25811    0.95997    0.05653    0.00000
   0.64826    0.59129    0.95626    0.14272    0.00000
   0.56301    0.90732    0.96961    0.04634    0.00000
   0.55041    0.94949    0.97257    0.03058    0.00000
   0.35471    0.89898    0.96812    0.03336    0.00000
   0.36990    0.81557    0.98221    0.03151    0.00000
   0.28910    0.63902    0.96442    0.05468    0.00000
   0.14196    0.55468    0.97850    0.03800    0.00000
   0.13973    0.60380    0.97109    0.06024    0.00000
   0.10267    0.51483    0.97109    0.06580    0.00000
   0.14047    0.67192    0.97554    0.02595    0.00000
   0.42513    0.50463    0.95330    0.05097    0.00000
   0.45107    0.54171    0.97109    0.04356    0.00000
   0.89511    0.08665    0.96812    0.05653    0.00000
   0.84989    0.09407    0.95478    0.07878    0.00000
   0.83803    0.55283    0.96961    0.03800    0.00000
   0.81987    0.73818    0.96145    0.05468    0.00000
   0.98221    0.48471    0.99110    0.02966    0.00000
   0.97850    0.54171    0.98258    0.03985    0.00000
   0.87658    0.47729    0.97257    0.02410    0.00000
   0.89400    0.50139    0.98221    0.03151    0.00000
   0.92809    0.44115    0.97331    0.03707    0.00000
   0.76427    0.18999    0.96294    0.05190    0.00000
   0.77613    0.14041    0.98073    0.03058    0.00000
   0.80838    0.25718    0.97109    0.02688    0.00000
   0.31245    0.61029    0.98888    0.01946    0.00000
   0.33803    0.70621    0.97924    0.02595    0.00000
   0.37027    0.68443    0.97850    0.02873    0.00000
   0.54374    0.42910    0.97257    0.03151    0.00000
   0.96961    0.62326    0.97294    0.04171    5.00000
   0.95219    0.68026    0.96368    0.04449    5.00000
   0.63195    0.98842    0.97257    0.01946    5.00000
   0.24907    0.49768    0.62639    0.18350    5.00000
   0.11638    0.43373    0.95404    0.05931    5.00000
   0.04262    0.45783    0.98295    0.02780    0.00000
   0.12009    0.43559    0.98666    0.02224    0.00000
   0.19385    0.53522    0.97999    0.01576    0.00000
   0.27242    0.50371    0.97405    0.02317    0.00000
   0.69236    0.77665    0.97628    0.02780    0.00000
   0.85063    0.33364    0.98740    0.01668    0.00000
   0.88547    0.35218    0.98443    0.01483    0.00000
   0.70608    0.61399    0.97850    0.02873    0.00000
   0.69978    0.54124    0.95701    0.15570    5.00000
   0.60267    0.64458    0.95107    0.05839    5.00000
   0.57969    0.75950    0.97628    0.02873    0.00000
   0.39881    0.86237    0.98073    0.02132    0.00000
   0.63714    0.08990    0.97109    0.03336    5.00000
   0.24574    0.12558    0.96219    0.03244    5.00000
   0.17346    0.40130    0.97480    0.02410    5.00000
   0.02520    0.54495    0.95552    0.03707    5.00000
   0.96442    0.44069    0.96738    0.04171    5.00000
   0.96516    0.45042    0.98221    0.01483    0.00000
   0.56338    0.47266    0.95849    0.06487    0.00000
