   0.59180    0.83594    0.75488    0.12500    0.00000
   0.29785    0.55664    0.84180    0.24609    0.00000
   0.30762    0.19727    0.75195    0.10059    0.00000
   0.54785    0.41309    0.75195    0.17383    0.00000
   0.04688    0.54102    0.94922    0.10156    2.00000
   0.87891    0.60547    0.93750    0.16406    0.00000
   0.78223    0.55566    0.90039    0.16992    0.00000
   0.68164    0.16992    0.94922    0.10449    0.00000
   0.64160    0.17773    0.97070    0.05469    0.00000
   0.79492    0.09570    0.95312    0.04785    0.00000
   0.30664    0.51660    0.96094    0.13477    2.00000
   0.35156    0.38770    0.96875    0.06445    2.00000
   0.26953    0.47461    0.96875    0.08594    2.00000
   0.26367    0.60449    0.92969    0.14258    2.00000
   0.61719    0.41406    0.92188    0.13281    2.00000
   0.49512    0.38965    0.89258    0.10742    2.00000
   0.78516    0.55469    0.91016    0.15625    2.00000
   0.88672    0.60547    0.93945    0.15625    2.00000
   0.56543    0.63477    0.90430    0.08984    2.00000
   0.45703    0.74316    0.96484    0.06445    2.00000
   0.69238    0.76758    0.77930    0.21094    2.00000
   0.56738    0.63965    0.90430    0.09570    0.00000
   0.69238    0.78027    0.77148    0.24414    0.00000
   0.83008    0.95703    0.85547    0.07422    0.00000
   0.86719    0.83496    0.92969    0.13867    0.00000
   0.82422    0.95801    0.89844    0.06836    2.00000
   0.86719    0.83887    0.91992    0.13867    2.00000
   0.51074    0.82422    0.91211    0.08984    2.00000
   0.51465    0.82812    0.91211    0.08594    0.00000
   0.30469    0.18555    0.78516    0.10645    2.00000
   0.69238    0.16016    0.95508    0.09766    2.00000
   0.00781    0.70898    0.50195    0.57812    3.00000
