   0.64648    0.67969    0.79980    0.45312    4.00000
   0.63574    0.34473    0.91992    0.08398    0.00000
   0.45801    0.37109    0.97070    0.05078    0.00000
   0.45312    0.50391    0.93750    0.07031    0.00000
   0.25000    0.75000    0.94922    0.07031    0.00000
   0.25586    0.18945    0.87891    0.10840    0.00000
   0.48047    0.08203    0.88672    0.06250    0.00000
   0.72656    0.47363    0.89453    0.09180    0.00000
   0.63672    0.58398    0.87109    0.11328    0.00000
   0.46582    0.35547    0.72852    0.28125    7.00000
   0.50977    0.67383    0.78906    0.25781    7.00000
   0.53418    0.30859    0.98242    0.01953    0.00000
   0.32422    0.40332    0.98828    0.00977    0.00000
   0.39746    0.97656    0.98633    0.01953    0.00000
   0.69434    0.67480    0.97852    0.02148    5.00000
   0.66406    0.70117    0.97656    0.02734    5.00000
   0.53320    0.30762    0.97656    0.02539    5.00000
   0.27051    0.88672    0.96680    0.04688    2.00000
   0.30859    0.87793    0.96875    0.05664    2.00000
   0.23730    0.12891    0.93164    0.11133    2.00000
   0.44141    0.04883    0.93750    0.04004    2.00000
   0.61230    0.05078    0.91992    0.02539    2.00000
   0.13672    0.02734    0.96094    0.01562    2.00000
