   0.48438    0.44531    0.51562    0.35547    4.00000
   0.82031    0.30664    0.82031    0.24219    4.00000
   0.18457    0.24316    0.96289    0.04102    2.00000
   0.96289    0.38672    0.96484    0.04688    2.00000
   0.96875    0.46582    0.98242    0.08008    2.00000
   0.97656    0.58398    0.98438    0.05859    2.00000
   0.94922    0.74219    0.95898    0.05078    2.00000
   0.18359    0.08008    0.92578    0.05957    2.00000
   0.89453    0.20996    0.95703    0.07617    2.00000
   0.92480    0.13672    0.95117    0.04688    2.00000
   0.96875    0.15332    0.97852    0.04102    2.00000
   0.86621    0.08398    0.90430    0.04199    2.00000
   0.77051    0.05664    0.95117    0.04980    2.00000
   0.15723    0.91992    0.84180    0.15625    1.00000
