   0.94531    0.64844    0.95898    0.05859    0.00000
   0.50488    0.31641    0.94727    0.06641    0.00000
   0.93359    0.83887    0.96484    0.09180    2.00000
   0.88867    0.18262    0.91309    0.08789    2.00000
   0.71777    0.07227    0.93164    0.03809    2.00000
   0.25977    0.14062    0.91406    0.10156    2.00000
   0.42871    0.44434    0.95508    0.04492    2.00000
   0.36035    0.46582    0.96289    0.05273    2.00000
   0.63770    0.47266    0.71680    0.24805    4.00000
   0.91211    0.44043    0.95215    0.11133    2.00000
   0.93359    0.65039    0.95703    0.06250    2.00000
   0.91113    0.17969    0.92773    0.06641    0.00000
   0.50293    0.31934    0.95898    0.04883    2.00000
