   0.42773    0.52930    0.54980    0.38770    4.00000
   0.07422    0.76465    0.89062    0.20117    5.00000
   0.14551    0.63086    0.92383    0.09375    5.00000
   0.30469    0.24121    0.63672    0.13867    5.00000
   0.12793    0.91309    0.79492    0.15820    1.00000
   0.07227    0.24121    0.97266    0.03711    5.00000
   0.08203    0.29004    0.93359    0.05273    5.00000
   0.24414    0.63867    0.97266    0.02344    5.00000
   0.25195    0.24414    0.96875    0.02344    2.00000
   0.31543    0.54492    0.97461    0.02734    2.00000
