   0.09114    0.09409    0.89465    0.08315    2.00000
   0.87625    0.09300    0.89967    0.07221    2.00000
   0.24247    0.93982    0.78930    0.11597    2.00000
   0.68060    0.97812    0.83946    0.03939    2.00000
   0.10870    0.71882    0.97324    0.03720    2.00000
   0.88127    0.28446    0.97993    0.02188    2.00000
   0.50836    0.25492    0.98328    0.02407    2.00000
   0.55017    0.27790    0.97993    0.02188    2.00000
   0.57191    0.93435    0.97993    0.02626    2.00000
   0.48913    0.57440    0.98161    0.02845    2.00000
   0.81187    0.58096    0.98829    0.01532    2.00000
   0.71739    0.91575    0.96990    0.02845    2.00000
   0.73746    0.26586    0.98328    0.01532    2.00000
