   0.65820    0.15332    0.96484    0.04102    0.00000
   0.70410    0.19238    0.95898    0.04883    0.00000
   0.84961    0.14648    0.95703    0.05078    0.00000
   0.93945    0.72949    0.94922    0.05664    0.00000
   0.02344    0.17188    0.95703    0.10547    0.00000
   0.61719    0.17969    0.95312    0.04688    0.00000
   0.23926    0.94531    0.77539    0.10156    1.00000
   0.14062    0.71582    0.96484    0.04492    5.00000
   0.58008    0.32812    0.96094    0.04297    5.00000
   0.59570    0.47656    0.77441    0.44922    4.00000
   0.65137    0.25586    0.83398    0.12500    7.00000
   0.68359    0.35840    0.90234    0.09180    7.00000
   0.61035    0.44922    0.87305    0.08594    7.00000
