   0.22461    0.91844    0.56560    0.48424    4.00000
   0.59451    0.27896    0.70979    0.14782    5.00000
   0.86286    0.44393    0.92624    0.38554    1.00000
   0.16271    0.16589    0.96368    0.04819    0.00000
   0.25649    0.09222    0.98073    0.03429    0.00000
   0.28614    0.12651    0.96887    0.03800    0.00000
   0.25723    0.13299    0.97331    0.03429    0.00000
   0.25945    0.17841    0.96145    0.06024    0.00000
   0.27428    0.25672    0.97035    0.04819    0.00000
   0.19496    0.25811    0.96442    0.04727    0.00000
   0.09414    0.28452    0.85915    0.07044    0.00000
   0.10786    0.38647    0.96071    0.07229    0.00000
   0.11749    0.44393    0.97702    0.03522    0.00000
   0.15011    0.48100    0.97109    0.04819    0.00000
   0.26538    0.59639    0.95997    0.05653    5.00000
   0.35693    0.45644    0.97109    0.03800    5.00000
   0.09118    0.11909    0.96590    0.05468    0.00000
   0.11935    0.08897    0.98369    0.04449    0.00000
   0.17791    0.06117    0.96590    0.04078    0.00000
   0.13899    0.03800    0.97257    0.02595    0.00000
   0.13306    0.64921    0.99036    0.01576    0.00000
   0.07413    0.65199    0.98814    0.01576    0.00000
   0.13343    0.50834    0.98962    0.01205    0.00000
   0.12491    0.57739    0.99185    0.01668    0.00000
   0.54262    0.32994    0.98517    0.01668    0.00000
   0.62046    0.27062    0.70274    0.13531    0.00000
   0.65975    0.28869    0.97776    0.02873    5.00000
   0.34396    0.97544    0.97776    0.02688    5.00000
   0.27242    0.71316    0.98147    0.02688    5.00000
   0.13751    0.79796    0.97999    0.03707    5.00000
   0.12083    0.87905    0.98369    0.03244    5.00000
   0.12417    0.91057    0.98443    0.03614    5.00000
   0.03373    0.66172    0.97109    0.03522    5.00000
   0.15085    0.54727    0.96961    0.03244    5.00000
   0.53744    0.81696    0.75019    0.35867    1.00000
   0.27131    0.59685    0.99407    0.01483    0.00000
   0.12491    0.22845    0.98443    0.01946    0.00000
   0.13047    0.20482    0.98517    0.02039    0.00000
   0.22090    0.31186    0.98962    0.01761    0.00000
   0.22350    0.28267    0.99333    0.01112    0.00000
   0.18866    0.29425    0.98888    0.01390    0.00000
   0.36064    0.30723    0.99036    0.01205    0.00000
   0.21460    0.49212    0.58858    0.31742    7.00000
