   0.62165    0.15718    0.78400    0.08849    6.00000
   0.85754    0.38985    0.92044    0.33663    6.00000
   0.14662    0.24134    0.74376    0.13552    6.00000
   0.05597    0.50495    0.90657    0.33416    6.00000
   0.50231    0.49691    0.96115    0.05322    2.00000
   0.70583    0.64913    0.81221    0.60025    4.00000
   0.17206    0.54455    0.45190    0.30569    4.00000
   0.15865    0.70730    0.73821    0.54332    4.00000
   0.10268    0.12500    0.93710    0.11634    0.00000
   0.79510    0.10396    0.90102    0.06436    0.00000
