   0.94141    0.80957    0.97070    0.13086    0.00000
   0.06445    0.73926    0.89453    0.16211    2.00000
   0.17188    0.92773    0.87891    0.12109    2.00000
   0.17676    0.95801    0.87305    0.06445    1.00000
   0.87500    0.45801    0.92188    0.12305    2.00000
   0.60840    0.97363    0.95117    0.03711    2.00000
   0.13281    0.76367    0.47266    0.43262    3.00000
   0.68066    0.23730    0.95898    0.04102    2.00000
   0.64941    0.29395    0.93555    0.05273    2.00000
   0.56641    0.37793    0.93750    0.07617    2.00000
   0.61621    0.36035    0.97852    0.02148    5.00000
   0.48242    0.63672    0.97656    0.02344    5.00000
   0.56445    0.55762    0.80078    0.39648    2.00000
