   0.21973    0.46875    0.57617    0.43555    2.00000
   0.06836    0.26953    0.88672    0.18359    2.00000
   0.23633    0.18555    0.92969    0.12500    2.00000
   0.51074    0.37793    0.81055    0.22070    2.00000
   0.87891    0.80371    0.93555    0.15820    2.00000
   0.81152    0.93359    0.86133    0.10938    2.00000
   0.54785    0.78418    0.92773    0.06055    2.00000
   0.73047    0.75293    0.87500    0.06445    2.00000
   0.71582    0.80273    0.91211    0.06250    2.00000
   0.51465    0.73047    0.90430    0.06250    2.00000
   0.60938    0.68164    0.79883    0.35254    2.00000
   0.27051    0.69434    0.95898    0.04102    2.00000
   0.18848    0.71582    0.95508    0.04883    2.00000
   0.03125    0.76074    0.94922    0.04492    2.00000
