   0.94434    0.76367    0.94727    0.04297    2.00000
   0.89648    0.74512    0.97266    0.08398    2.00000
   0.84375    0.88672    0.91406    0.11719    2.00000
   0.73340    0.96973    0.90430    0.05664    2.00000
   0.95898    0.46680    0.97949    0.07031    2.00000
   0.84473    0.29395    0.97461    0.07617    2.00000
   0.64648    0.09863    0.96875    0.04102    2.00000
   0.90625    0.26855    0.96094    0.08398    0.00000
   0.95215    0.54590    0.95508    0.06836    0.00000
   0.08105    0.79590    0.84570    0.27539    1.00000
   0.51758    0.62109    0.51855    0.61719    4.00000
