   0.52148    0.32715    0.89844    0.11914    2.00000
   0.62793    0.40918    0.85742    0.15430    2.00000
   0.65820    0.20996    0.83594    0.18164    2.00000
   0.83887    0.75586    0.86523    0.32812    2.00000
   0.68164    0.85645    0.68652    0.27148    2.00000
   0.92188    0.63086    0.93945    0.08984    2.00000
   0.94531    0.47168    0.96484    0.06055    2.00000
   0.77051    0.45410    0.86914    0.14648    2.00000
   0.75586    0.13086    0.91016    0.08594    2.00000
   0.41699    0.95215    0.97852    0.02148    5.00000
   0.37598    0.91211    0.97852    0.01953    5.00000
   0.78711    0.12305    0.97656    0.02344    5.00000
   0.48535    0.42383    0.97070    0.03125    5.00000
   0.42480    0.63770    0.95117    0.06836    5.00000
   0.12012    0.61719    0.97461    0.04688    5.00000
   0.49609    0.87598    0.94531    0.04102    2.00000
   0.46289    0.83496    0.96094    0.03320    2.00000
   0.91992    0.88770    0.93848    0.09180    2.00000
