   0.07715    0.79883    0.95898    0.06250    0.00000
   0.06641    0.85156    0.96094    0.04297    0.00000
   0.46094    0.21777    0.93359    0.07227    0.00000
   0.43359    0.32324    0.94922    0.04883    0.00000
   0.13477    0.23145    0.93359    0.06445    0.00000
   0.56543    0.90918    0.94727    0.04492    5.00000
   0.33398    0.39258    0.60938    0.31348    7.00000
   0.28809    0.57520    0.79883    0.11523    7.00000
   0.48730    0.15625    0.72461    0.13477    7.00000
   0.38281    0.69238    0.97656    0.03711    0.00000
   0.48926    0.57129    0.92383    0.04492    0.00000
   0.47363    0.51465    0.93164    0.05273    0.00000
   0.08984    0.55273    0.94922    0.05859    0.00000
   0.10059    0.31250    0.94727    0.08984    0.00000
   0.12695    0.38184    0.97266    0.01758    0.00000
   0.04395    0.30371    0.97852    0.01758    0.00000
   0.60938    0.78906    0.64258    0.23438    4.00000
   0.90430    0.14062    0.95020    0.11328    1.00000
   0.74512    0.07617    0.83789    0.04004    1.00000
   0.60254    0.75586    0.97852    0.02734    0.00000
   0.58008    0.72168    0.98047    0.02148    0.00000
