   0.52148    0.06055    0.74219    0.03027    2.00000
   0.33398    0.06445    0.94922    0.03223    2.00000
   0.94336    0.45215    0.95215    0.05664    2.00000
   0.88965    0.48535    0.96680    0.04883    2.00000
   0.93945    0.67773    0.94824    0.05859    2.00000
   0.92969    0.76660    0.96484    0.04883    2.00000
   0.95117    0.36035    0.97559    0.04883    2.00000
   0.85742    0.33496    0.96094    0.06055    2.00000
   0.23828    0.92480    0.80469    0.14258    1.00000
   0.41895    0.43652    0.52930    0.34961    4.00000
   0.01367    0.81738    0.97656    0.05664    0.00000
