   0.78243    0.71223    0.96516    0.03429    0.00000
   0.72387    0.92447    0.93996    0.08063    0.00000
   0.76464    0.59824    0.95775    0.06024    0.00000
   0.72535    0.61029    0.97554    0.02873    0.00000
   0.72721    0.43281    0.97628    0.02780    0.00000
   0.77131    0.38786    0.97702    0.02688    0.00000
   0.75612    0.24282    0.97628    0.02224    0.00000
   0.92476    0.88415    0.96961    0.04819    0.00000
   0.92105    0.79750    0.97405    0.04356    0.00000
   0.88399    0.72892    0.97405    0.04727    0.00000
   0.66494    0.82669    0.96442    0.06673    0.00000
   0.63640    0.77618    0.97109    0.03429    0.00000
   0.39103    0.91613    0.97554    0.05283    0.00000
   0.42402    0.96525    0.96738    0.03429    0.00000
   0.05523    0.50139    0.93403    0.09268    0.00000
   0.34655    0.27618    0.97405    0.03707    0.00000
   0.31801    0.32206    0.96738    0.05653    0.00000
   0.09377    0.36932    0.82431    0.15107    0.00000
   0.25612    0.32113    0.85397    0.26784    0.00000
   0.50890    0.54356    0.97405    0.03244    0.00000
   0.53039    0.63068    0.97405    0.03244    0.00000
   0.74388    0.52966    0.97109    0.03244    0.00000
   0.97924    0.20667    0.98740    0.02595    0.00000
   0.06746    0.24652    0.47220    0.12326    1.00000
   0.43217    0.19555    0.79689    0.13346    0.00000
   0.92847    0.13670    0.93254    0.08619    0.00000
   0.60378    0.76691    0.95182    0.06024    5.00000
   0.64196    0.92539    0.97331    0.03429    5.00000
   0.88288    0.72984    0.97628    0.04541    5.00000
   0.92216    0.79750    0.97776    0.03244    5.00000
   0.92513    0.88369    0.97924    0.03985    5.00000
   0.94144    0.82252    0.97776    0.03058    5.00000
   0.72609    0.92678    0.94885    0.07044    5.00000
   0.42476    0.96247    0.96887    0.03985    5.00000
   0.39140    0.91752    0.97924    0.04634    5.00000
   0.50593    0.53939    0.97405    0.04449    5.00000
   0.52928    0.63207    0.96887    0.04078    5.00000
   0.77131    0.38601    0.98147    0.02688    5.00000
   0.75834    0.24004    0.97776    0.03151    5.00000
   0.98073    0.20667    0.98814    0.02966    5.00000
   0.95997    0.15848    0.97924    0.03892    5.00000
   0.91660    0.13531    0.93403    0.05561    5.00000
   0.88213    0.19184    0.96738    0.04449    5.00000
   0.92068    0.21872    0.95849    0.04263    5.00000
   0.44626    0.47220    0.98073    0.03058    5.00000
   0.43180    0.19601    0.80356    0.13253    5.00000
   0.25278    0.30630    0.84729    0.24189    5.00000
   0.08821    0.41705    0.82654    0.25394    5.00000
   0.10563    0.48981    0.79170    0.26969    5.00000
   0.16086    0.67377    0.75389    0.58573    7.00000
   0.58154    0.71223    0.88362    0.13068    7.00000
   0.73610    0.35357    0.85174    0.13438    7.00000
   0.88288    0.25070    0.89918    0.05468    7.00000
   0.43588    0.94161    0.91994    0.09639    7.00000
   0.38176    0.90361    0.92884    0.18165    7.00000
