   0.03410    0.85774    0.48740    0.28082    1.00000
   0.06449    0.60102    0.87991    0.15848    5.00000
   0.09118    0.76228    0.93328    0.06580    5.00000
   0.57265    0.82252    0.93403    0.07507    5.00000
   0.55152    0.86284    0.95997    0.04263    5.00000
   0.36360    0.87766    0.93996    0.05190    5.00000
   0.09229    0.18072    0.96961    0.03336    5.00000
   0.32320    0.72984    0.69311    0.29194    5.00000
   0.13232    0.95737    0.93403    0.07414    5.00000
   0.51890    0.29611    0.97480    0.03614    0.00000
   0.58377    0.28221    0.97554    0.03985    0.00000
   0.44329    0.26089    0.97183    0.03429    0.00000
   0.43180    0.10890    0.97405    0.03614    0.00000
   0.56004    0.15060    0.97554    0.04171    0.00000
   0.74870    0.02873    0.97776    0.02780    0.00000
   0.51075    0.20575    0.98073    0.03522    0.00000
   0.59563    0.16172    0.97109    0.02873    0.00000
   0.89770    0.28638    0.97628    0.03151    0.00000
   0.28799    0.70436    0.43291    0.58202    5.00000
   0.11749    0.36515    0.83914    0.24004    5.00000
   0.77020    0.43188    0.84433    0.32623    5.00000
   0.03706    0.51993    0.51038    0.26923    4.00000
