   0.49148    0.54495    0.90956    0.07414    0.00000
   0.46590    0.60009    0.95478    0.03244    0.00000
   0.66753    0.06209    0.95923    0.05422    0.00000
   0.70311    0.13068    0.94737    0.05005    0.00000
   0.66531    0.23494    0.96516    0.07507    0.00000
   0.59451    0.39203    0.98073    0.02595    0.00000
   0.65085    0.44995    0.97776    0.03058    0.00000
   0.62602    0.43837    0.97554    0.04634    0.00000
   0.52854    0.76506    0.97480    0.02873    0.00000
   0.53150    0.93142    0.97776    0.02595    0.00000
   0.77020    0.95551    0.94663    0.07044    5.00000
   0.81616    0.72938    0.91994    0.11677    5.00000
   0.68940    0.71316    0.96442    0.03614    5.00000
   0.65382    0.71594    0.96738    0.03800    5.00000
   0.67161    0.75394    0.96738    0.02688    5.00000
   0.67420    0.80352    0.97257    0.04449    5.00000
   0.89993    0.55607    0.95256    0.05190    5.00000
   0.83951    0.53568    0.95923    0.05561    5.00000
   0.76575    0.58897    0.96590    0.03429    5.00000
   0.72535    0.51854    0.96664    0.04171    5.00000
   0.70385    0.54680    0.97109    0.03892    5.00000
   0.68755    0.52410    0.97109    0.03244    5.00000
   0.46331    0.12512    0.97331    0.03151    5.00000
   0.48258    0.16265    0.96887    0.03800    5.00000
   0.71979    0.88647    0.96442    0.03800    5.00000
   0.74388    0.25209    0.97405    0.02780    5.00000
   0.42179    0.52688    0.97924    0.05097    5.00000
   0.01112    0.98146    0.50185    0.49722    3.00000
   0.68718    0.91752    0.83469    0.48193    4.00000
   0.51075    0.88693    0.67532    0.19462    4.00000
   0.31542    0.74328    0.83766    0.48842    4.00000
   0.59340    0.69694    0.98888    0.01668    0.00000
   0.33914    0.42956    0.92958    0.07507    5.00000
