   0.18457    0.46777    0.85742    0.22461    0.00000
   0.12793    0.24609    0.86523    0.10547    0.00000
   0.33691    0.05078    0.89648    0.03125    0.00000
   0.57227    0.12598    0.94141    0.07227    0.00000
   0.85059    0.39746    0.92773    0.11133    0.00000
   0.65137    0.24219    0.93164    0.04688    0.00000
   0.51855    0.46094    0.91992    0.05078    0.00000
   0.61035    0.62793    0.93555    0.09180    0.00000
   0.82324    0.63281    0.95898    0.04688    0.00000
   0.86230    0.76953    0.93945    0.06250    0.00000
   0.27441    0.74219    0.89648    0.09766    0.00000
   0.21973    0.64453    0.93945    0.06641    0.00000
   0.07227    0.80859    0.94531    0.07812    0.00000
   0.37598    0.51660    0.94727    0.04492    0.00000
   0.42676    0.60059    0.93555    0.05664    0.00000
   0.45996    0.68750    0.93945    0.07812    0.00000
   0.34473    0.90332    0.83789    0.16211    5.00000
   0.62500    0.23633    0.80273    0.13379    4.00000
   0.06836    0.81152    0.95312    0.06055    2.00000
   0.03125    0.68750    0.96875    0.05078    2.00000
   0.34570    0.95605    0.96484    0.02930    2.00000
   0.27734    0.74121    0.90234    0.07227    2.00000
   0.22266    0.64648    0.96875    0.03906    2.00000
   0.89648    0.13184    0.97266    0.02539    2.00000
   0.07812    0.15625    0.94922    0.05859    2.00000
   0.46289    0.68359    0.97266    0.04688    2.00000
   0.35547    0.04492    0.96484    0.03027    2.00000
   0.16504    0.22656    0.96289    0.05859    2.00000
   0.21973    0.56055    0.97070    0.03125    2.00000
   0.10156    0.28027    0.92578    0.04102    2.00000
   0.18066    0.46973    0.84570    0.22852    2.00000
   0.51660    0.45996    0.95508    0.02539    2.00000
   0.42578    0.59180    0.96484    0.02734    2.00000
   0.38086    0.51758    0.96875    0.02344    2.00000
   0.35156    0.41406    0.96094    0.02344    2.00000
   0.72070    0.95605    0.86719    0.08008    5.00000
   0.45898    0.79492    0.98438    0.01953    2.00000
   0.32422    0.32129    0.97656    0.02539    0.00000
   0.21582    0.22168    0.98242    0.01758    0.00000
