   0.64746    0.54590    0.86914    0.23633    0.00000
   0.77930    0.35547    0.87891    0.08984    0.00000
   0.93555    0.38965    0.94043    0.08008    0.00000
   0.90234    0.23242    0.94141    0.16699    0.00000
   0.31836    0.16797    0.92578    0.14062    0.00000
   0.94531    0.55078    0.96875    0.20312    0.00000
   0.41406    0.05664    0.93359    0.04199    0.00000
   0.28418    0.50586    0.65039    0.46582    3.00000
   0.33301    0.82227    0.38867    0.32812    3.00000
   0.82422    0.50098    0.96484    0.02930    0.00000
   0.85547    0.57617    0.96875    0.05078    0.00000
   0.93262    0.69238    0.97852    0.02539    0.00000
   0.70410    0.60254    0.96680    0.09961    2.00000
   0.85742    0.57617    0.98047    0.05078    2.00000
   0.95898    0.53613    0.97559    0.02148    2.00000
   0.55273    0.41309    0.85547    0.14258    0.00000
   0.30371    0.36426    0.98242    0.01367    0.00000
   0.01758    0.89258    0.49512    0.20312    3.00000
   0.13574    0.61914    0.73633    0.52637    3.00000
