   0.15625    0.35059    0.85938    0.21680    0.00000
   0.33496    0.35059    0.86914    0.24414    0.00000
   0.22266    0.85742    0.82812    0.23047    0.00000
   0.54688    0.91992    0.90234    0.08594    0.00000
   0.68359    0.43945    0.83984    0.30859    0.00000
   0.59180    0.08691    0.90234    0.06055    0.00000
   0.71777    0.87891    0.93555    0.17188    0.00000
   0.88477    0.29492    0.94043    0.20996    1.00000
   0.68164    0.20117    0.94922    0.05078    0.00000
   0.61426    0.19922    0.92773    0.05469    0.00000
   0.51074    0.16309    0.88867    0.11523    0.00000
   0.52344    0.25879    0.93359    0.06445    0.00000
   0.52344    0.38379    0.95312    0.12695    0.00000
   0.54395    0.51562    0.95508    0.12500    0.00000
   0.55469    0.62500    0.92578    0.12109    0.00000
   0.48828    0.61719    0.94922    0.06641    0.00000
   0.44336    0.70801    0.96875    0.08398    0.00000
   0.34766    0.70508    0.84375    0.08203    0.00000
   0.56641    0.71484    0.91016    0.06250    0.00000
   0.77539    0.57910    0.94141    0.14648    0.00000
   0.83691    0.67676    0.96680    0.04883    0.00000
   0.94531    0.44043    0.96094    0.08008    0.00000
   0.03613    0.33887    0.93555    0.20117    0.00000
   0.04297    0.54297    0.90625    0.19141    0.00000
   0.15137    0.56152    0.96680    0.04492    0.00000
   0.35156    0.08398    0.94141    0.05859    0.00000
   0.40625    0.94531    0.92188    0.04688    0.00000
   0.52734    0.82422    0.91406    0.05469    0.00000
   0.78809    0.91016    0.94727    0.10938    0.00000
   0.95410    0.30859    0.95898    0.06641    0.00000
   0.55664    0.84961    0.70020    0.51660    4.00000
   0.54688    0.91699    0.92578    0.05664    2.00000
   0.72949    0.86621    0.96680    0.11914    2.00000
   0.68945    0.44824    0.84766    0.27930    2.00000
   0.77930    0.56738    0.96484    0.11523    2.00000
   0.33691    0.36133    0.89648    0.25391    2.00000
   0.16211    0.34668    0.88281    0.20508    2.00000
   0.22070    0.86426    0.83594    0.24414    2.00000
   0.40527    0.93750    0.94336    0.02344    2.00000
   0.54199    0.50781    0.97070    0.08984    2.00000
   0.56641    0.71875    0.92188    0.05469    2.00000
   0.03711    0.33789    0.94141    0.20703    2.00000
   0.60840    0.07910    0.89648    0.04492    2.00000
   0.64258    0.19824    0.88281    0.04102    2.00000
   0.52246    0.25684    0.95117    0.05664    2.00000
   0.52246    0.38867    0.96680    0.12500    2.00000
   0.40234    0.47461    0.92578    0.16016    2.00000
   0.40234    0.47949    0.93359    0.15430    0.00000
   0.35254    0.08984    0.95508    0.04688    2.00000
   0.27441    0.13867    0.93555    0.05078    2.00000
   0.27832    0.13867    0.93945    0.05078    0.00000
   0.36133    0.70020    0.92578    0.05664    2.00000
   0.28320    0.67871    0.94922    0.01758    2.00000
   0.35156    0.77246    0.97656    0.02148    2.00000
   0.43457    0.70898    0.95117    0.08594    2.00000
   0.54492    0.61816    0.95703    0.09570    2.00000
   0.48438    0.62500    0.96094    0.05078    2.00000
   0.83887    0.67773    0.98242    0.03516    2.00000
   0.78418    0.91016    0.95898    0.09375    2.00000
   0.73438    0.96094    0.97266    0.02344    2.00000
   0.53320    0.82422    0.92969    0.04297    2.00000
   0.14551    0.56641    0.98242    0.04688    2.00000
   0.04492    0.54590    0.92578    0.16211    2.00000
   0.51660    0.15234    0.93555    0.07812    2.00000
