   0.05859    0.34961    0.95703    0.09766    0.00000
   0.08496    0.72949    0.95117    0.08789    0.00000
   0.32910    0.86719    0.95898    0.04688    0.00000
   0.36230    0.05859    0.81445    0.03320    0.00000
   0.54297    0.07812    0.95312    0.04297    0.00000
   0.25684    0.09961    0.96289    0.05469    0.00000
   0.64355    0.03809    0.95508    0.03711    0.00000
   0.67285    0.49902    0.92773    0.07227    0.00000
   0.83984    0.57227    0.90625    0.12109    2.00000
   0.24414    0.90039    0.95312    0.03516    2.00000
   0.22852    0.84473    0.96484    0.04492    2.00000
   0.27637    0.71094    0.94336    0.14453    2.00000
   0.43457    0.16699    0.95117    0.03320    2.00000
   0.38379    0.41016    0.88086    0.05469    0.00000
   0.63086    0.63477    0.78027    0.40234    4.00000
   0.51367    0.31836    0.76953    0.30469    7.00000
   0.49707    0.57129    0.84961    0.15039    7.00000
   0.37109    0.79102    0.98047    0.01953    0.00000
   0.68848    0.59375    0.98633    0.01953    0.00000
   0.69141    0.65332    0.98438    0.01367    0.00000
   0.72266    0.61914    0.98438    0.01172    0.00000
   0.76465    0.40625    0.98633    0.01562    0.00000
   0.73047    0.43555    0.96484    0.02344    0.00000
