   0.05371    0.18750    0.91992    0.16406    0.00000
   0.17188    0.30273    0.71484    0.26855    5.00000
   0.13672    0.82715    0.88672    0.20898    5.00000
   0.39453    0.87793    0.93750    0.06445    5.00000
   0.67480    0.82422    0.93945    0.04688    5.00000
   0.52441    0.38477    0.81055    0.14062    4.00000
   0.36328    0.13086    0.94922    0.05078    5.00000
   0.38184    0.16406    0.98633    0.01953    5.00000
   0.35645    0.04883    0.97070    0.02441    5.00000
   0.05176    0.44531    0.96289    0.08984    5.00000
   0.01758    0.43945    0.97266    0.06641    5.00000
   0.27930    0.64551    0.97656    0.02930    5.00000
   0.24414    0.67773    0.98047    0.02344    5.00000
   0.02637    0.66406    0.97852    0.02734    5.00000
   0.24805    0.76758    0.97656    0.02734    5.00000
   0.38477    0.75293    0.96875    0.02930    5.00000
   0.42969    0.80566    0.96094    0.02930    5.00000
   0.31055    0.95898    0.94141    0.04297    5.00000
   0.90820    0.78906    0.96875    0.03906    5.00000
   0.96875    0.62207    0.97461    0.04883    5.00000
   0.92969    0.61719    0.94531    0.05469    5.00000
   0.85547    0.58496    0.94531    0.02539    5.00000
   0.97852    0.46191    0.98340    0.02930    5.00000
   0.60840    0.83789    0.97852    0.02344    5.00000
   0.63867    0.95996    0.97656    0.02539    5.00000
   0.59180    0.89648    0.97656    0.02734    5.00000
   0.89648    0.67676    0.97656    0.02148    5.00000
