   0.08203    0.33594    0.84766    0.28125    5.00000
   0.75977    0.86133    0.76465    0.24609    5.00000
   0.21484    0.83594    0.94141    0.10938    5.00000
   0.36621    0.28418    0.90820    0.08008    2.00000
   0.24023    0.35449    0.85156    0.11523    5.00000
   0.45703    0.41016    0.57812    0.30078    4.00000
   0.55957    0.69043    0.95117    0.04883    5.00000
   0.80566    0.40918    0.95898    0.04492    5.00000
   0.91992    0.14746    0.96484    0.04492    5.00000
   0.84570    0.18066    0.95703    0.04102    5.00000
   0.77637    0.10742    0.95898    0.04688    5.00000
   0.04199    0.53809    0.94727    0.07227    5.00000
   0.78711    0.18066    0.97656    0.01758    5.00000
   0.70801    0.80176    0.90820    0.11133    2.00000
   0.82031    0.91309    0.90234    0.13477    2.00000
   0.72168    0.90625    0.94336    0.06641    2.00000
   0.55469    0.68945    0.97266    0.02734    2.00000
   0.96484    0.83301    0.98047    0.05273    2.00000
