   0.79492    0.25293    0.94531    0.04883    2.00000
   0.71973    0.10547    0.88086    0.06445    2.00000
   0.95117    0.18359    0.97656    0.04297    2.00000
   0.91113    0.47656    0.93945    0.07812    2.00000
   0.84473    0.20898    0.95117    0.04297    2.00000
   0.88770    0.81152    0.94336    0.08398    0.00000
   0.74805    0.53125    0.96094    0.05078    0.00000
   0.26465    0.14160    0.97070    0.05273    0.00000
   0.95117    0.82129    0.96094    0.05664    0.00000
   0.83105    0.96484    0.96289    0.05078    0.00000
   0.26074    0.96094    0.86523    0.07031    1.00000
   0.53906    0.51465    0.95703    0.20117    2.00000
   0.42578    0.53125    0.62109    0.39258    4.00000
   0.57617    0.32227    0.95703    0.16797    2.00000
