   0.18750    0.22070    0.65234    0.21387    5.00000
   0.16895    0.44629    0.86914    0.09570    5.00000
   0.38672    0.65625    0.92188    0.05859    5.00000
   0.36816    0.76367    0.94336    0.12109    5.00000
   0.46777    0.90234    0.84180    0.17188    5.00000
   0.78027    0.73828    0.89648    0.10938    5.00000
   0.36523    0.44531    0.51270    0.39648    4.00000
   0.65723    0.66504    0.93555    0.05273    5.00000
   0.16699    0.94043    0.85352    0.10742    1.00000
   0.33887    0.88086    0.95898    0.02734    5.00000
   0.09180    0.49512    0.97266    0.02930    5.00000
   0.44531    0.70996    0.97266    0.02539    5.00000
   0.05176    0.52930    0.97070    0.02734    5.00000
   0.19922    0.65723    0.96875    0.02930    5.00000
   0.47461    0.90820    0.89453    0.14844    2.00000
   0.36328    0.75781    0.96484    0.10547    2.00000
   0.05371    0.15430    0.97070    0.03516    2.00000
