   0.18199    0.75116    0.95033    0.05653    0.00000
   0.27131    0.69787    0.93180    0.02966    0.00000
   0.30838    0.95829    0.80430    0.07229    0.00000
   0.28577    0.85774    0.96516    0.03614    0.00000
   0.32209    0.80630    0.95330    0.04263    0.00000
   0.81394    0.98981    0.90623    0.50324    1.00000
   0.53558    0.36469    0.95033    0.07692    5.00000
   0.43106    0.24143    0.97554    0.03429    5.00000
   0.40623    0.16450    0.98073    0.03058    5.00000
   0.39993    0.11585    0.98147    0.02595    5.00000
   0.57116    0.55607    0.93996    0.15755    5.00000
   0.49815    0.60241    0.94811    0.11677    5.00000
   0.46738    0.36979    0.96516    0.08156    5.00000
   0.41660    0.35867    0.96294    0.08526    5.00000
   0.39956    0.30816    0.96145    0.05653    5.00000
   0.38695    0.26506    0.97480    0.04634    5.00000
   0.32839    0.21084    0.95997    0.08990    5.00000
   0.27650    0.18860    0.96145    0.07878    5.00000
   0.30430    0.11121    0.96961    0.04449    5.00000
   0.31023    0.04727    0.95182    0.02363    5.00000
   0.51260    0.21084    0.95182    0.06951    5.00000
   0.47146    0.19045    0.96887    0.06209    5.00000
   0.43773    0.18953    0.97257    0.06024    5.00000
   0.48110    0.24977    0.98517    0.03985    5.00000
   0.53595    0.30028    0.96294    0.04078    5.00000
   0.52632    0.12836    0.97628    0.03429    5.00000
   0.50408    0.12141    0.98369    0.03151    5.00000
   0.49815    0.15570    0.98369    0.02780    5.00000
   0.54448    0.44439    0.97109    0.05839    5.00000
   0.49926    0.46154    0.95478    0.12048    5.00000
   0.38769    0.45042    0.96887    0.04634    5.00000
   0.39659    0.56070    0.93180    0.07785    5.00000
   0.79207    0.76784    0.93254    0.45690    5.00000
   0.86360    0.35635    0.96294    0.06024    5.00000
   0.86916    0.43188    0.97405    0.05005    5.00000
   0.84359    0.44717    0.97183    0.07322    5.00000
   0.77613    0.33967    0.97035    0.08248    5.00000
   0.79948    0.37766    0.97257    0.08248    5.00000
   0.16901    0.26552    0.97628    0.03429    5.00000
   0.71127    0.74189    0.96961    0.04171    5.00000
   0.70793    0.96803    0.97628    0.03614    5.00000
   0.62194    0.96200    0.96738    0.05190    5.00000
   0.30615    0.75440    0.39659    0.48563    4.00000
   0.53595    0.34847    0.98814    0.01297    0.00000
   0.51890    0.35310    0.98666    0.01854    0.00000
   0.83729    0.26043    0.98740    0.01483    0.00000
   0.86360    0.35542    0.98517    0.03244    0.00000
   0.80096    0.69648    0.99036    0.01205    0.00000
   0.81431    0.71223    0.98888    0.01390    0.00000
   0.80838    0.77711    0.97850    0.05468    0.00000
   0.81319    0.82484    0.99110    0.01668    0.00000
   0.78836    0.98378    0.96961    0.02688    0.00000
   0.82394    0.45088    0.99185    0.01390    0.00000
   0.80578    0.30120    0.98517    0.02966    0.00000
