   0.67188    0.64062    0.83203    0.51562    4.00000
   0.08008    0.18164    0.86328    0.12988    2.00000
   0.51855    0.62109    0.90039    0.10938    0.00000
   0.73438    0.30371    0.89844    0.08008    0.00000
   0.84961    0.22461    0.95312    0.05078    0.00000
   0.71973    0.03906    0.95898    0.03516    0.00000
   0.56348    0.16797    0.94727    0.03906    0.00000
   0.42871    0.06543    0.96289    0.05273    0.00000
   0.62109    0.18750    0.72266    0.10156    7.00000
   0.49609    0.16309    0.98047    0.02148    2.00000
   0.52637    0.17676    0.97852    0.03320    2.00000
   0.74121    0.52344    0.97461    0.02344    5.00000
   0.77734    0.50000    0.98047    0.02344    5.00000
