   0.66016    0.18945    0.84766    0.10059    2.00000
   0.67383    0.69434    0.67480    0.38477    5.00000
   0.16797    0.73047    0.86328    0.15234    2.00000
   0.16895    0.53711    0.91602    0.07422    2.00000
   0.32129    0.36816    0.93945    0.06055    2.00000
   0.10645    0.25879    0.96289    0.04492    2.00000
   0.93555    0.21387    0.96582    0.06836    0.00000
   0.90332    0.13477    0.93164    0.11328    0.00000
   0.66797    0.90820    0.80078    0.16406    2.00000
   0.18652    0.65234    0.67773    0.34375    4.00000
   0.43555    0.21484    0.97656    0.02734    5.00000
   0.67285    0.69531    0.69727    0.36719    2.00000
   0.32617    0.62500    0.92969    0.12891    2.00000
   0.76758    0.67871    0.95312    0.03711    0.00000
   0.69434    0.09766    0.96680    0.06250    0.00000
   0.72363    0.08594    0.98242    0.02734    0.00000
   0.74707    0.94922    0.83398    0.09766    0.00000
   0.87500    0.97168    0.91797    0.04492    0.00000
