   0.87402    0.43945    0.88867    0.15234    5.00000
   0.81348    0.10742    0.92383    0.09766    5.00000
   0.29980    0.60156    0.93555    0.06250    5.00000
   0.30273    0.74023    0.95312    0.05859    5.00000
   0.33691    0.25000    0.69336    0.13867    1.00000
   0.51562    0.80664    0.92969    0.08984    0.00000
   0.58496    0.85156    0.90820    0.14844    0.00000
   0.73926    0.69824    0.95508    0.05273    0.00000
   0.79492    0.41504    0.96094    0.04883    0.00000
   0.17676    0.63574    0.93555    0.08789    5.00000
   0.80273    0.41797    0.96875    0.04297    5.00000
   0.36816    0.06445    0.95117    0.05078    5.00000
   0.40137    0.10449    0.95508    0.05273    5.00000
   0.72363    0.83594    0.98242    0.01953    0.00000
   0.71191    0.86719    0.98242    0.03125    0.00000
   0.37012    0.68262    0.94336    0.06445    0.00000
   0.87891    0.40820    0.95703    0.04688    0.00000
   0.89258    0.45703    0.98828    0.01172    0.00000
   0.85449    0.39746    0.98242    0.01758    0.00000
   0.85840    0.45508    0.98633    0.02344    0.00000
   0.18066    0.47168    0.87695    0.13477    5.00000
   0.16504    0.44238    0.97852    0.03320    2.00000
   0.17285    0.49512    0.97852    0.02539    2.00000
   0.18164    0.61523    0.98828    0.02344    2.00000
   0.15430    0.64746    0.98828    0.01367    2.00000
   0.36914    0.68359    0.94531    0.05859    2.00000
   0.72656    0.57129    0.97656    0.07227    0.00000
   0.69824    0.57715    0.98242    0.03320    0.00000
   0.76172    0.61816    0.97266    0.02539    0.00000
   0.67676    0.55957    0.98633    0.01367    0.00000
   0.67383    0.59473    0.96484    0.01758    0.00000
   0.59277    0.65430    0.97852    0.01562    0.00000
   0.53809    0.72070    0.98242    0.01562    0.00000
   0.81836    0.09277    0.98438    0.01367    0.00000
   0.82324    0.12891    0.98242    0.01172    0.00000
