   0.59766    0.50293    0.92969    0.05664    2.00000
   0.39941    0.30176    0.95508    0.03320    2.00000
   0.56348    0.58887    0.91602    0.09570    2.00000
   0.62988    0.64160    0.94727    0.03711    2.00000
   0.37207    0.63867    0.94336    0.04297    2.00000
   0.58887    0.39746    0.95898    0.03711    2.00000
   0.34375    0.80859    0.95703    0.03906    2.00000
   0.83789    0.33203    0.91699    0.04688    2.00000
   0.73926    0.27930    0.93555    0.03516    2.00000
   0.42480    0.88184    0.96289    0.04102    2.00000
   0.96875    0.41016    0.98438    0.11328    2.00000
   0.97656    0.70410    0.98828    0.04102    2.00000
   0.97656    0.61133    0.98633    0.13672    2.00000
   0.92480    0.20801    0.96680    0.04102    0.00000
   0.96680    0.23047    0.98145    0.04688    0.00000
   0.78711    0.30664    0.89355    0.15332    1.00000
   0.54688    0.20410    0.96484    0.04492    5.00000
   0.23828    0.99609    0.53125    0.50000    4.00000
   0.00586    0.99414    0.50098    0.49707    3.00000
   0.42090    0.46582    0.91602    0.09570    2.00000
   0.51465    0.40723    0.90820    0.08789    2.00000
   0.61328    0.82520    0.85547    0.23242    2.00000
   0.69531    0.58594    0.89844    0.18750    2.00000
   0.80566    0.57227    0.88867    0.15234    2.00000
   0.78613    0.74316    0.84961    0.19727    2.00000
   0.80469    0.93945    0.80859    0.10938    2.00000
   0.89258    0.82617    0.93262    0.08203    2.00000
   0.91797    0.58691    0.94727    0.15039    2.00000
   0.25098    0.34863    0.97070    0.02930    5.00000
   0.31445    0.36328    0.96875    0.04297    5.00000
   0.35352    0.37695    0.97266    0.03906    5.00000
   0.18066    0.14746    0.96680    0.02930    5.00000
   0.21582    0.46484    0.97070    0.02344    5.00000
   0.28223    0.53711    0.97070    0.03125    5.00000
   0.18359    0.92969    0.96484    0.05469    5.00000
   0.39062    0.97461    0.96484    0.03125    5.00000
   0.31250    0.96973    0.95703    0.02539    5.00000
   0.23828    0.69043    0.91406    0.09961    5.00000
   0.41602    0.45801    0.93359    0.08398    5.00000
