   0.38574    0.17871    0.93945    0.06836    5.00000
   0.53906    0.84961    0.83594    0.10156    2.00000
   0.54785    0.44434    0.96289    0.04492    0.00000
   0.23145    0.46680    0.91211    0.06641    0.00000
   0.33398    0.10156    0.89453    0.07031    5.00000
   0.31445    0.09082    0.96094    0.05664    0.00000
   0.12012    0.51367    0.95117    0.05078    5.00000
   0.22363    0.46582    0.95117    0.03320    2.00000
   0.54590    0.44043    0.98633    0.02148    2.00000
   0.38867    0.17383    0.97656    0.02344    2.00000
   0.27246    0.10156    0.96289    0.02344    2.00000
   0.35156    0.03516    0.97656    0.02344    2.00000
