   0.89844    0.88672    0.90234    0.14062    1.00000
   0.47070    0.37305    0.49707    0.36230    4.00000
   0.57129    0.61133    0.95898    0.03125    5.00000
   0.88184    0.67871    0.94336    0.05273    5.00000
   0.78613    0.37891    0.96289    0.03516    5.00000
   0.11621    0.52930    0.96289    0.06641    5.00000
   0.07617    0.58594    0.97656    0.03516    5.00000
   0.04785    0.60449    0.97461    0.03320    5.00000
   0.01953    0.64355    0.97656    0.03320    5.00000
   0.31445    0.66309    0.93750    0.04102    5.00000
   0.29785    0.73047    0.93945    0.06641    5.00000
   0.36426    0.87988    0.86523    0.23633    5.00000
   0.35742    0.95020    0.89453    0.08789    1.00000
   0.85156    0.20215    0.96875    0.02148    5.00000
   0.92090    0.88770    0.96680    0.04492    0.00000
   0.12207    0.33398    0.76758    0.15234    5.00000
   0.10449    0.36719    0.98242    0.04297    2.00000
   0.06543    0.28223    0.93945    0.03711    2.00000
   0.76758    0.72070    0.96094    0.07422    2.00000
   0.69629    0.69141    0.93945    0.08984    2.00000
   0.72559    0.72656    0.86914    0.15234    5.00000
   0.88965    0.66797    0.98242    0.02344    2.00000
