   0.27344    0.82031    0.84375    0.19965    6.00000
   0.30013    0.80382    0.94401    0.05903    0.00000
   0.25651    0.84028    0.96354    0.03472    0.00000
   0.30339    0.89236    0.97135    0.05556    0.00000
   0.25391    0.80469    0.98177    0.03646    0.00000
   0.83203    0.80903    0.86003    0.52083    2.00000
   0.60807    0.24653    0.98177    0.02431    0.00000
   0.42318    0.31424    0.96615    0.03125    0.00000
   0.61589    0.63368    0.98177    0.02431    0.00000
   0.56510    0.72917    0.97135    0.02431    0.00000
   0.52669    0.43056    0.95964    0.03819    0.00000
