   0.65039    0.37598    0.78125    0.16211    2.00000
   0.92969    0.54102    0.96094    0.19922    2.00000
   0.62012    0.62793    0.82227    0.17383    2.00000
   0.35742    0.22852    0.91797    0.08203    2.00000
   0.80371    0.41406    0.89258    0.16016    2.00000
   0.85547    0.50586    0.87891    0.16406    2.00000
   0.04590    0.58691    0.94336    0.08008    2.00000
   0.77539    0.80078    0.88672    0.07422    2.00000
   0.09180    0.86523    0.47168    0.25781    4.00000
   0.41797    0.88965    0.59180    0.20117    6.00000
   0.75488    0.86426    0.92383    0.04492    0.00000
   0.45215    0.97949    0.93945    0.02930    0.00000
   0.77637    0.79199    0.95508    0.03320    0.00000
   0.94922    0.52051    0.97266    0.08008    0.00000
   0.62305    0.39844    0.96094    0.04688    0.00000
