   0.15430    0.84180    0.47559    0.52246    3.00000
   0.23340    0.35938    0.85352    0.11719    5.00000
   0.78223    0.93164    0.90430    0.12500    5.00000
   0.17676    0.88184    0.88477    0.19336    5.00000
   0.34863    0.79199    0.92773    0.19336    5.00000
   0.59766    0.76465    0.93359    0.09961    5.00000
   0.48730    0.39551    0.51367    0.33398    4.00000
   0.93848    0.51270    0.97070    0.03320    5.00000
   0.26172    0.63672    0.96094    0.07031    5.00000
   0.09668    0.61230    0.97461    0.02930    5.00000
   0.09473    0.39062    0.81836    0.35742    5.00000
   0.86426    0.18555    0.95508    0.02344    2.00000
   0.86719    0.10059    0.94922    0.02539    2.00000
   0.59277    0.78613    0.97852    0.05273    2.00000
   0.14648    0.91113    0.97656    0.03711    2.00000
   0.82910    0.96875    0.97070    0.05078    2.00000
