   0.59170    0.69632    0.79066    0.39066    6.00000
   0.47837    0.58996    0.96886    0.04473    0.00000
   0.85251    0.53579    0.91955    0.04771    2.00000
   0.68382    0.60984    0.92993    0.06262    2.00000
   0.58910    0.41899    0.77682    0.20577    4.00000
   0.40268    0.43390    0.80882    0.34095    2.00000
   0.09775    0.13370    0.92388    0.11829    2.00000
   0.75260    0.15308    0.83910    0.08250    1.00000
   0.56877    0.15954    0.84343    0.09443    2.00000
   0.54498    0.27634    0.87370    0.11133    2.00000
   0.09516    0.14016    0.97232    0.08946    0.00000
   0.55839    0.63966    0.98529    0.02883    0.00000
   0.51773    0.63966    0.98529    0.02286    0.00000
   0.59645    0.39115    0.97664    0.02087    2.00000
   0.79542    0.21074    0.80882    0.07555    2.00000
   0.32093    0.86382    0.97751    0.02386    2.00000
   0.54369    0.87376    0.98010    0.02783    5.00000
   0.32223    0.86630    0.97491    0.02883    5.00000
   0.48919    0.97863    0.98183    0.02087    5.00000
