   0.41699    0.12891    0.83789    0.06641    2.00000
   0.06250    0.87305    0.92578    0.09766    1.00000
   0.88965    0.14551    0.90820    0.13867    2.00000
   0.70996    0.03320    0.90039    0.02051    2.00000
   0.57422    0.62695    0.63086    0.42676    4.00000
   0.45410    0.36719    0.93164    0.36328    2.00000
   0.07617    0.63770    0.94141    0.04492    0.00000
   0.09277    0.70508    0.94336    0.05859    0.00000
   0.05664    0.70605    0.97656    0.04883    0.00000
   0.16797    0.84863    0.90625    0.09570    0.00000
   0.14160    0.95605    0.93164    0.05664    0.00000
   0.94727    0.73828    0.97363    0.16016    2.00000
   0.79297    0.03125    0.94141    0.02148    2.00000
   0.67578    0.37109    0.95703    0.08984    7.00000
   0.51172    0.01953    0.96094    0.01172    2.00000
   0.94922    0.22559    0.96875    0.03711    2.00000
   0.55078    0.82617    0.96484    0.02734    2.00000
   0.01074    0.76953    0.98242    0.04688    0.00000
   0.22363    0.96484    0.93555    0.06250    0.00000
   0.82422    0.98926    0.97266    0.01367    2.00000
   0.02930    0.69238    0.98828    0.02148    0.00000
   0.01172    0.70801    0.98828    0.02148    0.00000
   0.04980    0.75391    0.97852    0.02734    0.00000
