   0.57715    0.11328    0.89648    0.08984    0.00000
   0.58203    0.19238    0.89062    0.06445    0.00000
   0.46387    0.10547    0.90039    0.05859    0.00000
   0.49512    0.34863    0.95898    0.08789    0.00000
   0.36328    0.04004    0.95703    0.03320    0.00000
   0.33203    0.57031    0.96484    0.08203    0.00000
   0.41406    0.43750    0.95703    0.04297    0.00000
   0.53809    0.40430    0.93945    0.07422    0.00000
   0.57129    0.45801    0.94336    0.07617    0.00000
   0.30859    0.47461    0.94922    0.08203    0.00000
   0.14941    0.71973    0.94727    0.04102    2.00000
   0.20020    0.77051    0.97070    0.04102    2.00000
   0.19141    0.83594    0.93359    0.06641    2.00000
   0.86230    0.95117    0.89258    0.07422    2.00000
   0.95117    0.72559    0.95703    0.04492    2.00000
   0.89551    0.60156    0.95898    0.02734    2.00000
   0.89258    0.35742    0.95312    0.03906    2.00000
   0.85156    0.29883    0.95703    0.04297    2.00000
   0.11133    0.20215    0.95312    0.04492    2.00000
   0.21289    0.28125    0.93750    0.05859    2.00000
   0.15723    0.33008    0.95898    0.05078    2.00000
   0.26465    0.27148    0.95898    0.04297    2.00000
   0.38281    0.73926    0.92188    0.05664    2.00000
   0.57422    0.78711    0.94531    0.04688    2.00000
   0.70410    0.63574    0.95508    0.04492    2.00000
   0.67090    0.59082    0.95898    0.03711    2.00000
   0.49805    0.60547    0.92578    0.06250    2.00000
   0.39551    0.54980    0.97070    0.04102    2.00000
   0.54199    0.04297    0.96289    0.02539    0.00000
   0.49512    0.05078    0.95508    0.03906    0.00000
   0.25293    0.41211    0.95117    0.05859    0.00000
   0.64453    0.35352    0.82031    0.17871    4.00000
   0.54590    0.68945    0.95898    0.05859    2.00000
   0.17383    0.61816    0.94531    0.03711    5.00000
   0.17871    0.58398    0.94727    0.03906    5.00000
   0.08203    0.52441    0.96484    0.04883    5.00000
   0.13379    0.45117    0.95898    0.03906    5.00000
   0.21094    0.97070    0.95312    0.04297    5.00000
   0.90820    0.08496    0.96094    0.03711    2.00000
   0.70410    0.24023    0.93555    0.04297    2.00000
   0.50977    0.51660    0.96094    0.04883    2.00000
   0.47559    0.46680    0.92773    0.07422    2.00000
   0.36328    0.47559    0.95703    0.04883    2.00000
   0.23145    0.49805    0.89258    0.11719    2.00000
   0.48633    0.90234    0.81641    0.18359    2.00000
   0.10547    0.51953    0.80078    0.35547    5.00000
