   0.21667    0.65093    0.85104    0.54074    0.00000
   0.24870    0.95231    0.96927    0.03426    0.00000
   0.58437    0.71389    0.95625    0.05556    0.00000
   0.66875    0.81157    0.98125    0.02685    0.00000
   0.69427    0.83843    0.98646    0.01944    0.00000
   0.72266    0.88843    0.98490    0.02315    0.00000
   0.51875    0.66157    0.98125    0.01759    0.00000
   0.45078    0.39954    0.98490    0.02500    0.00000
   0.41484    0.50509    0.98698    0.02130    0.00000
   0.37969    0.91296    0.98125    0.04444    0.00000
   0.38516    0.86898    0.98802    0.01944    0.00000
   0.44818    0.46019    0.97760    0.06111    0.00000
   0.21563    0.64259    0.84688    0.54630    1.00000
