   0.43359    0.25000    0.85156    0.15234    2.00000
   0.28906    0.18262    0.94922    0.06055    2.00000
   0.16016    0.31250    0.96484    0.04297    2.00000
   0.07617    0.33301    0.96094    0.06445    2.00000
   0.06445    0.42285    0.94531    0.06445    2.00000
   0.17773    0.50000    0.94141    0.06250    2.00000
   0.17773    0.73438    0.95703    0.07812    2.00000
   0.58496    0.21387    0.91602    0.10352    2.00000
   0.67090    0.21191    0.95117    0.06445    2.00000
   0.74805    0.23926    0.91797    0.07227    2.00000
   0.83203    0.38184    0.89453    0.09961    2.00000
   0.81055    0.49707    0.93750    0.10352    2.00000
   0.91016    0.63086    0.94336    0.08594    2.00000
   0.93359    0.85059    0.95703    0.06445    2.00000
   0.56836    0.78516    0.93750    0.08203    2.00000
   0.62109    0.67090    0.91016    0.04492    2.00000
   0.16699    0.91016    0.93164    0.17188    1.00000
   0.07910    0.85645    0.87695    0.13086    1.00000
   0.61719    0.69238    0.89453    0.08008    4.00000
   0.12793    0.91016    0.89648    0.12891    1.00000
