   0.17090    0.46191    0.83789    0.22852    0.00000
   0.07031    0.12695    0.95312    0.04688    0.00000
   0.18555    0.20996    0.91797    0.05664    0.00000
   0.66602    0.26074    0.93359    0.12695    0.00000
   0.85059    0.37793    0.93164    0.10742    0.00000
   0.80566    0.50098    0.95898    0.05664    0.00000
   0.82812    0.61719    0.95703    0.04688    0.00000
   0.85645    0.76367    0.92773    0.06250    0.00000
   0.61133    0.62598    0.94141    0.11523    0.00000
   0.51465    0.44238    0.93555    0.06445    0.00000
   0.27246    0.73535    0.89258    0.10742    0.00000
   0.02441    0.67676    0.96680    0.11133    0.00000
   0.09863    0.26660    0.96289    0.05664    0.00000
   0.58008    0.10156    0.94922    0.08203    0.00000
   0.70410    0.94922    0.84961    0.08594    5.00000
   0.32910    0.90137    0.81836    0.16211    5.00000
   0.56250    0.30469    0.77539    0.15430    4.00000
   0.37500    0.50586    0.94922    0.05469    0.00000
   0.43164    0.58398    0.93750    0.05078    0.00000
   0.46387    0.68555    0.93945    0.09375    0.00000
   0.33496    0.29297    0.96289    0.05469    0.00000
   0.05176    0.80566    0.96680    0.06055    0.00000
   0.22754    0.64258    0.96680    0.04297    0.00000
   0.90430    0.56055    0.98047    0.02734    5.00000
   0.81348    0.27930    0.97852    0.01953    0.00000
   0.35156    0.40430    0.95312    0.04297    5.00000
