   0.39551    0.31836    0.89648    0.07031    2.00000
   0.37305    0.39160    0.88672    0.04883    2.00000
   0.13379    0.31738    0.94727    0.08008    2.00000
   0.26465    0.14551    0.90820    0.03320    2.00000
   0.65137    0.08008    0.69336    0.04395    2.00000
   0.89844    0.11328    0.96094    0.04297    2.00000
   0.94922    0.20215    0.95312    0.11133    2.00000
   0.92969    0.55859    0.96289    0.13281    2.00000
   0.92969    0.81348    0.93750    0.16602    2.00000
   0.87500    0.72949    0.96094    0.05664    2.00000
   0.83105    0.91602    0.90820    0.07812    2.00000
   0.65234    0.37891    0.70703    0.34766    4.00000
   0.15820    0.90430    0.77734    0.18359    1.00000
   0.18066    0.28906    0.96680    0.02344    2.00000
   0.14062    0.32227    0.96094    0.03125    0.00000
   0.18262    0.28711    0.97070    0.01562    0.00000
   0.40137    0.32910    0.92383    0.04102    0.00000
   0.35742    0.38770    0.97656    0.03320    0.00000
   0.97754    0.59961    0.98242    0.03516    0.00000
   0.93555    0.83984    0.97266    0.08984    0.00000
   0.82031    0.91699    0.98438    0.01758    0.00000
   0.53418    0.02930    0.98242    0.01562    0.00000
   0.55273    0.06152    0.98047    0.01367    0.00000
   0.68652    0.02734    0.97070    0.01953    0.00000
