   0.57812    0.73145    0.60352    0.45117    4.00000
   0.13770    0.86426    0.78320    0.18945    3.00000
   0.72949    0.24316    0.96289    0.10742    0.00000
   0.86230    0.09961    0.95508    0.06250    0.00000
   0.70312    0.16797    0.91406    0.09766    0.00000
   0.25684    0.16113    0.97070    0.05664    0.00000
   0.05859    0.19141    0.95312    0.05859    0.00000
   0.04492    0.45996    0.92578    0.13867    0.00000
   0.69824    0.86523    0.79492    0.25391    6.00000
   0.05273    0.17969    0.97656    0.02734    2.00000
   0.73145    0.25000    0.97070    0.06641    2.00000
   0.85742    0.10547    0.96875    0.04297    2.00000
   0.70996    0.14258    0.93164    0.09473    2.00000
   0.58203    0.02148    0.97266    0.01270    2.00000
   0.94043    0.40430    0.97461    0.02734    0.00000
   0.06445    0.52441    0.96875    0.06445    0.00000
   0.03613    0.50195    0.97461    0.03125    2.00000
