   0.55312    0.22812    0.86875    0.14375    4.00000
   0.73438    0.89792    0.78438    0.51146    1.00000
   0.62422    0.14062    0.94219    0.06458    0.00000
   0.68437    0.18125    0.96562    0.05000    0.00000
   0.55625    0.34479    0.95312    0.03958    0.00000
   0.50547    0.33750    0.96719    0.04167    0.00000
   0.46953    0.27813    0.96094    0.09375    0.00000
   0.48906    0.54688    0.96250    0.05625    0.00000
   0.44375    0.53438    0.95937    0.08542    0.00000
   0.39219    0.08229    0.96875    0.04792    0.00000
   0.37578    0.13542    0.97031    0.05000    0.00000
   0.37969    0.47813    0.98750    0.02708    0.00000
   0.35156    0.45000    0.98438    0.03750    0.00000
   0.32656    0.68750    0.99062    0.02500    0.00000
   0.64141    0.60208    0.98594    0.02500    0.00000
