   0.87891    0.19141    0.92188    0.05078    2.00000
   0.89160    0.10156    0.92383    0.05078    2.00000
   0.80957    0.94629    0.89258    0.08398    2.00000
   0.59766    0.80762    0.92578    0.08008    2.00000
   0.34863    0.79883    0.95117    0.13281    2.00000
   0.17969    0.89160    0.84375    0.20117    2.00000
   0.17871    0.88672    0.87695    0.16797    5.00000
   0.08594    0.31836    0.85938    0.31738    5.00000
   0.23047    0.34375    0.72266    0.12109    5.00000
   0.50781    0.07227    0.93750    0.05078    5.00000
   0.94336    0.19824    0.94824    0.04883    2.00000
   0.31836    0.12598    0.96484    0.04102    5.00000
   0.27832    0.06250    0.96289    0.04688    5.00000
   0.25000    0.04297    0.96094    0.02344    5.00000
   0.34668    0.80078    0.96680    0.03125    5.00000
   0.74316    0.57031    0.96680    0.04688    5.00000
   0.24902    0.65430    0.96289    0.07422    2.00000
   0.07910    0.20215    0.88867    0.05273    2.00000
   0.88477    0.46582    0.94922    0.06445    2.00000
   0.56641    0.68652    0.98047    0.04883    2.00000
   0.51953    0.68262    0.98047    0.06445    2.00000
   0.47363    0.40527    0.67383    0.25586    4.00000
