   0.45801    0.38770    0.72461    0.36523    4.00000
   0.89453    0.91309    0.91016    0.10352    0.00000
   0.81348    0.98242    0.95508    0.03125    0.00000
   0.17090    0.88574    0.74805    0.18555    1.00000
   0.94336    0.77246    0.97168    0.18164    2.00000
   0.89648    0.90820    0.91797    0.08984    2.00000
   0.81641    0.98730    0.96875    0.01758    2.00000
   0.69336    0.56934    0.97656    0.03711    2.00000
   0.94727    0.77441    0.97168    0.17773    0.00000
   0.92383    0.70605    0.98438    0.01758    2.00000
   0.64062    0.41406    0.98438    0.01172    0.00000
   0.62793    0.43457    0.98633    0.01758    0.00000
