   0.67578    0.40137    0.95312    0.09570    2.00000
   0.31445    0.12695    0.83984    0.10059    2.00000
   0.33105    0.34277    0.93555    0.09570    2.00000
   0.32031    0.46582    0.94922    0.08398    2.00000
   0.33105    0.72852    0.89258    0.16797    2.00000
   0.13672    0.90430    0.75000    0.15625    1.00000
   0.87305    0.86816    0.93457    0.17773    1.00000
   0.01172    0.99414    0.50195    0.49902    3.00000
   0.77344    0.95703    0.93359    0.07031    2.00000
   0.77344    0.63574    0.88477    0.19727    5.00000
   0.80957    0.50781    0.86523    0.06641    5.00000
   0.76367    0.44629    0.93359    0.09961    5.00000
   0.98633    0.62695    0.98926    0.04297    0.00000
   0.97070    0.68066    0.97754    0.03711    0.00000
