   0.16406    0.79297    0.42969    0.39648    3.00000
   0.00781    0.86328    0.50000    0.26953    1.00000
   0.90625    0.69727    0.94922    0.35059    1.00000
   0.80762    0.08594    0.81445    0.04297    1.00000
   0.79004    0.52637    0.84961    0.22070    1.00000
   0.78125    0.54688    0.79688    0.30078    2.00000
   0.54980    0.60840    0.92773    0.13477    2.00000
   0.35938    0.51270    0.95312    0.05273    2.00000
   0.62402    0.36426    0.93945    0.05664    2.00000
   0.61426    0.54785    0.97461    0.06445    2.00000
   0.54102    0.78613    0.58691    0.12695    2.00000
   0.89844    0.61719    0.90820    0.39844    2.00000
   0.24512    0.74219    0.79883    0.13281    2.00000
