   0.28516    0.63086    0.42969    0.35254    4.00000
   0.10352    0.91406    0.84375    0.13281    1.00000
   0.84668    0.02930    0.96289    0.01465    2.00000
   0.94336    0.73633    0.94434    0.15234    2.00000
   0.89453    0.63379    0.97656    0.02148    2.00000
   0.98438    0.60938    0.98828    0.02734    2.00000
   0.45410    0.27441    0.93945    0.06836    2.00000
   0.56055    0.18848    0.97656    0.01758    2.00000
   0.56445    0.33203    0.98047    0.01953    2.00000
   0.48242    0.24414    0.96875    0.05859    2.00000
