4 0.23743 0.44556999999999997 0.22908 0.46812
0 0.342155 0.16883 0.61737 0.2254
0 0.36857 0.179275 0.6719400000000001 0.23391
0 0.36774 0.25135 0.6349600000000001 0.34652
0 0.42753 0.425425 0.80232 0.76365
0 0.143005 0.14483000000000001 0.10387 0.03713999999999998
0 0.16367 0.184185 0.20764 0.10593
0 0.11739999999999999 0.234345 0.1727 0.27087
0 0.093745 0.20557 0.14884999999999998 0.19802000000000003
0 0.12012 0.188215 0.19484 0.20373000000000002
0 0.18490499999999999 0.29874 0.030250000000000027 0.22173999999999996
0 0.10789 0.32670499999999997 0.12942 0.44412999999999997
0 0.13385999999999998 0.29817000000000005 0.15516 0.4055
5 0.14210499999999998 0.28654 0.21055 0.37602
5 0.196535 0.25019 0.34527 0.3313
5 0.234645 0.243785 0.34348999999999996 0.31747
5 0.229235 0.32311 0.24101 0.38736
5 0.25350500000000004 0.269055 0.38335 0.38729
0 0.158055 0.33057 0.23743000000000003 0.39947999999999995
0 0.13976 0.32961999999999997 0.20456000000000002 0.48973999999999995
0 0.132605 0.348715 0.21603 0.5342500000000001
0 0.130135 0.38599 0.21405000000000002 0.5837
0 0.15794 0.43988000000000005 0.25264000000000003 0.61578
0 0.17222500000000002 0.4793 0.28437 0.67812
0 0.19329 0.431535 0.31534 0.7258500000000001
0 0.195745 0.512185 0.32575 0.8305899999999999
0 0.23374 0.36178 0.41800000000000004 0.5589
0 0.14515999999999998 0.46997500000000003 0.23873999999999998 0.75969
0 0.14912 0.49813 0.27104 0.8528600000000001
0 0.15 0.52501 0.27658 0.8982
0 0.129455 0.51841 0.23357 0.89572
0 0.341105 0.34826999999999997 0.6550100000000001 0.61494
0 0.34961 0.43622 0.6631 0.7827799999999999
0 0.082555 0.07989 0.13029 0.018240000000000006
5 0.14508500000000002 0.468475 0.24485 0.76915
5 0.19648000000000002 0.512775 0.32168 0.83327
5 0.117465 0.18820499999999998 0.19385 0.20493
5 0.35678 0.454635 0.6589 0.81667
0 0.204205 0.305215 0.37565 0.48847
0 0.167 0.28826999999999997 0.30812 0.44045999999999996
0 0.03923 0.297755 0.05594 0.43030999999999997
5 0.06916 0.31440500000000005 0.022199999999999998 0.39005000000000006
5 0.217835 0.409795 0.36387 0.65265
