2 0.2900390625 0.22314453125 0.376953125 0.2080078125
2 0.25732421875 0.28173828125 0.2294921875 0.2548828125
2 0.2529296875 0.19580078125 0.177734375 0.0283203125
2 0.14794921875 0.5419921875 0.0263671875 0.427734375
2 0.31591796875 0.56396484375 0.0048828125 0.5849609375
2 0.0693359375 0.3603515625 0.017578125 0.541015625
2 0.044921875 0.26611328125 0.01953125 0.4111328125
2 0.18017578125 0.30029296875 0.0986328125 0.3076171875
2 0.1669921875 0.1083984375 0.154296875 0.044921875
5 0.30224609375 0.48681640625 0.5615234375 0.9306640625
5 0.32275390625 0.4658203125 0.6025390625 0.892578125
5 0.1181640625 0.0732421875 0.189453125 0.099609375
5 0.27197265625 0.2275390625 0.4853515625 0.392578125
5 0.31201171875 0.35302734375 0.5263671875 0.5693359375
5 0.45263671875 0.33203125 0.8544921875 0.5703125
2 0.279296875 0.45849609375 0.44921875 0.8349609375
2 0.2880859375 0.43408203125 0.498046875 0.8017578125
2 0.07080078125 0.48974609375 0.0185546875 0.7958984375
