5 0.42333984375 0.28173828125 0.5771484375 0.1455078125
5 0.28955078125 0.1435546875 0.4345703125 0.091796875
5 0.1201171875 0.16943359375 0.162109375 0.2412109375
5 0.07421875 0.18017578125 0.078125 0.2158203125
5 0.3798828125 0.42626953125 0.603515625 0.6298828125
5 0.35888671875 0.3515625 0.6357421875 0.5859375
0 0.15380859375 0.40185546875 0.0634765625 0.5732421875
5 0.21630859375 0.38818359375 0.3271484375 0.6552734375
5 0.16845703125 0.294921875 0.2470703125 0.52734375
5 0.08837890625 0.232421875 0.1103515625 0.37109375
1 0.2841796875 0.1328125 0.033203125 0.0
2 0.46337890625 0.0087890625 0.3212890625 0.005859375
2 0.07861328125 0.396484375 0.0185546875 0.58984375
2 0.1123046875 0.373046875 0.123046875 0.61328125
2 0.41552734375 0.2978515625 0.5771484375 0.134765625
2 0.34521484375 0.3681640625 0.6318359375 0.673828125
2 0.3603515625 0.38720703125 0.658203125 0.7158203125
2 0.20166015625 0.37353515625 0.3525390625 0.6884765625
2 0.25830078125 0.2802734375 0.4814453125 0.505859375
5 0.18359375 0.025390625 0.1796875 0.01171875
0 0.16259765625 0.40087890625 0.2041015625 0.7666015625
0 0.20068359375 0.5087890625 0.0849609375 0.712890625
0 0.22216796875 0.46533203125 0.3701171875 0.8486328125
0 0.06787109375 0.46435546875 0.0458984375 0.8701171875
0 0.05224609375 0.48828125 0.0224609375 0.78125
