5 0.5498046875 0.220703125 0.677734375 0.12109375
5 0.49169921875 0.26611328125 0.5341796875 0.1142578125
5 0.52490234375 0.26708984375 0.8349609375 0.3349609375
5 0.43603515625 0.4443359375 0.7744140625 0.771484375
5 0.22119140625 0.4814453125 0.3447265625 0.869140625
5 0.185546875 0.50341796875 0.27734375 0.9248046875
5 0.3466796875 0.45751953125 0.591796875 0.8486328125
5 0.3134765625 0.3759765625 0.541015625 0.673828125
5 0.3623046875 0.3310546875 0.646484375 0.568359375
5 0.47705078125 0.33935546875 0.8798828125 0.5888671875
5 0.5 0.39453125 0.90625 0.6796875
5 0.4140625 0.369140625 0.7265625 0.66015625
5 0.36865234375 0.37939453125 0.6630859375 0.6767578125
5 0.3740234375 0.3408203125 0.669921875 0.587890625
5 0.4306640625 0.40673828125 0.759765625 0.7080078125
5 0.44189453125 0.4736328125 0.7861328125 0.845703125
5 0.17333984375 0.41650390625 0.2802734375 0.7275390625
5 0.0810546875 0.318359375 0.025390625 0.53515625
4 0.34326171875 0.2548828125 0.2451171875 0.220703125
5 0.31103515625 0.42529296875 0.5244140625 0.7685546875
5 0.28369140625 0.3916015625 0.5166015625 0.728515625
5 0.34521484375 0.4775390625 0.6318359375 0.900390625
5 0.4638671875 0.4560546875 0.873046875 0.873046875
2 0.4912109375 0.1591796875 0.802734375 0.068359375
2 0.4892578125 0.08154296875 0.939453125 0.1044921875
2 0.50048828125 0.095703125 0.9658203125 0.12890625
5 0.3232421875 0.08544921875 0.576171875 0.1044921875
