5 0.31211 0.18616 0.5025599999999999 0.16246000000000002
2 0.33133999999999997 0.500385 0.35015999999999997 0.69625
0 0.24426 0.30411 0.4138 0.40182
0 0.40918 0.302025 0.6488 0.43381000000000003
5 0.350445 0.14725 0.49933000000000005 0.09332
0 0.328295 0.139205 0.5756699999999999 0.10597
5 0.442965 0.31161 0.7891100000000001 0.5067
2 0.39336 0.288745 0.69402 0.46779
2 0.23316 0.29328000000000004 0.43854 0.42206000000000005
2 0.29149 0.166485 0.53746 0.20187
2 0.344685 0.12692499999999998 0.6196699999999999 0.14998999999999998
2 0.299775 0.10300000000000001 0.55403 0.08360000000000001
