1 0.3787760416666667 0.5976851851851852 0.4710937500000001 0.3842592592592593
0 0.26419270833333336 0.45763888888888893 0.4169270833333333 0.7837962962962963
0 0.2540364583333333 0.5097222222222223 0.46744791666666663 0.912037037037037
0 0.3768229166666667 0.20185185185185184 0.7140625 0.31851851851851853
0 0.37799479166666666 0.24606481481481482 0.7153645833333334 0.4162037037037037
0 0.24557291666666667 0.21203703703703705 0.37447916666666664 0.3425925925925926
0 0.15833333333333333 0.2793981481481481 0.27708333333333335 0.5125
0 0.20104166666666665 0.2303240740740741 0.36041666666666666 0.41064814814814815
0 0.20442708333333334 0.25763888888888886 0.3796875 0.4652777777777777
0 0.23567708333333334 0.3037037037037037 0.43593750000000003 0.5444444444444445
0 0.1828125 0.24652777777777776 0.321875 0.42083333333333334
0 0.169140625 0.26087962962962963 0.2872395833333333 0.46805555555555556
0 0.17643229166666669 0.28541666666666665 0.32057291666666665 0.513425925925926
0 0.13815104166666667 0.3127314814814815 0.2419270833333333 0.5643518518518519
0 0.21549479166666669 0.4962962962962963 0.39036458333333335 0.9407407407407408
0 0.16731770833333334 0.47175925925925927 0.29609375 0.862037037037037
0 0.20885416666666667 0.3351851851851852 0.36979166666666663 0.5925925925925927
0 0.248046875 0.2532407407407407 0.45546875 0.436111111111111
0 0.35546875 0.12962962962962965 0.6692708333333333 0.18148148148148147
0 0.266015625 0.5002314814814814 0.50390625 0.939351851851852
4 0.449609375 0.19583333333333336 0.06640625 0.13055555555555554
4 0.180078125 0.3662037037037037 0.11536458333333333 0.10648148148148151
4 0.2203125 0.24560185185185185 0.253125 0.18935185185185188
4 0.399609375 0.14074074074074075 0.67734375 0.0
