0 0.36339 0.183845 0.39369999999999994 0.27273
0 0.37752 0.20307 0.43294 0.33414000000000005
0 0.516445 0.240595 0.70839 0.39581
0 0.34570500000000004 0.17418 0.36829 0.2659
0 0.26775000000000004 0.108375 0.05224000000000001 0.10313
0 0.32685 0.07048 0.17370000000000002 0.06472
0 0.512725 0.221365 0.67547 0.29583
0 0.35125 0.262185 0.38394000000000006 0.43005000000000004
4 0.387595 0.36592 0.09908999999999996 0.21166000000000001
0 0.18096 0.29631 0.10982 0.35531999999999997
7 0.40225500000000003 0.315265 0.31259 0.26588999999999996
0 0.42862 0.18117 0.53562 0.29790000000000005
0 0.47153500000000004 0.15689 0.58917 0.25804
