2 0.336475 0.34878 0.42155 0.16968
2 0.3135 0.25948 0.5806 0.33118000000000003
0 0.28579 0.55118 0.42832000000000003 0.804
0 0.383805 0.502365 0.67331 0.79159
4 0.440015 0.36605 0.34997 0.10054000000000002
0 0.214905 0.347765 0.27125 0.30925
0 0.258865 0.366145 0.30311 0.3858499999999999
0 0.213385 0.38493499999999997 0.36149 0.49263
0 0.245085 0.38269 0.41827000000000003 0.52674
0 0.34919 0.190635 0.11704000000000003 0.07352999999999998
0 0.297325 0.221765 0.03339000000000003 0.07996999999999999
0 0.40739000000000003 0.12876500000000002 0.53742 0.14275000000000002
0 0.42200000000000004 0.150515 0.58704 0.13905
0 0.44759 0.167245 0.61458 0.14084999999999998
0 0.456205 0.23222 0.70759 0.16216000000000003
0 0.40894 0.19576500000000002 0.73066 0.26613
2 0.421635 0.128845 0.53901 0.14311
2 0.439305 0.14571 0.5700500000000001 0.13063999999999998
2 0.451695 0.16505499999999998 0.63397 0.17617
2 0.45054 0.19837 0.6924199999999999 0.19786
2 0.453505 0.25878 0.76699 0.24056
2 0.352545 0.19069999999999998 0.11177000000000004 0.07683999999999999
2 0.30108500000000005 0.22174 0.023550000000000015 0.07320000000000002
0 0.03313 0.239215 0.03178 0.08939
0 0.062125 0.228805 0.01405 0.015270000000000006
0 0.17427 0.376745 0.30134 0.4570099999999999
