5 0.275390625 0.41455078125 0.32421875 0.6923828125
5 0.22802734375 0.46728515625 0.3427734375 0.8681640625
5 0.2236328125 0.28662109375 0.369140625 0.4755859375
0 0.4287109375 0.1923828125 0.568359375 0.115234375
0 0.2353515625 0.15087890625 0.173828125 0.0693359375
0 0.1123046875 0.21484375 0.123046875 0.0
0 0.2236328125 0.3681640625 0.197265625 0.517578125
0 0.10400390625 0.3955078125 0.0302734375 0.478515625
0 0.50244140625 0.47802734375 0.8603515625 0.7177734375
0 0.50830078125 0.208984375 0.8955078125 0.17578125
0 0.51806640625 0.36572265625 0.8681640625 0.3056640625
0 0.41943359375 0.32421875 0.7099609375 0.1640625
0 0.3310546875 0.12841796875 0.419921875 0.0498046875
5 0.203125 0.19970703125 0.28125 0.3408203125
5 0.10693359375 0.2177734375 0.1162109375 0.349609375
5 0.35791015625 0.427734375 0.6337890625 0.76953125
5 0.0859375 0.42822265625 0.0078125 0.7119140625
0 0.078125 0.2099609375 0.015625 0.037109375
0 0.15625 0.33203125 0.15625 0.4609375
0 0.169921875 0.39697265625 0.08203125 0.5712890625
5 0.38427734375 0.37548828125 0.5849609375 0.5283203125
0 0.43212890625 0.3662109375 0.6025390625 0.451171875
0 0.43212890625 0.37646484375 0.7666015625 0.5302734375
0 0.4892578125 0.43310546875 0.759765625 0.5810546875
0 0.470703125 0.51611328125 0.74609375 0.8876953125
0 0.40283203125 0.50439453125 0.5986328125 0.8642578125
0 0.287109375 0.15087890625 0.42578125 0.1884765625
0 0.2919921875 0.1806640625 0.412109375 0.283203125
0 0.46435546875 0.16552734375 0.6982421875 0.0634765625
0 0.52490234375 0.13671875 0.8193359375 0.078125
0 0.2978515625 0.14306640625 0.330078125 0.0615234375
0 0.17041015625 0.06640625 0.0634765625 0.0390625
0 0.181640625 0.1884765625 0.16796875 0.048828125
0 0.39111328125 0.21728515625 0.5830078125 0.2197265625
5 0.36376953125 0.2373046875 0.5439453125 0.333984375
5 0.29736328125 0.24169921875 0.5048828125 0.3623046875
0 0.26513671875 0.36572265625 0.4091796875 0.5869140625
5 0.2333984375 0.357421875 0.388671875 0.55859375
0 0.458984375 0.1611328125 0.83984375 0.212890625
0 0.33642578125 0.14697265625 0.5205078125 0.2041015625
0 0.19580078125 0.173828125 0.3173828125 0.26171875
0 0.203125 0.14794921875 0.3671875 0.2607421875
0 0.2392578125 0.53125 0.064453125 0.796875
0 0.458984375 0.462890625 0.83984375 0.79296875
0 0.505859375 0.3916015625 0.91796875 0.673828125
0 0.39794921875 0.43115234375 0.7607421875 0.8115234375
0 0.0888671875 0.19091796875 0.099609375 0.2998046875
0 0.0546875 0.0859375 0.0546875 0.046875
0 0.2392578125 0.287109375 0.431640625 0.50390625
0 0.21435546875 0.2763671875 0.3857421875 0.482421875
0 0.36865234375 0.216796875 0.6943359375 0.37109375
2 0.35205078125 0.49267578125 0.6455078125 0.9345703125
2 0.37109375 0.46728515625 0.7109375 0.8916015625
2 0.44970703125 0.42041015625 0.8408203125 0.6337890625
2 0.5 0.38623046875 0.9296875 0.6904296875
2 0.48388671875 0.47705078125 0.8779296875 0.7626953125
2 0.4619140625 0.45947265625 0.845703125 0.7978515625
