5 0.304805 0.360255 0.51407 0.5830900000000001
5 0.34759 0.22936499999999999 0.6180599999999999 0.38017
5 0.38438500000000003 0.13571 0.71239 0.2133
5 0.397675 0.22356 0.74471 0.39452000000000004
5 0.478025 0.088315 0.91145 0.12599
5 0.459755 0.3539 0.86849 0.6514800000000001
5 0.28041 0.233125 0.45202 0.27011
0 0.120405 0.27468 0.18741 0.48938
0 0.14129 0.262575 0.20062000000000002 0.43918999999999997
0 0.16067 0.20671499999999998 0.22152 0.33643
0 0.187105 0.191235 0.27811 0.28173000000000004
0 0.19438 0.178045 0.35004 0.30733
0 0.22626000000000002 0.17157 0.40908 0.28332
0 0.176705 0.25018 0.30955 0.44418
0 0.21274500000000002 0.25222 0.37293 0.45730000000000004
0 0.225875 0.24368 0.38547 0.41442
0 0.27666 0.14928 0.40762 0.23752
0 0.27180499999999996 0.13457 0.48139 0.21644000000000002
0 0.229415 0.12078 0.40653 0.19263999999999998
0 0.197465 0.043234999999999996 0.30637000000000003 0.03897
0 0.029540000000000004 0.202145 0.01386 0.35908999999999996
0 0.07245 0.12597 0.07047999999999999 0.16796
0 0.08845 0.12685000000000002 0.12184 0.19742
0 0.05229 0.163495 0.049240000000000006 0.27437
0 0.077015 0.15418500000000002 0.05987000000000001 0.22231
0 0.13229 0.07266500000000001 0.199 0.09077
0 0.11206 0.09554 0.1726 0.14952000000000001
0 0.21895 0.024035 0.28118000000000004 0.016229999999999998
0 0.17052 0.03077 0.27703999999999995 0.005199999999999996
0 0.160135 0.04049 0.26247000000000004 0.022879999999999998
5 0.03099 0.20514 0.016800000000000002 0.35958
5 0.017505 0.16559500000000002 0.00837 0.26975
5 0.1853 0.186635 0.28336 0.29461000000000004
4 0.23379 0.17326 0.25114000000000003 0.1729
1 0.553365 0.545065 0.42789000000000005 0.71115
0 0.28813500000000003 0.32800500000000005 0.54833 0.63661
0 0.282265 0.32541499999999995 0.5363899999999999 0.61495
0 0.295005 0.343425 0.55065 0.65083
