0 0.16062500000000002 0.310555 0.13469 0.15281000000000003
0 0.10713500000000001 0.384485 0.07261000000000001 0.18457
0 0.1545 0.49458 0.11524000000000001 0.2984
0 0.22483000000000003 0.56573 0.15330000000000002 0.6691
2 0.17161500000000002 0.169125 0.23975000000000002 0.06436999999999998
2 0.185535 0.39137500000000003 0.23256999999999997 0.49597
2 0.23485 0.377955 0.2963 0.38431000000000004
4 0.300825 0.41318 0.17447000000000001 0.3712
3 0.53319 0.336705 0.37862 0.20323
3 0.32647499999999996 0.447735 0.02065 0.051710000000000034
7 0.146625 0.54526 0.13661 0.49901999999999996
7 0.490445 0.584025 0.18339 0.36913
2 0.593375 0.316415 0.11814999999999998 0.24758999999999998
