0 0.439453125 0.15478515625 0.18359375 0.0849609375
2 0.35595703125 0.4677734375 0.6220703125 0.810546875
4 0.5263671875 0.31494140625 0.466796875 0.1259765625
2 0.42724609375 0.1552734375 0.1943359375 0.095703125
2 0.505859375 0.087890625 0.67578125 0.05859375
2 0.51171875 0.1123046875 0.7890625 0.013671875
2 0.51953125 0.1728515625 0.859375 0.001953125
2 0.505859375 0.2578125 0.94921875 0.15625
2 0.2705078125 0.3046875 0.251953125 0.28125
0 0.5029296875 0.083984375 0.677734375 0.05078125
0 0.52197265625 0.10400390625 0.7822265625 0.0087890625
0 0.517578125 0.1650390625 0.86328125 0.001953125
0 0.50439453125 0.27001953125 0.9423828125 0.0673828125
0 0.265625 0.29638671875 0.2578125 0.2841796875
0 0.2177734375 0.2822265625 0.341796875 0.517578125
0 0.25341796875 0.291015625 0.3935546875 0.54296875
2 0.03564453125 0.39404296875 0.0107421875 0.6982421875
2 0.1044921875 0.04052734375 0.076171875 0.0244140625
2 0.02294921875 0.197265625 0.0126953125 0.30078125
2 0.4443359375 0.16552734375 0.529296875 0.2333984375
2 0.50537109375 0.2841796875 0.9599609375 0.404296875
