2 0.383245 0.167445 0.16544999999999999 0.11123000000000001
5 0.35591 0.49132000000000003 0.07062000000000002 0.24026000000000003
2 0.5011099999999999 0.45104 0.66962 0.6052
2 0.510925 0.33973000000000003 0.68375 0.52754
2 0.463385 0.24909 0.54875 0.37804
2 0.5516949999999999 0.22222999999999998 0.7123499999999999 0.35914
0 0.23154999999999998 0.12 0.05632000000000001 0.11965999999999999
0 0.26115 0.114245 0.026800000000000018 0.023049999999999987
2 0.31011 0.47511499999999995 0.27093999999999996 0.60697
4 0.5530649999999999 0.5138050000000001 0.45053 0.3501500000000001
5 0.42575 0.15969 0.46182 0.26749999999999996
2 0.349455 0.48246 0.09299000000000002 0.25994
2 0.428575 0.37571999999999994 0.57993 0.52088
0 0.25266 0.308495 0.28868000000000005 0.53937
0 0.33846 0.09978500000000001 0.2192 0.08875000000000001
0 0.326335 0.076545 0.21389 0.10385
0 0.26944 0.45259499999999997 0.2596 0.67991
0 0.190695 0.41695 0.24248999999999998 0.7283000000000001
