5 0.580078125 0.21728515625 0.46484375 0.0068359375
5 0.48095703125 0.27099609375 0.7001953125 0.3505859375
5 0.345703125 0.357421875 0.53515625 0.59765625
5 0.34423828125 0.4423828125 0.5751953125 0.642578125
5 0.34521484375 0.537109375 0.3740234375 0.73046875
5 0.16162109375 0.423828125 0.1162109375 0.62890625
4 0.56103515625 0.4208984375 0.1474609375 0.048828125
5 0.20361328125 0.35888671875 0.2783203125 0.6123046875
1 0.48974609375 0.52392578125 0.6865234375 0.8330078125
5 0.35107421875 0.4541015625 0.6201171875 0.853515625
5 0.4677734375 0.26220703125 0.880859375 0.4658203125
5 0.291015625 0.36767578125 0.52734375 0.6845703125
5 0.48876953125 0.2783203125 0.9189453125 0.501953125
5 0.416015625 0.34326171875 0.76953125 0.6279296875
2 0.3154296875 0.5283203125 0.419921875 0.759765625
2 0.3359375 0.431640625 0.6015625 0.65234375
2 0.48779296875 0.0947265625 0.9169921875 0.119140625
