2 0.43206500000000003 0.538835 0.53213 0.37383
2 0.290985 0.26387499999999997 0.17439000000000002 0.16082999999999997
2 0.09025 0.313125 0.041859999999999994 0.28065
2 0.307825 0.534975 0.20787000000000003 0.68637
2 0.40069 0.180485 0.5390999999999999 0.16552999999999998
2 0.47867000000000004 0.125545 0.569 0.03984999999999998
2 0.46233 0.231395 0.71258 0.30283
3 0.72521 0.743815 0.49072000000000005 0.49343000000000004
2 0.297865 0.06154 0.17154999999999998 0.038579999999999996
2 0.342815 0.154215 0.56369 0.24258999999999997
