2 0.31806 0.248415 0.45274 0.35251
2 0.39927 0.16416 0.6252800000000001 0.20734000000000002
2 0.382585 0.213895 0.62237 0.32263
2 0.366875 0.262675 0.62905 0.43615000000000004
2 0.339335 0.29973000000000005 0.5919500000000001 0.5182
2 0.335425 0.36217000000000005 0.54159 0.61156
2 0.41619 0.39187 0.7000799999999999 0.60552
2 0.51858 0.33538 0.70784 0.20099999999999998
2 0.464545 0.11282500000000001 0.77539 0.10119
2 0.28165 0.503135 0.23926000000000003 0.8708899999999999
2 0.43942000000000003 0.528815 0.61096 0.73861
2 0.17139000000000001 0.424385 0.13648 0.7000500000000001
4 0.280515 0.25068 0.17647000000000002 0.15188000000000001
2 0.226295 0.156505 0.27748999999999996 0.09973
2 0.19989 0.182995 0.23504000000000003 0.20666999999999996
2 0.148155 0.17108 0.18627 0.27988
2 0.13537 0.246845 0.06292 0.26055
2 0.16077 0.22274 0.20764 0.40998
2 0.163855 0.18144 0.22993000000000002 0.30462
2 0.26008000000000003 0.29458 0.39896000000000004 0.5304000000000001
2 0.24992499999999998 0.327585 0.38833 0.58501
2 0.15771 0.32078 0.18068 0.58254
2 0.442535 0.3399 0.76129 0.52868
2 0.48653 0.15021 0.8949199999999999 0.18102
0 0.45751000000000003 0.102135 0.78818 0.11871
0 0.19819 0.14017 0.31066 0.18774
5 0.105795 0.290595 0.10165000000000002 0.5110899999999999
0 0.448815 0.221235 0.82441 0.33461
0 0.48643000000000003 0.24397 0.88968 0.38758
0 0.12929000000000002 0.23665 0.0854 0.28302
