2 0.20774 0.309355 0.016759999999999997 0.17769
2 0.370435 0.093605 0.51707 0.02327
2 0.48089499999999996 0.19140000000000001 0.63449 0.052419999999999994
2 0.39561999999999997 0.38956999999999997 0.4106 0.51082
2 0.36462999999999995 0.503485 0.55706 0.90373
2 0.145495 0.49920499999999995 0.11827 0.86861
2 0.25782 0.37922 0.03770000000000004 0.43033999999999994
2 0.51452 0.33433 0.35308 0.27032
4 0.616525 0.35119 0.01705000000000001 0.18716
4 0.19276 0.19309500000000002 0.10891999999999999 0.12363000000000002
