2 0.4150390625 0.31298828125 0.626953125 0.1142578125
2 0.505859375 0.296875 0.95703125 0.34375
0 0.47314453125 0.353515625 0.7158203125 0.49609375
0 0.5244140625 0.3876953125 0.822265625 0.533203125
2 0.16357421875 0.3818359375 0.0888671875 0.607421875
2 0.04931640625 0.40869140625 0.0224609375 0.5166015625
2 0.7421875 0.73583984375 0.4765625 0.4619140625
4 0.4267578125 0.5634765625 0.255859375 0.587890625
0 0.12939453125 0.1650390625 0.0673828125 0.244140625
1 0.53369140625 0.482421875 0.7587890625 0.70703125
