2 0.40091 0.24339 0.18988 0.16954
2 0.21807 0.29294 0.17326000000000003 0.29456
2 0.37356 0.10039000000000001 0.63626 0.07279999999999999
2 0.43839 0.11505 0.7069 0.09884000000000001
2 0.36357 0.12687 0.6131399999999999 0.12326
5 0.43513 0.468875 0.67038 0.6735099999999999
5 0.48713 0.27038 0.84824 0.34818
5 0.45187 0.245335 0.8143800000000001 0.39570999999999995
5 0.41926 0.272525 0.76988 0.43337
5 0.41093500000000005 0.29392 0.76105 0.4793200000000001
5 0.380275 0.326685 0.66257 0.5397099999999999
5 0.267335 0.465125 0.45587 0.74543
5 0.11253 0.478195 0.14628 0.67217
5 0.10113 0.36682499999999996 0.06053999999999998 0.44634999999999997
5 0.109635 0.37122999999999995 0.16352999999999998 0.48203999999999997
5 0.12771 0.37369 0.1942 0.50802
5 0.143965 0.33139 0.23063 0.43644000000000005
0 0.185925 0.53821 0.28637 0.8866
0 0.062285 0.49487000000000003 0.09072999999999999 0.7121
2 0.127545 0.27533 0.17863 0.30384
4 0.434215 0.32741 0.08737 0.13823999999999997
