2 0.184035 0.289935 0.15000999999999998 0.45651
2 0.155025 0.33026500000000003 0.16483000000000003 0.54033
2 0.501235 0.42980999999999997 0.73959 0.68342
2 0.589945 0.19364 0.63693 0.21864
2 0.5804549999999999 0.30612 0.58091 0.20434
2 0.54832 0.28976 0.6908799999999999 0.39616
2 0.49291 0.277255 0.57888 0.37240999999999996
2 0.436355 0.140955 0.33299 0.11529
2 0.390925 0.195355 0.28215 0.20618999999999998
2 0.33158 0.207545 0.2827 0.28377
2 0.3226 0.24389 0.26349999999999996 0.34106000000000003
5 0.34739 0.34711000000000003 0.15889999999999999 0.32846000000000003
2 0.281955 0.329625 0.12654999999999997 0.35495
4 0.538905 0.34443 0.32445 0.20195999999999997
4 0.35562 0.15756 0.11831999999999998 0.09264
2 0.523335 0.21805999999999998 0.63699 0.36312
2 0.3312 0.323925 0.27588 0.44490999999999997
2 0.37565 0.2799 0.41108 0.41322000000000003
2 0.248 0.21142 0.12650000000000003 0.27198
2 0.49221000000000004 0.311915 0.69028 0.5383699999999999
