2 0.268175 0.36655000000000004 0.19511 0.16455999999999998
2 0.252325 0.528655 0.39127 0.60467
2 0.252915 0.49953000000000003 0.40410999999999997 0.58596
2 0.23379999999999998 0.57877 0.3091 0.6536
2 0.355535 0.5525 0.57997 0.7756400000000001
0 0.485205 0.53177 0.77997 0.77208
4 0.471585 0.57945 0.15032999999999996 0.07838
2 0.141815 0.31448 0.021909999999999985 0.04064000000000001
2 0.08435000000000001 0.261295 0.05414000000000001 0.01915
2 0.2522 0.42316 0.42218 0.4897
2 0.42492 0.266 0.78032 0.45702
2 0.33809500000000003 0.49834999999999996 0.58423 0.69906
5 0.292955 0.42195499999999997 0.5280900000000001 0.57047
5 0.30452 0.43974 0.5385599999999999 0.5903
5 0.195545 0.20305 0.33666999999999997 0.11292000000000002
5 0.21397999999999998 0.43331000000000003 0.33986 0.45864000000000005
5 0.240275 0.437685 0.41685 0.53119
2 0.18026999999999999 0.378005 0.29486 0.36583
