4 0.35558 0.594365 0.22754 0.27261
0 0.332815 0.084585 0.41193 0.055009999999999996
0 0.331935 0.16497 0.35536999999999996 0.11742
0 0.24955 0.21386 0.13866 0.25404000000000004
0 0.39211999999999997 0.06016 0.63284 0.046079999999999996
0 0.043005 0.192385 0.01579 0.25284999999999996
0 0.15481999999999999 0.160195 0.17252 0.16351
0 0.093045 0.10598 0.02345 0.046880000000000005
0 0.123355 0.10061500000000001 0.07747000000000001 0.037809999999999996
0 0.16700500000000001 0.11460000000000001 0.10473 0.016400000000000012
0 0.1242 0.10300000000000001 0.14454 0.16708
0 0.17387 0.060785 0.22083999999999998 0.05950999999999999
0 0.20630500000000002 0.07291500000000001 0.26227 0.01711
0 0.194075 0.08465 0.24663000000000002 0.11774000000000001
0 0.19085 0.129665 0.23284 0.12468999999999998
0 0.195455 0.13219999999999998 0.27535 0.20234
0 0.230635 0.134555 0.32707 0.20629
0 0.21757 0.09688 0.32954 0.15108
0 0.24575 0.05098 0.36301999999999995 0.051160000000000004
0 0.23289 0.031655 0.36118 0.028589999999999997
0 0.27631 0.027755 0.42496 0.029269999999999997
0 0.355155 0.06714 0.59859 0.08032
0 0.294985 0.10139999999999999 0.43501 0.13938
0 0.31888 0.17385 0.49949999999999994 0.13448
0 0.360655 0.152485 0.62777 0.26994999999999997
0 0.379195 0.13583 0.66041 0.19532
0 0.44672 0.047305 0.7817000000000001 0.040810000000000006
0 0.46165 0.05026 0.8192999999999999 0.04325999999999999
0 0.49687 0.098235 0.89302 0.12779
0 0.49506500000000003 0.13155 0.85299 0.1815
0 0.513775 0.11067 0.91789 0.16348
0 0.528565 0.24577500000000002 0.84265 0.18109
0 0.475365 0.212125 0.87685 0.37841
0 0.44286000000000003 0.24844000000000002 0.76016 0.32122
0 0.465545 0.187275 0.84141 0.31322999999999995
0 0.2182 0.38520000000000004 0.38476 0.73178
0 0.13547 0.18529 0.13588 0.25486
