2 0.161575 0.38205999999999996 0.23193000000000003 0.38808
2 0.131795 0.32874000000000003 0.19913 0.3221
2 0.128755 0.30308999999999997 0.17939 0.2822
0 0.148445 0.540155 0.13075 0.6388900000000001
0 0.178455 0.579875 0.24419 0.7523299999999999
0 0.110365 0.40125 0.15235 0.43538000000000004
2 0.085005 0.37202999999999997 0.09183000000000001 0.31304
2 0.09752 0.34156000000000003 0.12081999999999998 0.3173
2 0.063795 0.42035 0.07737 0.35390000000000005
4 0.49985 0.5983 0.11884000000000006 0.13639999999999997
3 0.6575150000000001 0.678865 0.17530999999999997 0.42515000000000003
1 0.5688500000000001 0.53276 0.57004 0.63184
