2 0.2685013876040703 0.27970297029702973 0.4611470860314524 0.4356435643564356
6 0.5589731729879741 0.19090346534653466 0.5980573543015726 0.1058168316831683
6 0.3075855689176688 0.1188118811881188 0.18408880666049954 0.06435643564356436
4 0.2608695652173913 0.6311881188118812 0.16281221091581866 0.2277227722772277
3 0.616327474560592 0.5776608910891089 0.21230342275670688 0.20235148514851486
0 0.48080481036077705 0.12902227722772278 0.833950046253469 0.001856435643564358
0 0.14939870490286772 0.08446782178217821 0.11008325624421833 0.04146039603960394
6 0.5240518038852914 0.4275990099009901 0.8371877890841815 0.16212871287128716
6 0.10869565217391304 0.37995049504950495 0.07123034227567068 0.027227722772277252
4 0.5111008325624422 0.15129950495049505 0.0712303422756706 0.10086633663366339
4 0.5629047178538391 0.27011138613861385 0.5966697502312672 0.05259900990099009
