0 0.44123999999999997 0.232265 0.8002 0.34173
0 0.47784499999999996 0.44637 0.81819 0.7564799999999999
0 0.442985 0.462615 0.74127 0.7239899999999999
1 0.505565 0.52094 0.68349 0.79642
0 0.204015 0.576445 0.27761 0.76077
0 0.2207 0.22551500000000002 0.2972 0.14725000000000002
0 0.09079999999999999 0.509035 0.13726 0.56117
5 0.46285499999999996 0.32245 0.79201 0.49644
7 0.320365 0.39063000000000003 0.016869999999999996 0.014400000000000024
7 0.284955 0.5343 0.10502999999999998 0.26421999999999995
7 0.4919 0.503085 0.17915999999999999 0.28777
5 0.282695 0.507595 0.46798999999999996 0.72961
4 0.5875900000000001 0.565235 0.37317999999999996 0.33307000000000003
