0 0.43720000000000003 0.187415 0.84314 0.32537000000000005
0 0.423975 0.223105 0.7997099999999999 0.36455000000000004
0 0.42838 0.311175 0.82606 0.55365
0 0.42046 0.256025 0.8115800000000001 0.44213
0 0.39187500000000003 0.22733 0.75185 0.37194
0 0.40013499999999996 0.266425 0.76649 0.43311
0 0.374305 0.25726 0.7162900000000001 0.43018
0 0.340415 0.27856 0.64543 0.4352
0 0.34084000000000003 0.24566 0.6489 0.38452
0 0.354595 0.19942000000000001 0.6285499999999999 0.2506
0 0.34816 0.13832 0.66364 0.16670000000000001
0 0.34915999999999997 0.14865 0.67186 0.19622
0 0.32761 0.17831 0.6341800000000001 0.24298
0 0.34615 0.17616 0.65392 0.2497
0 0.23217 0.18573 0.42596 0.20626
0 0.216935 0.195425 0.39649 0.19939
0 0.20812999999999998 0.152505 0.36922 0.10809
0 0.1988 0.13963 0.3551 0.08336
0 0.20751 0.13719 0.37826 0.08736000000000001
0 0.21439 0.12126 0.39658 0.0655
0 0.329395 0.11155 0.6056900000000001 0.08715999999999999
0 0.292865 0.11269 0.5510700000000001 0.08002000000000001
0 0.31014 0.1099 0.58478 0.10305999999999998
0 0.19342 0.1143 0.32912 0.05379999999999999
0 0.18651500000000001 0.21522000000000002 0.33481 0.24046
0 0.170345 0.21703999999999998 0.28451 0.22952
0 0.21101 0.237295 0.3835 0.29353
0 0.22038 0.24873 0.40734 0.31842000000000004
0 0.287545 0.467935 0.5198900000000001 0.7644299999999999
0 0.25476 0.46691000000000005 0.46598 0.7542
0 0.2608 0.48127 0.48817999999999995 0.79324
0 0.119315 0.54964 0.18485000000000001 0.8465199999999999
0 0.169575 0.546405 0.25475 0.82819
0 0.14930000000000002 0.55023 0.25072 0.8695999999999999
0 0.165185 0.527715 0.29121 0.8276100000000001
0 0.144335 0.46347 0.24163 0.67888
0 0.288055 0.142915 0.5443699999999999 0.15265
0 0.27029499999999995 0.28454 0.50383 0.40846
0 0.41668499999999997 0.20112 0.79725 0.33222
0 0.4138 0.28855499999999995 0.79388 0.49804999999999994
1 0.19627 0.46327999999999997 0.13082000000000002 0.25427999999999995
5 0.212775 0.49693 0.38639 0.79358
5 0.177745 0.435455 0.30447 0.62919
5 0.20471 0.41901 0.2328 0.42184
5 0.21306 0.3649 0.2634 0.36769999999999997
5 0.19236 0.1477 0.31636000000000003 0.07762000000000001
5 0.183135 0.12886 0.30867 0.05018
5 0.34975500000000004 0.12106 0.64537 0.11981999999999998
5 0.46436 0.32387 0.8910199999999999 0.581
5 0.22885 0.481775 0.40962 0.76361
5 0.12588 0.457595 0.1661 0.61849
0 0.0761 0.398365 0.08568 0.50747
0 0.13946999999999998 0.39907 0.12173999999999999 0.49246
0 0.222655 0.47996500000000003 0.16679 0.52185
0 0.073005 0.44806 0.07143 0.54708
1 0.34480999999999995 0.53167 0.49667999999999995 0.86716
4 0.598535 0.70564 0.46987000000000007 0.49012
