4 0.277065 0.48249 0.05403000000000002 0.11895999999999995
1 0.292695 0.566615 0.20481000000000002 0.65427
1 0.20226 0.19240000000000002 0.06390000000000001 0.04751999999999998
1 0.06797 0.27185499999999996 0.03402 0.022670000000000023
0 0.224845 0.37892000000000003 0.40931 0.5045
2 0.17588 0.261195 0.25142000000000003 0.22746999999999998
2 0.181575 0.26417 0.33267 0.2772
2 0.209605 0.267375 0.37265 0.30269
2 0.14903 0.31999 0.25976 0.34424
2 0.125605 0.306955 0.22603 0.31933
2 0.13708 0.29774999999999996 0.22552 0.28856
2 0.163325 0.31606 0.27132999999999996 0.3268
2 0.169405 0.35008 0.30512999999999996 0.42299999999999993
