4 0.53564453125 0.55615234375 0.0888671875 0.2041015625
5 0.4658203125 0.36474609375 0.712890625 0.5537109375
5 0.466796875 0.1728515625 0.42578125 0.126953125
5 0.40576171875 0.310546875 0.5810546875 0.50390625
2 0.50244140625 0.1572265625 0.9619140625 0.205078125
2 0.38037109375 0.14111328125 0.6708984375 0.2158203125
2 0.3486328125 0.29541015625 0.626953125 0.5166015625
2 0.43994140625 0.345703125 0.7509765625 0.58984375
2 0.48291015625 0.39501953125 0.7978515625 0.6611328125
1 0.52783203125 0.53759765625 0.7548828125 0.6572265625
