2 0.2578125 0.4267578125 0.2890625 0.689453125
2 0.29443359375 0.30029296875 0.4755859375 0.4248046875
2 0.23583984375 0.26708984375 0.3662109375 0.4208984375
2 0.24462890625 0.3037109375 0.3916015625 0.529296875
2 0.1083984375 0.3486328125 0.017578125 0.353515625
2 0.1025390625 0.2197265625 0.072265625 0.283203125
2 0.1845703125 0.099609375 0.064453125 0.01953125
2 0.35107421875 0.046875 0.5029296875 0.0234375
0 0.06787109375 0.4921875 0.0009765625 0.8046875
5 0.29296875 0.35693359375 0.4921875 0.5771484375
5 0.32861328125 0.35009765625 0.5908203125 0.6181640625
1 0.44970703125 0.5400390625 0.5986328125 0.728515625
4 0.51123046875 0.5087890625 0.0732421875 0.072265625
6 0.32421875 0.5595703125 0.0546875 0.603515625
2 0.11328125 0.20068359375 0.0 0.0458984375
2 0.060546875 0.42626953125 0.05078125 0.7861328125
2 0.28076171875 0.23193359375 0.3232421875 0.3505859375
