5 0.1396484375 0.10400390625 0.076171875 0.0166015625
5 0.44921875 0.37158203125 0.7578125 0.5126953125
5 0.3759765625 0.3271484375 0.650390625 0.529296875
0 0.1044921875 0.27587890625 0.052734375 0.3134765625
0 0.1845703125 0.314453125 0.220703125 0.51953125
0 0.2880859375 0.4658203125 0.435546875 0.697265625
0 0.16455078125 0.4638671875 0.2392578125 0.787109375
0 0.34326171875 0.36279296875 0.5732421875 0.6279296875
0 0.21435546875 0.44287109375 0.3466796875 0.7412109375
0 0.2353515625 0.46044921875 0.361328125 0.8154296875
0 0.15185546875 0.3759765625 0.2216796875 0.642578125
5 0.470703125 0.2978515625 0.71484375 0.330078125
5 0.33544921875 0.05859375 0.5888671875 0.0
5 0.32275390625 0.0771484375 0.5556640625 0.060546875
5 0.12158203125 0.2294921875 0.1689453125 0.373046875
2 0.43017578125 0.23779296875 0.8017578125 0.4091796875
2 0.4208984375 0.26416015625 0.810546875 0.4619140625
2 0.4306640625 0.34033203125 0.822265625 0.6298828125
2 0.419921875 0.32861328125 0.79296875 0.5830078125
0 0.111328125 0.21875 0.19140625 0.390625
0 0.099609375 0.0556640625 0.16796875 0.072265625
0 0.0966796875 0.07373046875 0.162109375 0.1044921875
0 0.3505859375 0.38232421875 0.677734375 0.7373046875
0 0.3564453125 0.31103515625 0.681640625 0.5869140625
0 0.35791015625 0.29833984375 0.6884765625 0.5693359375
0 0.39111328125 0.3515625 0.7626953125 0.671875
