1 0.37612 0.24534499999999998 0.21338000000000001 0.16222999999999999
1 0.18422 0.256605 0.09437999999999999 0.20363
0 0.316505 0.39719 0.54103 0.73484
0 0.32136000000000003 0.42656 0.541 0.7650199999999999
0 0.302925 0.4229 0.5350299999999999 0.7891800000000001
0 0.30334500000000003 0.4107 0.51175 0.7415999999999999
0 0.295025 0.44512500000000005 0.50319 0.79357
0 0.26177 0.41729 0.45824 0.77568
0 0.26473 0.400885 0.43882 0.7275900000000001
0 0.291685 0.31383 0.45125000000000004 0.5397200000000001
0 0.28220999999999996 0.313465 0.4351 0.55793
0 0.271245 0.31567 0.43230999999999997 0.5868599999999999
0 0.32493 0.34609 0.5249400000000001 0.6265799999999999
0 0.27043 0.29522 0.40528 0.53248
0 0.26115 0.339145 0.41124 0.62709
0 0.25851999999999997 0.37289999999999995 0.40856 0.67074
0 0.264635 0.3715 0.44383 0.6843199999999999
0 0.162355 0.38251500000000005 0.21105000000000002 0.64537
0 0.12347 0.30748499999999995 0.12114000000000001 0.54035
0 0.10864 0.309255 0.11492 0.57065
0 0.155495 0.30977 0.14115 0.44965999999999995
0 0.131515 0.2883 0.13001000000000001 0.49926000000000004
0 0.1354 0.41064 0.21686 0.7801800000000001
0 0.121645 0.40192 0.18961 0.7571
0 0.127545 0.400885 0.20277 0.7523099999999999
0 0.09962499999999999 0.32365 0.11491 0.6120399999999999
0 0.10956500000000001 0.33877 0.11099 0.6202799999999999
0 0.10274 0.351925 0.12794 0.66139
0 0.06945 0.36028499999999997 0.0824 0.63567
0 0.487995 0.39744 0.89281 0.75444
5 0.0961 0.28163 0.06104000000000001 0.4275
5 0.11319499999999999 0.323885 0.07193 0.38132999999999995
5 0.2792 0.369085 0.07591999999999999 0.38199000000000005
5 0.279965 0.420105 0.31931 0.41651000000000005
5 0.425945 0.36443000000000003 0.34493 0.44512
5 0.44721500000000003 0.41019500000000003 0.49047 0.65569
5 0.40575500000000003 0.48479000000000005 0.53293 0.77142
5 0.44921 0.44653000000000004 0.7413000000000001 0.7835
5 0.318865 0.46919 0.5313899999999999 0.8524
5 0.27136499999999997 0.4583 0.31893 0.74486
5 0.162485 0.4461 0.20740999999999998 0.78866
5 0.097305 0.370535 0.07177 0.5209499999999999
5 0.354575 0.165945 0.50389 0.25793
5 0.461945 0.06445 0.60557 0.10882
0 0.429835 0.338725 0.77025 0.6552300000000001
0 0.478075 0.33042 0.86239 0.6438
0 0.40426500000000004 0.29908999999999997 0.70765 0.57368
0 0.33638 0.436085 0.62982 0.8443299999999999
0 0.32032 0.451125 0.6150399999999999 0.88521
0 0.08523 0.24703999999999998 0.06594 0.46892
0 0.10729 0.25311 0.10548 0.47702
0 0.104565 0.2776 0.10989000000000002 0.52262
0 0.21682500000000002 0.320135 0.34571 0.6092700000000001
0 0.22778500000000002 0.29359 0.35429 0.5546
0 0.22477 0.27599 0.33554 0.52326
0 0.248755 0.31033499999999997 0.39571 0.58699
0 0.37436 0.32772500000000004 0.66056 0.62893
5 0.21816 0.461155 0.26638 0.8173900000000001
5 0.48088 0.33833 0.84886 0.62338
5 0.39546499999999996 0.232655 0.38082999999999995 0.35901000000000005
