0 0.156555 0.46282999999999996 0.24322999999999997 0.59002
0 0.20912 0.56165 0.29278 0.73236
0 0.162255 0.424385 0.23527000000000003 0.47680999999999996
0 0.170505 0.414465 0.29073 0.52281
0 0.15848500000000001 0.34135499999999996 0.26821 0.37745
0 0.13599 0.3265 0.22474 0.33352
0 0.13385999999999998 0.263545 0.22032 0.22064999999999999
0 0.103425 0.55232 0.14139 0.6953199999999999
0 0.09753 0.51486 0.13854 0.62934
0 0.10985 0.48488000000000003 0.16227999999999998 0.57652
0 0.21744999999999998 0.5126649999999999 0.3558 0.67829
0 0.221995 0.476615 0.38453000000000004 0.66971
0 0.33748 0.520265 0.6188 0.81413
0 0.32843999999999995 0.5350550000000001 0.5909 0.86241
0 0.48034 0.33248 0.82186 0.49289999999999995
0 0.31766500000000003 0.24661 0.58041 0.3086
0 0.33712 0.270325 0.60284 0.33421
0 0.5071 0.29584 0.66838 0.30984
0 0.426955 0.34117 0.53169 0.15052000000000004
0 0.26239 0.36911 0.47098 0.5032599999999999
0 0.258265 0.40684000000000003 0.46273000000000003 0.57106
0 0.15963 0.3841 0.26026000000000005 0.44936
0 0.028995 0.271115 0.02921 0.15005000000000002
1 0.664135 0.200155 0.37059000000000003 0.17358999999999997
0 0.35884 0.244915 0.3279599999999999 0.11614999999999998
0 0.074795 0.25769 0.009750000000000009 0.04226000000000002
5 0.245805 0.47884 0.39195 0.6431399999999999
5 0.22768 0.53865 0.39980000000000004 0.7918000000000001
5 0.109305 0.4846 0.16555 0.5794
5 0.09473 0.510715 0.14218 0.63895
5 0.098485 0.54959 0.15048999999999998 0.70346
5 0.08768 0.52196 0.12852 0.6576
5 0.20376 0.55941 0.30016 0.7438400000000001
5 0.32763 0.5364 0.5905400000000001 0.85568
5 0.33537999999999996 0.518535 0.62268 0.82119
5 0.264175 0.37208 0.47161 0.49046
5 0.26161999999999996 0.41028000000000003 0.4583 0.56462
5 0.133925 0.326135 0.22843 0.33279000000000003
5 0.132625 0.26654500000000003 0.21819 0.21061000000000002
5 0.028245 0.27284 0.028109999999999996 0.14686000000000002
5 0.03889 0.25419 0.03151999999999999 0.10174
5 0.077405 0.24362 0.025029999999999997 0.06864
5 0.08066499999999999 0.262185 0.09287 0.13637
5 0.069165 0.27512000000000003 0.054689999999999996 0.15152000000000002
5 0.282505 0.334015 0.52339 0.45848999999999995
5 0.356045 0.245285 0.33431 0.11854999999999999
5 0.428865 0.32351 0.53011 0.15908000000000003
5 0.517755 0.35745499999999997 0.66849 0.26589
5 0.530805 0.392285 0.62953 0.30343000000000003
7 0.553655 0.5993850000000001 0.53169 0.17823
7 0.286485 0.47724500000000003 0.33631 0.53207
7 0.210945 0.342275 0.12833000000000003 0.20084999999999997
7 0.11449999999999999 0.284555 0.03823999999999998 0.16407000000000002
7 0.346415 0.54769 0.52835 0.7813399999999999
7 0.36916 0.563085 0.56866 0.69123
