3 0.7470703125 0.7451171875 0.498046875 0.494140625
2 0.32177734375 0.5029296875 0.4755859375 0.865234375
2 0.0703125 0.4931640625 0.046875 0.486328125
2 0.24755859375 0.33447265625 0.3115234375 0.5166015625
2 0.1650390625 0.26806640625 0.189453125 0.3525390625
2 0.25927734375 0.22314453125 0.4365234375 0.3173828125
6 0.3046875 0.44970703125 0.015625 0.2314453125
3 0.54345703125 0.49755859375 0.4111328125 0.1708984375
3 0.3701171875 0.52294921875 0.056640625 0.5263671875
3 0.49853515625 0.2763671875 0.0224609375 0.119140625
3 0.30517578125 0.39892578125 0.0517578125 0.2314453125
