4 0.39055 0.45862 0.10058 0.08256000000000002
0 0.38268 0.28504 0.7159599999999999 0.46618
0 0.403885 0.28663 0.7386499999999999 0.48318000000000005
0 0.39675 0.302685 0.7175600000000001 0.49753
0 0.34975500000000004 0.31145 0.62391 0.5144200000000001
0 0.45527500000000004 0.502245 0.81713 0.93413
0 0.387145 0.22469 0.68657 0.35548
6 0.31958 0.58509 0.07948 0.46730000000000005
7 0.59414 0.59697 0.24131999999999998 0.30454000000000003
7 0.32416 0.59326 0.14495999999999998 0.06099999999999994
2 0.272305 0.51119 0.21432999999999996 0.74668
2 0.238885 0.43439500000000003 0.40265 0.74951
2 0.22607 0.393915 0.39966 0.69211
2 0.415755 0.508645 0.73919 0.8474299999999999
2 0.45335000000000003 0.32682 0.81952 0.5458000000000001
2 0.36925 0.08277999999999999 0.67826 0.05998
2 0.05409 0.30063 0.07786000000000001 0.48528000000000004
2 0.053919999999999996 0.316335 0.07718 0.50771
2 0.093065 0.45098499999999997 0.15055 0.77651
5 0.21632 0.24695999999999999 0.34512 0.33044
