5 0.399925 0.5395949999999999 0.52939 0.61945
5 0.25182 0.40948500000000004 0.1684 0.50761
5 0.167925 0.345775 0.06649 0.49424999999999997
5 0.580055 0.31150500000000003 0.53267 0.19121000000000002
1 0.177805 0.49158999999999997 0.14019 0.60324
4 0.53542 0.377255 0.03357999999999994 0.023070000000000035
5 0.296355 0.324395 0.39081 0.5206500000000001
5 0.25284 0.311225 0.36636 0.56073
5 0.26641 0.35517 0.41432 0.6417200000000001
5 0.4044 0.3614 0.6533800000000001 0.6263599999999999
5 0.41717 0.41139 0.65332 0.65182
5 0.41515 0.43353 0.72652 0.7828
5 0.519535 0.36770499999999995 0.73631 0.43010999999999994
5 0.51491 0.346015 0.8868199999999999 0.62641
5 0.522265 0.36367 0.91613 0.65572
5 0.20670499999999997 0.19404000000000002 0.20942999999999998 0.322
5 0.152145 0.147795 0.05717 0.20953
