4 0.4091796875 0.59130859375 0.025390625 0.2802734375
3 0.53955078125 0.52685546875 0.6455078125 0.6748046875
0 0.15380859375 0.17529296875 0.2333984375 0.1357421875
0 0.09130859375 0.0810546875 0.0927734375 0.037109375
0 0.19140625 0.1328125 0.2109375 0.0703125
0 0.38623046875 0.10888671875 0.7138671875 0.1044921875
0 0.494140625 0.125 0.89453125 0.1328125
0 0.5146484375 0.29931640625 0.880859375 0.3212890625
6 0.25341796875 0.5595703125 0.0966796875 0.611328125
2 0.4853515625 0.103515625 0.923828125 0.15234375
2 0.14892578125 0.158203125 0.2392578125 0.18359375
2 0.0869140625 0.07421875 0.111328125 0.0625
2 0.17919921875 0.11865234375 0.2216796875 0.0478515625
2 0.22265625 0.01708984375 0.390625 0.0087890625
0 0.04248046875 0.2158203125 0.0341796875 0.376953125
0 0.4833984375 0.29443359375 0.904296875 0.4599609375
2 0.49462890625 0.2666015625 0.9384765625 0.470703125
