2 0.40283203125 0.30224609375 0.5517578125 0.1259765625
2 0.21875 0.39794921875 0.28125 0.4013671875
2 0.2109375 0.25537109375 0.296875 0.0771484375
2 0.36279296875 0.50244140625 0.3232421875 0.2958984375
4 0.5439453125 0.728515625 0.650390625 0.46484375
3 0.6025390625 0.73583984375 0.345703125 0.4697265625
2 0.19091796875 0.7392578125 0.1142578125 0.490234375
2 0.130859375 0.54443359375 0.09765625 0.4599609375
2 0.09619140625 0.51171875 0.0302734375 0.40625
2 0.08935546875 0.30859375 0.0126953125 0.34375
2 0.13427734375 0.23974609375 0.1083984375 0.1552734375
2 0.13232421875 0.16552734375 0.0576171875 0.0087890625
2 0.11474609375 0.32373046875 0.1162109375 0.3466796875
2 0.24755859375 0.4990234375 0.2724609375 0.708984375
2 0.28759765625 0.42333984375 0.4775390625 0.6552734375
2 0.28369140625 0.28173828125 0.4306640625 0.2783203125
2 0.2646484375 0.18408203125 0.427734375 0.2001953125
2 0.3134765625 0.2119140625 0.470703125 0.056640625
2 0.28271484375 0.1240234375 0.4052734375 0.009765625
2 0.31298828125 0.29052734375 0.5283203125 0.3349609375
2 0.32275390625 0.36328125 0.5244140625 0.46875
2 0.3603515625 0.3271484375 0.603515625 0.419921875
2 0.1708984375 0.39697265625 0.208984375 0.4853515625
0 0.109375 0.21435546875 0.1328125 0.2216796875
0 0.06396484375 0.2353515625 0.0927734375 0.408203125
0 0.05029296875 0.228515625 0.0732421875 0.41796875
0 0.22314453125 0.271484375 0.4033203125 0.48828125
0 0.1884765625 0.30615234375 0.322265625 0.5771484375
0 0.12109375 0.39990234375 0.1484375 0.7724609375
