1 0.14014 0.6111150000000001 0.14328 0.39159
0 0.48075999999999997 0.30599000000000004 0.7216 0.531
0 0.456855 0.28026500000000004 0.6400699999999999 0.46389
0 0.53363 0.18925999999999998 0.26030000000000003 0.08292000000000002
0 0.44533999999999996 0.3618 0.7399 0.6857800000000001
0 0.39908 0.18137 0.41023999999999994 0.22144000000000003
0 0.305095 0.22906 0.35112999999999994 0.39202
0 0.40232 0.216775 0.5251600000000001 0.39107000000000003
0 0.31927000000000005 0.29209999999999997 0.42296000000000006 0.52456
0 0.36698 0.370235 0.5974200000000001 0.69723
0 0.348885 0.327115 0.49144999999999994 0.54015
0 0.34215500000000004 0.2696 0.37773 0.35368
0 0.37215000000000004 0.248805 0.47826 0.43796999999999997
0 0.37125 0.29280999999999996 0.45996000000000004 0.47679999999999995
0 0.3725 0.271835 0.5100399999999999 0.47756999999999994
