1 0.40584 0.426695 0.68944 0.6327699999999999
0 0.34530000000000005 0.16419999999999998 0.49956000000000006 0.20964
0 0.32703 0.23922500000000002 0.55702 0.40801
0 0.15605 0.378575 0.21044000000000002 0.65025
0 0.14399 0.16647 0.09255999999999999 0.15942
0 0.30062500000000003 0.06732 0.34357 0.046400000000000004
0 0.22469 0.031775 0.28052 0.02329
0 0.20485 0.09018999999999999 0.30456 0.04564
4 0.6858500000000001 0.401965 0.33998000000000006 0.22791000000000006
0 0.2884 0.38211 0.48336 0.66128
0 0.311675 0.41440499999999997 0.5348499999999999 0.74171
0 0.29212499999999997 0.43407 0.52393 0.80696
0 0.330695 0.368945 0.60621 0.68627
0 0.33113000000000004 0.39209499999999997 0.57982 0.71865
0 0.34769500000000003 0.38571 0.63285 0.6912
0 0.36726 0.360315 0.64556 0.64623
0 0.234975 0.253485 0.41445 0.48249000000000003
0 0.240165 0.22336 0.41873 0.41162
0 0.25331 0.2071 0.41912 0.36204000000000003
0 0.29524 0.18885 0.45553999999999994 0.27928000000000003
0 0.286125 0.213255 0.46393000000000006 0.33459
0 0.29294000000000003 0.19819499999999998 0.5071 0.35181
0 0.41648 0.23254 0.7539399999999999 0.42378
0 0.455255 0.298485 0.78723 0.46504999999999996
0 0.382995 0.22018000000000001 0.70123 0.3999
0 0.34789499999999995 0.222715 0.63659 0.42279
0 0.332735 0.219925 0.61035 0.41919
5 0.402445 0.23862 0.7278300000000001 0.42369999999999997
5 0.12244 0.207395 0.1599 0.36446999999999996
5 0.51802 0.19874 0.92138 0.27382
5 0.406975 0.146125 0.71045 0.22571
5 0.3739 0.2589 0.5171600000000001 0.36288
5 0.33511 0.320275 0.16486 0.15099
0 0.21748 0.103645 0.33928 0.16774999999999998
0 0.2281 0.12315000000000001 0.38208000000000003 0.2148
0 0.223465 0.10198 0.36991 0.1742
0 0.400995 0.137435 0.7316499999999999 0.24879
1 0.50759 0.5949 0.29458 0.39008
1 0.4474 0.5304599999999999 0.5182599999999999 0.76804
