2 0.480645 0.31953499999999996 0.8682300000000001 0.43520999999999993
2 0.46028499999999994 0.33422 0.81955 0.57288
2 0.16679 0.35736999999999997 0.18942 0.52342
2 0.2349 0.085985 0.28652 0.03715
5 0.22697499999999998 0.07295499999999999 0.29313 0.06085
4 0.568155 0.500935 0.46335000000000004 0.21037
3 0.286745 0.6186499999999999 0.17353000000000002 0.22934
5 0.08982 0.35324999999999995 0.046259999999999996 0.59812
5 0.16226000000000002 0.341665 0.1986 0.5416099999999999
5 0.18483 0.057104999999999996 0.25688 0.06873
