2 0.4833984375 0.09423828125 0.458984375 0.0576171875
2 0.4912109375 0.2099609375 0.880859375 0.271484375
2 0.47509765625 0.17138671875 0.8212890625 0.2294921875
2 0.50146484375 0.26220703125 0.9052734375 0.3955078125
2 0.2333984375 0.26513671875 0.255859375 0.2373046875
2 0.16162109375 0.03955078125 0.0537109375 0.0185546875
2 0.44287109375 0.62548828125 0.5615234375 0.0986328125
2 0.10400390625 0.59423828125 0.0458984375 0.1923828125
4 0.50634765625 0.59033203125 0.2333984375 0.4267578125
1 0.5537109375 0.5439453125 0.638671875 0.705078125
2 0.50146484375 0.2041015625 0.9755859375 0.330078125
2 0.3642578125 0.43359375 0.580078125 0.53125
2 0.33251953125 0.021484375 0.3798828125 0.01171875
2 0.30908203125 0.04150390625 0.5361328125 0.0087890625
