5 0.34619140625 0.30224609375 0.5244140625 0.4052734375
5 0.28466796875 0.05810546875 0.3232421875 0.0283203125
4 0.5322265625 0.23193359375 0.751953125 0.0947265625
2 0.50537109375 0.1728515625 0.9208984375 0.166015625
2 0.37744140625 0.50732421875 0.6337890625 0.9248046875
2 0.40966796875 0.5078125 0.7529296875 0.9375
0 0.0537109375 0.47607421875 0.044921875 0.8701171875
0 0.05517578125 0.1357421875 0.0830078125 0.208984375
0 0.0146484375 0.16455078125 0.009765625 0.2861328125
0 0.21923828125 0.037109375 0.4033203125 0.03515625
0 0.22265625 0.01513671875 0.4140625 0.0048828125
0 0.27783203125 0.49853515625 0.4892578125 0.9619140625
0 0.22802734375 0.28564453125 0.4443359375 0.5126953125
0 0.30224609375 0.26318359375 0.5849609375 0.4521484375
0 0.31640625 0.26171875 0.59375 0.4765625
0 0.28955078125 0.25634765625 0.5361328125 0.4853515625
0 0.38818359375 0.2060546875 0.7333984375 0.349609375
0 0.1376953125 0.29833984375 0.212890625 0.5615234375
