0 0.0439453125 0.47021484375 0.029296875 0.6787109375
2 0.5205078125 0.45068359375 0.830078125 0.5771484375
2 0.474609375 0.5244140625 0.70703125 0.806640625
1 0.47509765625 0.51123046875 0.6962890625 0.8935546875
2 0.1015625 0.29052734375 0.046875 0.3349609375
2 0.22021484375 0.50537109375 0.3427734375 0.9365234375
3 0.697265625 0.59814453125 0.33984375 0.3310546875
2 0.18017578125 0.13916015625 0.2783203125 0.1962890625
2 0.20751953125 0.17333984375 0.2861328125 0.2412109375
2 0.248046875 0.22705078125 0.37109375 0.3017578125
5 0.20263671875 0.19091796875 0.3623046875 0.3388671875
5 0.2705078125 0.330078125 0.494140625 0.61328125
2 0.3173828125 0.47705078125 0.236328125 0.1611328125
