0 0.46047499999999997 0.318065 0.5419700000000001 0.25215
0 0.26576 0.40272 0.27015999999999996 0.35966
0 0.24214 0.409795 0.16524 0.59073
0 0.31521 0.09081 0.25642 0.06534000000000001
0 0.266735 0.23283 0.21414999999999998 0.23474
0 0.327775 0.35544 0.40769 0.4901
3 0.581345 0.6228 0.06749000000000005 0.15060000000000007
0 0.155945 0.33123 0.09773 0.47634
0 0.140015 0.36072499999999996 0.12233 0.60039
0 0.118055 0.30272 0.03815 0.12126
0 0.158105 0.09922 0.025749999999999995 0.1053
0 0.46619 0.170125 0.556 0.15891
0 0.35982000000000003 0.161485 0.41398 0.24421
0 0.32079 0.15659499999999998 0.33404 0.21755
0 0.49937 0.252835 0.69926 0.36185
2 0.21722000000000002 0.253105 0.052919999999999995 0.29231
0 0.215065 0.25579 0.05563000000000001 0.28862
0 0.32113499999999995 0.244485 0.39082999999999996 0.38373
0 0.27139 0.350825 0.39898 0.62203
0 0.283135 0.290385 0.40403 0.52407
0 0.288975 0.25626 0.39119 0.45868
0 0.21682 0.29112 0.26822 0.52394
0 0.097205 0.40153 0.12844999999999998 0.7116399999999999
0 0.09998 0.37038499999999996 0.12079999999999999 0.69973
2 0.234705 0.39390499999999995 0.17808999999999997 0.60429
2 0.13712000000000002 0.34079499999999996 0.14168 0.62897
2 0.26363 0.39979 0.27212000000000003 0.36162
2 0.323005 0.347325 0.41084999999999994 0.4996499999999999
2 0.457505 0.314995 0.54899 0.25490999999999997
2 0.49778 0.246525 0.7090399999999999 0.37163
2 0.317705 0.14875000000000002 0.34057 0.22764
2 0.32191000000000003 0.24503999999999998 0.39212 0.38146
