6 0.20783 0.5244249999999999 0.13723999999999997 0.37622999999999995
0 0.10159 0.37196 0.10272 0.59852
0 0.087975 0.34015 0.06409000000000001 0.5374
0 0.114 0.32475000000000004 0.14286000000000001 0.50558
0 0.129105 0.31437 0.18897000000000003 0.5132599999999999
3 0.20783 0.5244249999999999 0.13723999999999997 0.37622999999999995
4 0.18734 0.32702 0.02914 0.33468000000000003
7 0.480905 0.41322 0.42573 0.39386
7 0.532975 0.451395 0.69653 0.21011000000000002
7 0.35427 0.18023499999999998 0.32952 0.10083
7 0.454835 0.3812 0.5214300000000001 0.25805999999999996
7 0.103765 0.20425 0.06880999999999998 0.08474000000000001
