2 0.50847 0.117985 0.7885800000000001 0.09438999999999999
2 0.529905 0.195145 0.89261 0.24069
2 0.35008 0.090455 0.25804000000000005 0.05680999999999999
2 0.42874 0.13053 0.44823999999999997 0.05338
2 0.46421 0.15326499999999998 0.6991799999999999 0.14957
4 0.407945 0.35401499999999997 0.03129000000000004 0.031289999999999984
5 0.396695 0.33854 0.64543 0.5837
5 0.45941 0.2826 0.75962 0.45776000000000006
5 0.4729 0.241875 0.7946599999999999 0.40317000000000003
2 0.20863500000000001 0.20209 0.06175 0.13870000000000002
