2 0.36669921875 0.31396484375 0.6669921875 0.4833984375
2 0.46142578125 0.32763671875 0.7314453125 0.4013671875
2 0.40185546875 0.39404296875 0.6513671875 0.5419921875
2 0.4013671875 0.4912109375 0.490234375 0.724609375
2 0.3466796875 0.5234375 0.357421875 0.828125
1 0.53662109375 0.5166015625 0.6943359375 0.775390625
4 0.21630859375 0.3642578125 0.0712890625 0.033203125
0 0.10986328125 0.50390625 0.1376953125 0.96875
0 0.32373046875 0.517578125 0.4716796875 0.87109375
0 0.3544921875 0.47021484375 0.591796875 0.7958984375
0 0.3603515625 0.298828125 0.673828125 0.51171875
0 0.39013671875 0.37353515625 0.7060546875 0.6572265625
