5 0.56689453125 0.21435546875 0.5205078125 0.0361328125
5 0.53955078125 0.3154296875 0.5986328125 0.216796875
5 0.380859375 0.4677734375 0.48828125 0.537109375
5 0.337890625 0.533203125 0.43359375 0.75390625
5 0.13818359375 0.4150390625 0.1474609375 0.666015625
5 0.17236328125 0.41552734375 0.2548828125 0.7412109375
1 0.47216796875 0.51123046875 0.7373046875 0.8857421875
4 0.54248046875 0.4033203125 0.1298828125 0.029296875
5 0.36767578125 0.46923828125 0.6376953125 0.8564453125
5 0.5078125 0.2822265625 0.921875 0.486328125
5 0.35107421875 0.17919921875 0.6044921875 0.2060546875
5 0.31787109375 0.31640625 0.5849609375 0.4765625
5 0.193359375 0.3486328125 0.31640625 0.634765625
5 0.0888671875 0.255859375 0.091796875 0.43359375
5 0.02978515625 0.16796875 0.0068359375 0.265625
5 0.31005859375 0.078125 0.5146484375 0.0078125
5 0.2666015625 0.357421875 0.478515625 0.66796875
5 0.31298828125 0.3828125 0.5205078125 0.6796875
5 0.28662109375 0.51171875 0.4443359375 0.890625
