4 0.501953125 0.41943359375 0.30078125 0.0556640625
2 0.25390625 0.2568359375 0.34375 0.310546875
0 0.251953125 0.25732421875 0.34765625 0.3154296875
0 0.09228515625 0.03466796875 0.1494140625 0.0263671875
2 0.0927734375 0.03369140625 0.146484375 0.0322265625
2 0.2158203125 0.05322265625 0.376953125 0.0556640625
2 0.1982421875 0.08251953125 0.349609375 0.0986328125
2 0.2255859375 0.1005859375 0.412109375 0.146484375
0 0.21533203125 0.0537109375 0.3798828125 0.052734375
0 0.197265625 0.08251953125 0.34765625 0.0986328125
0 0.2255859375 0.1005859375 0.412109375 0.146484375
0 0.1875 0.17333984375 0.34375 0.3193359375
0 0.18603515625 0.22412109375 0.3291015625 0.3896484375
0 0.11865234375 0.1376953125 0.1943359375 0.228515625
0 0.005859375 0.1298828125 0.00390625 0.212890625
0 0.1435546875 0.40625 0.130859375 0.09375
0 0.1708984375 0.3359375 0.208984375 0.4765625
0 0.1845703125 0.341796875 0.244140625 0.62109375
0 0.16796875 0.22021484375 0.2890625 0.3349609375
0 0.0712890625 0.50634765625 0.044921875 0.6806640625
