3 0.7000850000000001 0.61527 0.31660999999999995 0.23349999999999999
5 0.551745 0.28353 0.56677 0.16996
5 0.24101499999999998 0.54575 0.14883 0.51168
5 0.46192 0.4867 0.5781000000000001 0.5709599999999999
4 0.53455 0.370995 0.00653999999999999 0.10485
5 0.10935 0.146725 0.15654 0.16101
5 0.08834 0.13781500000000002 0.08374 0.11949000000000001
5 0.06883500000000001 0.19445500000000002 0.038630000000000005 0.21737
5 0.51257 0.350885 0.79856 0.38566999999999996
5 0.426405 0.23663 0.66009 0.31601999999999997
5 0.29877000000000004 0.13828000000000001 0.50452 0.07196
5 0.40027 0.123445 0.69356 0.08224999999999999
2 0.25199 0.3714 0.43623999999999996 0.59264
2 0.207525 0.477885 0.27487 0.59571
