2 0.46728 0.31752 0.53496 0.33046
2 0.59863 0.41757500000000003 0.33644 0.13099
2 0.332595 0.21114 0.08295000000000002 0.06568000000000002
2 0.39318 0.2616 0.2542 0.1438
2 0.26237 0.470675 0.41916 0.80221
2 0.36572000000000005 0.507485 0.48644000000000004 0.74275
2 0.26639 0.5080250000000001 0.41712 0.89617
2 0.24260500000000002 0.51265 0.24139 0.8577400000000001
2 0.13673 0.38231 0.15338 0.6641199999999999
2 0.147575 0.41486999999999996 0.14903 0.71736
2 0.16658499999999998 0.454775 0.21930999999999998 0.77421
2 0.217 0.452335 0.29692 0.7846099999999999
2 0.14938 0.48127000000000003 0.13518 0.79184
2 0.086795 0.38524 0.07327 0.6973
2 0.105375 0.41981 0.12314999999999998 0.74716
2 0.096605 0.31992000000000004 0.07817 0.49290000000000006
2 0.44825 0.48983499999999996 0.81516 0.87949
2 0.42596 0.4373 0.76464 0.75888
2 0.418615 0.49877 0.62729 0.78378
2 0.23254 0.342975 0.36279999999999996 0.57401
2 0.322265 0.280815 0.57107 0.46546999999999994
5 0.114185 0.5148550000000001 0.05046999999999999 0.85113
5 0.10699 0.45471 0.02632000000000001 0.75402
5 0.081485 0.43558 0.04767 0.44128
5 0.092395 0.250595 0.055110000000000006 0.30377
