5 0.52978515625 0.33154296875 0.7744140625 0.0283203125
5 0.505859375 0.24365234375 0.52734375 0.1630859375
5 0.4638671875 0.49365234375 0.724609375 0.7724609375
5 0.23876953125 0.466796875 0.3173828125 0.74609375
5 0.36962890625 0.5146484375 0.5869140625 0.654296875
5 0.072265625 0.12646484375 0.04296875 0.1552734375
5 0.0654296875 0.08056640625 0.052734375 0.0634765625
2 0.06591796875 0.0810546875 0.0498046875 0.044921875
2 0.0712890625 0.13623046875 0.041015625 0.1357421875
5 0.138671875 0.30615234375 0.22265625 0.5537109375
5 0.06884765625 0.25732421875 0.0634765625 0.4404296875
5 0.03271484375 0.2861328125 0.0009765625 0.509765625
5 0.0517578125 0.302734375 0.048828125 0.54296875
5 0.4384765625 0.3310546875 0.814453125 0.615234375
5 0.3974609375 0.33447265625 0.708984375 0.6025390625
5 0.404296875 0.3525390625 0.70703125 0.642578125
5 0.23388671875 0.3681640625 0.3935546875 0.666015625
5 0.2568359375 0.3564453125 0.443359375 0.642578125
5 0.2998046875 0.322265625 0.537109375 0.58203125
5 0.31591796875 0.3125 0.5732421875 0.5625
5 0.31005859375 0.28076171875 0.5537109375 0.5185546875
5 0.41943359375 0.11083984375 0.6083984375 0.0556640625
5 0.44189453125 0.1318359375 0.7861328125 0.123046875
5 0.51123046875 0.2939453125 0.9169921875 0.470703125
2 0.45458984375 0.47265625 0.7568359375 0.796875
2 0.46923828125 0.5068359375 0.8095703125 0.904296875
2 0.22900390625 0.44873046875 0.3291015625 0.7841796875
2 0.15380859375 0.478515625 0.2099609375 0.87109375
2 0.35888671875 0.4296875 0.6044921875 0.71875
2 0.4365234375 0.51171875 0.701171875 0.90625
2 0.02783203125 0.103515625 0.0126953125 0.16796875
2 0.11767578125 0.505859375 0.1220703125 0.94140625
5 0.02978515625 0.12158203125 0.0087890625 0.1845703125
5 0.27490234375 0.06298828125 0.4287109375 0.0048828125
5 0.48046875 0.333984375 0.890625 0.58984375
4 0.39501953125 0.2900390625 0.3095703125 0.189453125
