2 0.241085 0.27687 0.20221 0.43620000000000003
2 0.19585 0.281115 0.15987999999999997 0.46485
2 0.207445 0.31475000000000003 0.18881 0.52686
2 0.164445 0.35165 0.14334999999999998 0.56742
2 0.208065 0.33492 0.20794999999999997 0.57908
2 0.36373 0.382015 0.49340000000000006 0.55175
6 0.256315 0.45989500000000005 0.18328999999999998 0.33487000000000006
1 0.275995 0.12331500000000001 0.08509 0.08209000000000001
3 0.25327 0.46042000000000005 0.17915999999999999 0.33314000000000005
4 0.33026 0.23177999999999999 0.35309999999999997 0.3567
2 0.33725499999999997 0.23218999999999998 0.38911 0.3422
2 0.486185 0.44414000000000003 0.82911 0.79482
2 0.28395 0.457715 0.34208 0.7294499999999999
2 0.175925 0.28596499999999997 0.14515 0.48740999999999995
