2 0.295685 0.49770000000000003 0.37935 0.59978
2 0.295625 0.39137 0.46445000000000003 0.43650000000000005
2 0.242705 0.378805 0.37875000000000003 0.40885000000000005
2 0.257765 0.40523 0.42283 0.49863999999999997
2 0.162215 0.47073 0.09319 0.27814
2 0.12866 0.37207500000000004 0.11978 0.23591
2 0.16525499999999999 0.26045 0.05439000000000002 0.02966000000000002
2 0.28252 0.18208000000000002 0.39534 0.13136
0 0.16309 0.59119 0.18184 0.62432
5 0.307235 0.435635 0.51161 0.5583899999999999
5 0.33333999999999997 0.42231 0.59734 0.6123999999999999
1 0.470005 0.54237 0.6282300000000001 0.69974
4 0.5106850000000001 0.504285 0.07307000000000002 0.07252999999999998
6 0.377075 0.58576 0.17823 0.48038
2 0.132705 0.354885 0.010330000000000006 0.03559000000000001
2 0.14258 0.54171 0.2163 0.62114
2 0.26964 0.341435 0.3296 0.34465
