5 0.515011119347665 0.41102873030583875 0.8269088213491476 0.4921223354958295
1 0.5389177168272795 0.4939759036144578 0.7309117865085248 0.32808155699721964
1 0.5598591549295775 0.5451807228915663 0.4955522609340251 0.7066728452270621
5 0.3999258710155671 0.43118628359592215 0.6842105263157894 0.6936978683966635
5 0.32987398072646407 0.4295644114921223 0.6123054114158636 0.7924003707136238
0 0.32876204595997033 0.43025949953660797 0.6189770200148258 0.8067655236329935
0 0.353409933283914 0.42655236329935126 0.6608598962194219 0.7882298424467099
0 0.32616753150481836 0.4608433734939759 0.5782060785767236 0.8568118628359592
0 0.3215344699777613 0.4724281742354032 0.600074128984433 0.8948100092678406
0 0.2796515937731653 0.5085727525486562 0.46886582653817643 0.9003707136237258
0 0.24481097108969607 0.3781278962001854 0.399184581171238 0.6672845227062094
0 0.24258710155670868 0.32391102873030586 0.40066716085989623 0.5477293790546802
0 0.20441067457375836 0.3243744207599629 0.3510007412898443 0.5708989805375349
0 0.17457375833951075 0.35912882298424464 0.28687916975537436 0.6663577386468953
0 0.17364714603409934 0.37279888785912885 0.30429948109710897 0.6844300278035218
0 0.0352112676056338 0.2822057460611678 0.009636767976278719 0.4828544949026876
0 0.02446256486286138 0.3229842446709917 0.010378057820607856 0.5607043558850787
0 0.03836174944403262 0.3704819277108434 0.03076352853965901 0.6723818350324374
0 0.18328391401037805 0.37720111214087115 0.33543365455893254 0.706209453197405
0 0.1842105263157895 0.39295644114921224 0.3446997776130467 0.7377201112140872
0 0.19792438843587842 0.3816033364226135 0.357301704966642 0.7020389249304911
5 0.44514455151964416 0.39874884151992585 0.8131949592290586 0.6621872103799815
5 0.4796145292809489 0.4087117701575533 0.8673091178650852 0.6950880444856348
5 0.4154929577464789 0.1737720111214087 0.7598220904373609 0.24374420759962928
5 0.19644180874722014 0.0778498609823911 0.3217197924388436 0.05931417979610751
5 0.25741289844329135 0.04077849860982391 0.382876204595997 0.02594995366079704
5 0.14881393624907338 0.022242817423540315 0.1508524833209785 0.011121408711770156
5 0.1024833209785026 0.038461538461538464 0.1412157153446998 0.021316033364226133
5 0.1451074870274277 0.06487488415199259 0.22942920681986656 0.04077849860982391
0 0.5109340252038548 0.3255329008341057 0.8839881393624909 0.45644114921223355
0 0.4955522609340252 0.37465245597775715 0.9110452186805041 0.6214087117701576
1 0.48647146034099337 0.2703892493049119 0.7016308376575241 0.03846153846153855
5 0.20589325426241661 0.11561631139944394 0.06708673091178652 0.037534754402224285
5 0.23776871756856932 0.1350787766450417 0.23684210526315785 0.034754402224281736
5 0.2998517420311342 0.24976830398517147 0.279466271312083 0.07321594068582016
5 0.09191994069681245 0.14874884151992585 0.056338028169014065 0.0973123262279889
5 0.11415863602668644 0.21501390176088972 0.08005930318754634 0.25208526413345694
5 0.23925129725722757 0.28985171455050973 0.2872498146775389 0.4036144578313253
5 0.3106004447739066 0.32854494902687675 0.36323202372127505 0.3012048192771084
5 0.3124536693847294 0.39735866543095455 0.48554484803558196 0.49258572752548657
5 0.3313565604151223 0.5509731232622799 0.34840622683469236 0.6793327154772939
5 0.3623054114158636 0.5125115848007414 0.5659747961452928 0.9063948100092678
5 0.39714603409933286 0.45759962928637626 0.6979243884358785 0.7835959221501391
0 0.40289103039288365 0.15778498609823913 0.7790956263899185 0.27293790546802593
0 0.43773165307635287 0.38878591288229847 0.8250555967383246 0.6737720111214087
0 0.4570051890289103 0.3544949026876738 0.8724981467753892 0.6126042632066728
0 0.4651593773165308 0.3225208526413346 0.8888065233506302 0.5597775718257646
0 0.4512601927353595 0.42377201112140866 0.7646404744255003 0.7085264133456904
0 0.3884358784284655 0.4154309545875811 0.7234988880652335 0.7326227988878592
0 0.38621200889547813 0.4346617238183503 0.7220163083765752 0.798887859128823
0 0.36286137879911046 0.015291936978683966 0.6842105263157895 0.0064874884151992565
0 0.3167160859896219 0.25324374420759965 0.5815418828762046 0.42678405931417984
4 0.4060415122312824 0.6992585727525487 0.2687175685693106 0.20667284522706209
0 0.1873610081541883 0.06510658016682114 0.343587842846553 0.0838739573679333
0 0.13936249073387696 0.05491195551436515 0.25500370644922166 0.08202038924930492
0 0.0924759080800593 0.03290083410565338 0.15381764269829504 0.028730305838739575
0 0.11730911786508524 0.013206672845227061 0.20051890289103041 0.00880444856348471
