0 0.417555 0.10841500000000001 0.13778999999999997 0.06339000000000002
2 0.22287 0.338655 0.10226000000000002 0.23955
2 0.57303 0.55641 0.17228000000000004 0.5621400000000001
4 0.56752 0.70495 0.11004000000000003 0.3558
2 0.228145 0.19904 0.03880999999999998 0.024660000000000015
2 0.351605 0.086885 0.03141000000000005 0.034030000000000005
2 0.166905 0.42245499999999997 0.14451000000000003 0.38188999999999995
2 0.286715 0.29119 0.17864999999999998 0.13778
2 0.31635 0.325915 0.36596 0.33819
2 0.314975 0.36438499999999996 0.43250999999999995 0.52945
2 0.313 0.205395 0.27174 0.23611000000000001
2 0.4507 0.183075 0.41403999999999996 0.12897
2 0.503125 0.3933 0.76493 0.6433599999999999
3 0.46355500000000005 0.29786999999999997 0.65601 0.5423
3 0.5665899999999999 0.69853 0.10770000000000002 0.26438000000000006
2 0.17104999999999998 0.33407 0.06617999999999999 0.1516
2 0.18916 0.42057 0.24544 0.6735599999999999
