2 0.428095 0.431775 0.61713 0.42061
2 0.484595 0.342085 0.7403299999999999 0.43631
2 0.398335 0.441865 0.6353500000000001 0.74765
2 0.37382000000000004 0.48079 0.5385 0.74866
2 0.36329999999999996 0.50537 0.41672 0.8186
2 0.15650999999999998 0.46964999999999996 0.20137999999999998 0.88722
1 0.539425 0.5331049999999999 0.68307 0.74885
4 0.289225 0.36817 0.10173000000000001 0.012700000000000045
0 0.39324499999999996 0.311485 0.66937 0.5209699999999999
0 0.41052 0.39588500000000004 0.7022200000000001 0.59473
0 0.358125 0.45767 0.56979 0.77996
0 0.328725 0.468695 0.5687099999999999 0.86711
0 0.31229 0.49402999999999997 0.4667 0.86056
0 0.145915 0.467705 0.21615 0.89397
