5 0.53662109375 0.34130859375 0.7099609375 0.0380859375
5 0.4072265625 0.4033203125 0.595703125 0.564453125
5 0.400390625 0.5439453125 0.52734375 0.673828125
5 0.21533203125 0.44189453125 0.1455078125 0.5751953125
4 0.4892578125 0.353515625 0.095703125 0.05859375
5 0.2490234375 0.3212890625 0.380859375 0.580078125
5 0.21728515625 0.376953125 0.3837890625 0.70703125
5 0.1923828125 0.32763671875 0.345703125 0.6201171875
5 0.123046875 0.21337890625 0.17578125 0.3525390625
5 0.5048828125 0.3046875 0.908203125 0.515625
5 0.412109375 0.42822265625 0.73046875 0.7978515625
0 0.08642578125 0.51318359375 0.0107421875 0.7412109375
1 0.455078125 0.521484375 0.51953125 0.84765625
