0 0.22422999999999998 0.24274500000000002 0.23838 0.41785
0 0.19200499999999998 0.21561 0.21755 0.39214
0 0.092475 0.33626 0.08041 0.55884
0 0.14732 0.277505 0.13594 0.44267
0 0.15315 0.33451 0.20874000000000004 0.61198
5 0.31959 0.44553000000000004 0.55716 0.81076
5 0.31254 0.27692500000000003 0.47222 0.49093000000000003
5 0.41875 0.35522 0.7137600000000001 0.64856
5 0.48696500000000004 0.44398 0.89163 0.8186399999999999
5 0.382035 0.0725 0.44967 0.09478
5 0.33482 0.06104 0.37012 0.07798
5 0.13968999999999998 0.094965 0.050079999999999986 0.14137
5 0.19780999999999999 0.236675 0.20796 0.40563
5 0.147645 0.276385 0.14117000000000002 0.45041
5 0.28419500000000003 0.392905 0.40689000000000003 0.64413
5 0.18664 0.34056 0.26808000000000004 0.62564
5 0.22434 0.28167 0.29412 0.49482
5 0.21921000000000002 0.448325 0.35658 0.84101
4 0.31707 0.12298500000000001 0.1491 0.08071000000000002
1 0.4994 0.551225 0.5437 0.57765
4 0.19422 0.26955 0.09820000000000001 0.35531999999999997
