0 0.29686999999999997 0.144195 0.26256 0.20149
0 0.31687 0.17803 0.30082 0.25701999999999997
0 0.34583 0.23148 0.35712 0.3121
0 0.13333499999999998 0.391605 0.14905 0.55925
2 0.52583 0.46353999999999995 0.7837799999999999 0.62402
2 0.474775 0.51524 0.7256900000000001 0.7886
1 0.47760500000000006 0.504575 0.73295 0.85755
2 0.21348499999999998 0.2556 0.10001000000000002 0.28198
2 0.270695 0.452795 0.45239 0.82743
3 0.354815 0.508655 0.15463 0.08862999999999999
2 0.35729 0.47362 0.18491999999999997 0.11892000000000003
