4 0.306655 0.3892 0.18047000000000002 0.24784
0 0.44849 0.3499 0.78944 0.6144799999999999
0 0.45798 0.39247 0.7796200000000001 0.65202
0 0.45997 0.312295 0.8109200000000001 0.5715699999999999
0 0.486125 0.3539 0.84441 0.61022
5 0.51435 0.38005500000000003 0.88956 0.61317
0 0.089905 0.366375 0.10058999999999998 0.68703
0 0.10003000000000001 0.450175 0.10918 0.66995
0 0.11672 0.441145 0.16388 0.8135699999999999
0 0.176675 0.122145 0.20366999999999996 0.20919
0 0.16984500000000002 0.059445 0.16801000000000002 0.08216999999999999
0 0.17713 0.06679 0.19377999999999998 0.10608000000000001
0 0.185855 0.100575 0.21975 0.17003000000000001
0 0.12041 0.30722499999999997 0.17094 0.59057
4 0.125305 0.29689 0.11653000000000001 0.45385999999999993
1 0.5319 0.55847 0.32114000000000004 0.59042
