0 0.201525 0.17325 0.34565 0.12174
0 0.18045 0.169965 0.32352000000000003 0.13005
0 0.189415 0.207475 0.32726999999999995 0.19961
0 0.19361499999999998 0.130885 0.29103 0.05951000000000001
0 0.13285 0.17725000000000002 0.16148 0.08837999999999999
0 0.09834499999999999 0.18183 0.15931 0.10632
0 0.07374 0.152295 0.10877999999999999 0.022070000000000006
0 0.06750500000000001 0.168515 0.09885000000000001 0.04879
0 0.164425 0.5715749999999999 0.10386999999999999 0.73253
0 0.168135 0.55245 0.27895 0.86612
0 0.32685 0.31138499999999997 0.60452 0.47686999999999996
0 0.30793 0.107015 0.5669799999999999 0.08511
0 0.30837499999999995 0.12145 0.55491 0.0909
0 0.310275 0.13507 0.56645 0.12906
0 0.300085 0.15288 0.56123 0.1759
0 0.31144 0.188615 0.55858 0.19893
0 0.1315 0.342475 0.15410000000000001 0.38877
0 0.13619 0.279095 0.21734 0.28725
0 0.150145 0.195585 0.25750999999999996 0.16174999999999998
0 0.12879000000000002 0.31754 0.18288000000000001 0.21681999999999998
1 0.170205 0.613225 0.09281 0.14311000000000007
5 0.14003500000000002 0.269755 0.16933 0.09031000000000003
5 0.15598 0.31688 0.19430000000000003 0.24068
5 0.18035 0.320505 0.27368000000000003 0.35329
5 0.114735 0.34448999999999996 0.044829999999999995 0.17543999999999998
5 0.24901500000000001 0.148005 0.45373 0.12387
5 0.200495 0.13112000000000001 0.36599 0.0632
5 0.232445 0.126705 0.39635 0.07037
5 0.268695 0.25034500000000004 0.48891 0.31895
5 0.306405 0.26042 0.55655 0.36204000000000003
0 0.24026999999999998 0.35678 0.33446 0.42711999999999994
0 0.155715 0.31426 0.26503 0.30762
4 0.55032 0.5699350000000001 0.67994 0.46555
0 0.16226 0.29943000000000003 0.29202 0.37974
0 0.060934999999999996 0.18315 0.08649 0.0942
5 0.078695 0.32559499999999997 0.014649999999999996 0.019570000000000032
0 0.072425 0.270745 0.10255 0.26827
5 0.19668 0.3159 0.31517999999999996 0.38824000000000003
5 0.19804 0.231555 0.3496 0.24885000000000002
0 0.192255 0.223605 0.35839 0.26003
0 0.220165 0.14748 0.41674999999999995 0.12685999999999997
5 0.245035 0.35977 0.31769000000000003 0.41279999999999994
5 0.29307500000000003 0.3804 0.53395 0.58804
5 0.25081 0.21106 0.46104 0.24472
