1 0.5595703125 0.53515625 0.619140625 0.7421875
2 0.517578125 0.13916015625 0.74609375 0.0712890625
4 0.23291015625 0.2470703125 0.1103515625 0.041015625
2 0.41845703125 0.3359375 0.7392578125 0.5390625
3 0.7431640625 0.7431640625 0.490234375 0.490234375
5 0.04541015625 0.34716796875 0.0244140625 0.6279296875
5 0.26904296875 0.421875 0.4716796875 0.7734375
5 0.31787109375 0.416015625 0.5771484375 0.76171875
5 0.396484375 0.3994140625 0.70703125 0.697265625
5 0.36181640625 0.431640625 0.6337890625 0.79296875
