0 0.26706 0.098245 0.41562 0.10735
0 0.31542 0.134845 0.45826 0.09611
0 0.358025 0.167885 0.47341 0.16171
0 0.28098 0.16457 0.45920000000000005 0.17744000000000001
0 0.247445 0.13249 0.41745000000000004 0.1968
0 0.23550500000000002 0.18248999999999999 0.37005 0.22406
0 0.284745 0.06057 0.40867000000000003 0.03436
0 0.45830499999999996 0.0759 0.72461 0.06402000000000001
0 0.42069500000000004 0.09181 0.73949 0.09861999999999999
0 0.42832499999999996 0.07450999999999999 0.75085 0.0855
0 0.394795 0.122035 0.64347 0.07495000000000002
0 0.13186 0.1725 0.15858 0.2399
0 0.045675 0.100305 0.007169999999999996 0.11971
5 0.61137 0.23069 0.12350000000000005 0.10583999999999996
5 0.32758 0.082595 0.30060000000000003 0.043550000000000005
1 0.59195 0.592615 0.30946 0.42251
1 0.33281 0.54649 0.32372 0.6578999999999999
5 0.12746000000000002 0.20991500000000002 0.14096 0.30179
0 0.10975 0.186425 0.17248 0.35039
0 0.100665 0.19491 0.16531 0.37308
0 0.115285 0.17378000000000002 0.18405 0.33054
0 0.11207 0.259815 0.17256 0.47887
5 0.30358 0.304265 0.42658000000000007 0.50075
5 0.51337 0.157905 0.94038 0.24013
