5 0.20512999999999998 0.359105 0.12265999999999996 0.28285000000000005
5 0.17089500000000002 0.2901 0.26405 0.33258
5 0.0681 0.31233500000000003 0.07012 0.33635
5 0.17842 0.379385 0.10955999999999999 0.42543
5 0.06524 0.430525 0.06436 0.5095500000000001
5 0.20157 0.401105 0.30285999999999996 0.5392899999999999
5 0.33782 0.399545 0.31816 0.53137
5 0.35705499999999996 0.42214999999999997 0.54045 0.54204
5 0.41557 0.507745 0.6615200000000001 0.6569100000000001
5 0.32879 0.28217 0.58562 0.41312
5 0.349165 0.2957 0.62949 0.40582
5 0.354245 0.349745 0.47311 0.42391
5 0.37933999999999996 0.256915 0.67328 0.38954999999999995
5 0.325365 0.21691 0.59277 0.28856000000000004
5 0.36053 0.214725 0.62934 0.28729000000000005
5 0.47465999999999997 0.22207500000000002 0.47292 0.15999
0 0.217205 0.111765 0.33661 0.057529999999999984
0 0.22622499999999998 0.10984000000000001 0.41009 0.055040000000000006
0 0.26278 0.122035 0.41832 0.051949999999999996
0 0.25194 0.12709 0.46062000000000003 0.09048
0 0.24165999999999999 0.138725 0.4417 0.11180999999999999
0 0.248525 0.16263 0.45009 0.16292
0 0.23197500000000001 0.149255 0.41287 0.12827
0 0.23857499999999998 0.18233500000000002 0.39737 0.17811000000000002
0 0.213975 0.165985 0.36828999999999995 0.08295000000000001
0 0.19258 0.183545 0.31734 0.17125
0 0.21725999999999998 0.194685 0.34608 0.16985000000000003
0 0.22632 0.20959 0.38794 0.21118000000000003
0 0.09346 0.18559 0.10862000000000002 0.08404
0 0.05358 0.177125 0.055260000000000004 0.10363
0 0.038625 0.27725 0.03061 0.1939
0 0.144925 0.31299 0.18725000000000003 0.34404
0 0.158155 0.31367 0.27071 0.41566
0 0.169825 0.283575 0.26713 0.33295
0 0.147755 0.330105 0.23549 0.43297
0 0.172165 0.33192499999999997 0.28254999999999997 0.45944999999999997
0 0.06241 0.3045 0.08170000000000001 0.34874000000000005
0 0.27528 0.37304000000000004 0.49782000000000004 0.58412
0 0.17609 0.37842000000000003 0.32717999999999997 0.56994
0 0.190545 0.38954999999999995 0.35335 0.59836
0 0.33616999999999997 0.125185 0.60412 0.13721
0 0.340005 0.13574 0.6434899999999999 0.1652
0 0.356115 0.15207 0.65453 0.16327999999999998
0 0.373305 0.150405 0.69415 0.19823
0 0.387325 0.11524000000000001 0.65285 0.08692000000000001
0 0.3492 0.51808 0.6446999999999999 0.8923000000000001
0 0.35800000000000004 0.51972 0.67894 0.93596
5 0.349455 0.5190899999999999 0.64617 0.88962
5 0.3619 0.5206999999999999 0.6717599999999999 0.92328
5 0.26442 0.46622 0.18532 0.44601999999999997
5 0.39429000000000003 0.465015 0.21794000000000002 0.47848999999999997
5 0.48987499999999995 0.56898 0.44156999999999996 0.5170199999999999
4 0.44934999999999997 0.546675 0.17147999999999997 0.6443099999999999
4 0.25211 0.564775 0.14973999999999998 0.65633
