2 0.29962 0.16949 0.18045999999999998 0.07068000000000002
2 0.292545 0.17387 0.49199000000000004 0.15589999999999998
2 0.09482499999999999 0.40129 0.09081 0.31374
2 0.11291999999999999 0.40715500000000004 0.15342 0.36059
2 0.122035 0.49017499999999997 0.13824999999999998 0.49009
2 0.12772999999999998 0.5220899999999999 0.17995999999999998 0.57346
2 0.07194 0.36533000000000004 0.08532 0.25084
2 0.113235 0.348445 0.13983 0.23834999999999998
1 0.490205 0.5311250000000001 0.6125499999999999 0.73697
4 0.497725 0.41019 0.10544999999999999 0.09194000000000002
0 0.49049000000000004 0.449295 0.92064 0.8041100000000001
