4 0.5517799999999999 0.44991499999999995 0.33848 0.30641
4 0.224125 0.2894 0.31027 0.14658000000000002
5 0.655535 0.5469849999999999 0.04966999999999999 0.16102999999999995
5 0.44295500000000004 0.48882 0.69067 0.71884
5 0.31265499999999996 0.48323499999999997 0.52459 0.64411
5 0.32497 0.48229500000000003 0.55968 0.6597299999999999
5 0.338075 0.50707 0.5350900000000001 0.6782999999999999
5 0.324415 0.55635 0.47827 0.7411399999999999
5 0.46651499999999996 0.41858500000000004 0.68545 0.58831
5 0.490655 0.41669 0.79445 0.59856
5 0.51483 0.494915 0.73586 0.65245
0 0.37945999999999996 0.23863499999999999 0.69426 0.32525000000000004
1 0.5360050000000001 0.516845 0.36393 0.63913
