2 0.42423 0.20971 0.6469199999999999 0.24683999999999998
2 0.10602500000000001 0.323065 0.02291 0.021569999999999978
2 0.49301 0.525095 0.60238 0.74141
2 0.2933 0.58431 0.31387999999999994 0.70662
2 0.44312 0.42727499999999996 0.8290799999999999 0.73607
2 0.085825 0.38532500000000003 0.13131 0.21378999999999998
2 0.23138 0.32072 0.42692 0.3035
2 0.21801500000000001 0.333745 0.39569 0.30772999999999995
2 0.27490499999999995 0.569055 0.50773 0.75927
2 0.27192 0.43134 0.50358 0.53004
2 0.139095 0.47806499999999996 0.25389 0.44981
2 0.21892999999999999 0.58345 0.37882 0.69838
2 0.13968000000000003 0.355585 0.24700000000000003 0.24914999999999998
