2 0.41650390625 0.48193359375 0.7275390625 0.7177734375
2 0.4208984375 0.38671875 0.693359375 0.6875
2 0.51904296875 0.29248046875 0.8466796875 0.3701171875
2 0.501953125 0.36376953125 0.88671875 0.5517578125
2 0.443359375 0.3125 0.84765625 0.2421875
2 0.4697265625 0.10107421875 0.845703125 0.1123046875
2 0.10888671875 0.09912109375 0.1513671875 0.1162109375
2 0.05419921875 0.0927734375 0.0498046875 0.099609375
5 0.25927734375 0.44384765625 0.4521484375 0.7978515625
4 0.6025390625 0.572265625 0.271484375 0.30859375
