5 0.145335 0.42675 0.08401 0.65162
5 0.311845 0.41307 0.40159 0.6808599999999999
5 0.278445 0.46408000000000005 0.42803 0.82148
5 0.39829 0.42960499999999996 0.66576 0.74297
5 0.427145 0.48872000000000004 0.6539299999999999 0.86422
5 0.310305 0.294715 0.38228999999999996 0.47839
5 0.264395 0.223255 0.29873000000000005 0.32749
5 0.41968999999999995 0.3078 0.68738 0.49764
5 0.447305 0.3813 0.5811499999999999 0.5179
5 0.12965 0.073905 0.049199999999999994 0.06315000000000001
0 0.147335 0.23079500000000003 0.030469999999999997 0.04279000000000002
0 0.310565 0.18694 0.15275 0.09442
0 0.454805 0.28411 0.65517 0.23872
0 0.30993000000000004 0.36715 0.47102000000000005 0.58602
5 0.380575 0.25731 0.38250999999999996 0.35704
0 0.22294 0.06883500000000001 0.03360000000000002 0.03771000000000001
0 0.31271499999999997 0.146355 0.38682999999999995 0.06647
0 0.55614 0.17556 0.739 0.14512000000000003
0 0.54548 0.204535 0.43022 0.14518999999999999
0 0.415205 0.20776 0.52185 0.07994000000000001
0 0.37051 0.1432 0.41389999999999993 0.10094
0 0.33315 0.1667 0.44902000000000003 0.23874
0 0.28025 0.18658 0.31862 0.26852000000000004
0 0.21273 0.422615 0.2152 0.39343000000000006
0 0.26875 0.37718 0.28093999999999997 0.50354
0 0.147875 0.38167500000000004 0.11817000000000001 0.45823
0 0.137275 0.368075 0.07143000000000001 0.55771
0 0.26515 0.497355 0.29678000000000004 0.82083
0 0.47179499999999996 0.50662 0.81125 0.88764
0 0.42468999999999996 0.42283000000000004 0.79784 0.81508
0 0.43545 0.43462999999999996 0.81464 0.82368
0 0.45616 0.37844 0.8129200000000001 0.5665
0 0.444425 0.36746 0.79005 0.6734
0 0.455365 0.39287 0.82453 0.73172
0 0.5353450000000001 0.22222999999999998 0.85479 0.25598
0 0.507105 0.2293 0.84767 0.34907999999999995
0 0.50495 0.25945999999999997 0.88114 0.43676
0 0.52299 0.30223999999999995 0.9020199999999999 0.43051999999999996
0 0.51043 0.36366000000000004 0.87588 0.4586
0 0.47103500000000004 0.426385 0.84933 0.63659
0 0.49462 0.363195 0.8715400000000001 0.64565
0 0.419985 0.22583999999999999 0.60245 0.2895
0 0.175415 0.298905 0.10643 0.06453000000000003
0 0.143575 0.21144500000000002 0.13655 0.27865
0 0.192855 0.22296 0.19333 0.3264
0 0.20881499999999997 0.11699000000000001 0.19166999999999998 0.11118
0 0.23249 0.17837 0.22064 0.19846000000000003
0 0.177985 0.40013499999999996 0.29037 0.73639
0 0.200275 0.37805 0.34749 0.7261599999999999
5 0.24750999999999998 0.39754 0.3675 0.7511000000000001
5 0.253245 0.37312 0.34070999999999996 0.6889799999999999
5 0.193645 0.48618999999999996 0.18363 0.83336
5 0.38827500000000004 0.25209 0.58917 0.3526
5 0.251095 0.2828 0.38489 0.5187799999999999
5 0.26175499999999996 0.22756 0.39053 0.4086
5 0.30968 0.2548 0.39626 0.4439
0 0.453995 0.183485 0.68321 0.24293
0 0.44745 0.27487 0.6937 0.45714
0 0.44992499999999996 0.29863999999999996 0.67921 0.51656
0 0.44802000000000003 0.320665 0.74744 0.56263
0 0.39688 0.30447 0.6508 0.55962
0 0.39832 0.37163 0.67144 0.5507
0 0.38166 0.354785 0.64998 0.63273
0 0.269955 0.28987 0.42435 0.49006000000000005
0 0.293 0.280085 0.47495999999999994 0.52835
0 0.264955 0.21152500000000002 0.31157 0.36251
0 0.26659 0.44403 0.49032000000000003 0.86078
0 0.11699999999999999 0.40346499999999996 0.13134 0.69319
0 0.521475 0.48736500000000005 0.83501 0.72905
0 0.514985 0.40527 0.91847 0.68272
0 0.489815 0.41351 0.9129499999999999 0.7634599999999999
