5 0.20514 0.456575 0.19464 0.5112500000000001
5 0.207625 0.076235 0.24997000000000003 0.048209999999999996
5 0.22498500000000002 0.10682 0.21747 0.08936
5 0.21484499999999998 0.14537 0.23967 0.14600000000000002
5 0.162245 0.181795 0.18429 0.23715000000000003
5 0.16042 0.142735 0.22970000000000002 0.22509
5 0.17319 0.140885 0.25695999999999997 0.23893000000000003
5 0.183585 0.15354500000000001 0.28032999999999997 0.24513000000000001
5 0.19592 0.14904 0.29888 0.24626000000000003
5 0.175485 0.163775 0.25266999999999995 0.25609000000000004
5 0.26208000000000004 0.109065 0.39052000000000003 0.14511000000000002
5 0.243475 0.135945 0.37478999999999996 0.19641
5 0.187515 0.16253499999999999 0.28759 0.28389
5 0.18727 0.203875 0.24807999999999997 0.29239
5 0.20638 0.19562000000000002 0.30738 0.30686
5 0.16082000000000002 0.212555 0.21458000000000002 0.32650999999999997
5 0.18902 0.2403 0.24872 0.36124
5 0.308155 0.32736499999999996 0.48795 0.52245
5 0.326385 0.35844 0.54029 0.6113999999999999
5 0.37358499999999994 0.243365 0.54325 0.42040999999999995
5 0.36789499999999997 0.273655 0.57663 0.44507
5 0.46094500000000005 0.33376 0.71129 0.41357999999999995
5 0.506475 0.37501999999999996 0.88185 0.61898
5 0.247615 0.321295 0.38723 0.5307299999999999
5 0.24459999999999998 0.276265 0.37034 0.45611
5 0.263685 0.29076 0.43938999999999995 0.4920800000000001
5 0.29481500000000005 0.197245 0.45777000000000007 0.26849
5 0.32531499999999997 0.185745 0.47930999999999996 0.23801000000000003
5 0.364245 0.16031 0.5245099999999999 0.19413999999999998
5 0.189755 0.44798499999999997 0.27513 0.81267
5 0.45643500000000004 0.379 0.76959 0.68536
0 0.26867 0.162845 0.40362 0.21383
0 0.2145 0.357585 0.31348000000000004 0.44048999999999994
0 0.244925 0.46313499999999996 0.42405000000000004 0.83473
0 0.24906 0.47585500000000003 0.44123999999999997 0.89021
0 0.34628 0.4592 0.62328 0.8511399999999999
0 0.33381 0.41819 0.6191000000000001 0.7742399999999999
0 0.38417 0.34881 0.67214 0.58976
0 0.45011999999999996 0.305095 0.82474 0.5354099999999999
0 0.4534 0.33899 0.8207599999999999 0.5604199999999999
0 0.47282 0.30078499999999997 0.85284 0.47353
0 0.45025499999999996 0.354775 0.82823 0.65711
0 0.32669000000000004 0.28013 0.52556 0.45809999999999995
0 0.30507999999999996 0.292825 0.5194 0.49953000000000003
0 0.101245 0.07177 0.07140999999999999 0.03262
0 0.128865 0.087445 0.10153000000000001 0.02051
0 0.11948500000000001 0.28423 0.14621 0.49263999999999997
0 0.12830999999999998 0.38016 0.16226 0.6521199999999999
0 0.041215 0.243395 0.025869999999999997 0.42919
0 0.045825000000000005 0.27540000000000003 0.023009999999999996 0.47300000000000003
0 0.10121 0.2409 0.10962 0.43252
0 0.08759499999999999 0.254955 0.10277 0.44777
0 0.076505 0.228465 0.058890000000000005 0.38328999999999996
0 0.164825 0.12222 0.19645 0.14164
0 0.151905 0.08796 0.20107 0.11535999999999999
0 0.138875 0.14056 0.16535 0.22642
0 0.36238 0.31729999999999997 0.6734600000000001 0.59594
0 0.35276 0.36507 0.64298 0.67814
0 0.33796499999999996 0.355205 0.61029 0.65309
0 0.26215 0.231375 0.42784 0.39949
5 0.053155 0.31523 0.025330000000000005 0.5480400000000001
5 0.06486 0.344165 0.03524 0.59959
5 0.20929499999999998 0.48657999999999996 0.36467 0.9326
5 0.56633 0.353915 0.37508 0.31793
5 0.47609 0.25962999999999997 0.8204 0.40146
0 0.49781000000000003 0.25744 0.92132 0.45982
0 0.45927999999999997 0.241985 0.8497 0.43981000000000003
0 0.42523 0.2839 0.77634 0.5351
0 0.39072999999999997 0.27043500000000004 0.69352 0.49351000000000006
0 0.18231 0.388895 0.30172000000000004 0.7219500000000001
0 0.10943499999999999 0.17007 0.14367 0.30654000000000003
0 0.093775 0.176995 0.10807 0.32355
0 0.17771 0.312255 0.28443999999999997 0.56719
5 0.19006 0.3386 0.26222 0.37816000000000005
5 0.23953 0.34444 0.3576 0.57248
0 0.23683500000000002 0.384535 0.40947 0.7114900000000001
0 0.31992 0.43462999999999996 0.59202 0.82616
5 0.22433 0.06980499999999999 0.32354 0.07269
5 0.41629000000000005 0.09781999999999999 0.69306 0.12944
5 0.439925 0.225495 0.78555 0.40197000000000005
5 0.517565 0.304145 0.9146500000000001 0.53257
5 0.061799999999999994 0.229545 0.01802 0.37603
0 0.054635 0.221015 0.03297 0.41133000000000003
0 0.25801 0.267445 0.39576 0.40713
