0 0.16869499999999998 0.35416000000000003 0.21564999999999998 0.52606
0 0.09828500000000001 0.49510499999999996 0.13521 0.77791
0 0.118965 0.511445 0.14575000000000002 0.79211
0 0.14475 0.503715 0.23421999999999998 0.83161
0 0.18331999999999998 0.53906 0.23312 0.85886
0 0.31033 0.54006 0.22487999999999997 0.78166
0 0.257625 0.501715 0.45023 0.8161499999999999
0 0.26592 0.473975 0.48792 0.81217
0 0.27312499999999995 0.49351 0.48528999999999994 0.8440000000000001
0 0.308795 0.49688000000000004 0.49502999999999997 0.85058
0 0.39477999999999996 0.516195 0.48168 0.68799
0 0.381315 0.43323500000000004 0.61411 0.69767
0 0.414565 0.466675 0.66033 0.73599
0 0.385845 0.47564500000000004 0.69249 0.83055
0 0.431755 0.49826499999999996 0.62059 0.89923
0 0.34786500000000004 0.51774 0.60519 0.90532
0 0.41038 0.51376 0.70348 0.9334800000000001
0 0.27612499999999995 0.40659 0.49128999999999995 0.6747399999999999
0 0.28414 0.428935 0.47652 0.69599
0 0.09915 0.282755 0.1187 0.34141
0 0.09147 0.205985 0.055900000000000005 0.15716999999999998
0 0.132585 0.15493 0.17057 0.11328
0 0.161365 0.17050500000000002 0.22327000000000002 0.14657
0 0.114065 0.21155000000000002 0.15866999999999998 0.22726000000000002
0 0.15673499999999999 0.11751 0.21237 0.025720000000000007
0 0.18465 0.110545 0.28502 0.02975
0 0.219655 0.107715 0.36699000000000004 0.036549999999999985
0 0.194065 0.102915 0.33001 0.03777000000000001
0 0.23223 0.129635 0.26974 0.06511
0 0.23760499999999998 0.136825 0.39721 0.08469
0 0.26308000000000004 0.121425 0.44858000000000003 0.10559000000000002
0 0.28426999999999997 0.142525 0.47635999999999995 0.13085
0 0.29895 0.117075 0.5333 0.11925
0 0.28878 0.15124500000000002 0.5166000000000001 0.17899
0 0.33019 0.194025 0.57548 0.20436999999999997
0 0.34902500000000003 0.164325 0.64967 0.23212999999999998
0 0.354605 0.183055 0.6559499999999999 0.26291000000000003
0 0.40736500000000003 0.22187 0.61837 0.25842
0 0.45139999999999997 0.2413 0.68416 0.32974
0 0.44986499999999996 0.202935 0.73865 0.30468999999999996
0 0.392445 0.17322 0.68745 0.21966000000000002
0 0.279625 0.185325 0.28630999999999995 0.17326999999999998
0 0.27931999999999996 0.18728 0.4713399999999999 0.22472000000000003
0 0.2768 0.22121 0.43062 0.25672
0 0.390115 0.28078000000000003 0.70753 0.47346000000000005
0 0.433175 0.276715 0.81473 0.49112999999999996
0 0.42637 0.342335 0.74638 0.5931700000000001
0 0.43118500000000004 0.35392 0.80911 0.62646
0 0.449245 0.408045 0.7941499999999999 0.7118500000000001
0 0.40131999999999995 0.41931 0.7348 0.7571800000000001
0 0.37832 0.41474500000000003 0.7122999999999999 0.73431
0 0.32130499999999995 0.379215 0.56301 0.61359
0 0.454525 0.43834999999999996 0.83959 0.79916
0 0.45727999999999996 0.473715 0.84428 0.8618699999999999
