2 0.46826171875 0.4443359375 0.8388671875 0.755859375
2 0.4599609375 0.50732421875 0.787109375 0.8544921875
2 0.33642578125 0.466796875 0.5751953125 0.81640625
2 0.30517578125 0.49951171875 0.4345703125 0.8857421875
2 0.14306640625 0.1865234375 0.1728515625 0.294921875
2 0.24560546875 0.15625 0.2998046875 0.1484375
2 0.236328125 0.0419921875 0.41015625 0.017578125
2 0.30126953125 0.138671875 0.5283203125 0.17578125
2 0.056640625 0.4814453125 0.02734375 0.814453125
2 0.16552734375 0.5048828125 0.2490234375 0.931640625
2 0.41357421875 0.19775390625 0.6591796875 0.2431640625
2 0.357421875 0.1435546875 0.65234375 0.169921875
2 0.32421875 0.05078125 0.578125 0.0234375
5 0.52978515625 0.37451171875 0.7353515625 0.2451171875
3 0.71875 0.681640625 0.390625 0.36328125
4 0.25830078125 0.357421875 0.1591796875 0.23046875
2 0.322265625 0.1591796875 0.56640625 0.193359375
2 0.1943359375 0.25146484375 0.255859375 0.3505859375
2 0.1484375 0.173828125 0.25 0.27734375
2 0.09912109375 0.125 0.1396484375 0.1953125
2 0.3583984375 0.25146484375 0.677734375 0.4443359375
2 0.30078125 0.3486328125 0.2578125 0.150390625
2 0.34716796875 0.38818359375 0.5498046875 0.3662109375
2 0.294921875 0.19287109375 0.55078125 0.3193359375
2 0.3017578125 0.20556640625 0.572265625 0.3447265625
2 0.29638671875 0.2734375 0.5419921875 0.328125
2 0.2880859375 0.3427734375 0.498046875 0.326171875
2 0.30029296875 0.33056640625 0.5419921875 0.5478515625
2 0.26904296875 0.31689453125 0.4873046875 0.5517578125
2 0.2470703125 0.33740234375 0.439453125 0.5927734375
2 0.3759765625 0.43408203125 0.626953125 0.7080078125
2 0.41015625 0.40576171875 0.703125 0.6904296875
2 0.3798828125 0.45703125 0.720703125 0.8671875
2 0.41162109375 0.28125 0.7880859375 0.46875
2 0.4384765625 0.23974609375 0.830078125 0.4365234375
2 0.4638671875 0.25439453125 0.904296875 0.4658203125
2 0.22705078125 0.3857421875 0.3642578125 0.646484375
2 0.1982421875 0.4130859375 0.326171875 0.755859375
2 0.1337890625 0.33056640625 0.220703125 0.5712890625
2 0.150390625 0.306640625 0.25390625 0.55078125
2 0.1572265625 0.271484375 0.275390625 0.48046875
2 0.078125 0.24169921875 0.0390625 0.4482421875
2 0.38330078125 0.34130859375 0.7314453125 0.6240234375
2 0.38232421875 0.294921875 0.7294921875 0.49609375
2 0.443359375 0.1435546875 0.83984375 0.201171875
2 0.42626953125 0.1728515625 0.8095703125 0.205078125
