2 0.38037109375 0.3720703125 0.4912109375 0.123046875
2 0.3154296875 0.40087890625 0.404296875 0.1337890625
2 0.11083984375 0.28857421875 0.1240234375 0.3544921875
2 0.10546875 0.46484375 0.0703125 0.09375
2 0.0751953125 0.49609375 0.037109375 0.6875
2 0.2666015625 0.0791015625 0.060546875 0.052734375
2 0.29833984375 0.3720703125 0.4755859375 0.626953125
2 0.28369140625 0.1796875 0.3369140625 0.0234375
2 0.3916015625 0.349609375 0.248046875 0.10546875
2 0.11181640625 0.4111328125 0.0947265625 0.541015625
