0 0.466796875 0.3056640625 0.62890625 0.423828125
0 0.43310546875 0.36962890625 0.7216796875 0.6494140625
0 0.412109375 0.404296875 0.77734375 0.72265625
0 0.2607421875 0.27392578125 0.443359375 0.4658203125
1 0.17724609375 0.24365234375 0.1025390625 0.1572265625
4 0.6123046875 0.607421875 0.279296875 0.23046875
2 0.4609375 0.302734375 0.640625 0.43359375
2 0.25732421875 0.27099609375 0.4560546875 0.4755859375
2 0.40771484375 0.40185546875 0.7802734375 0.7294921875
0 0.37451171875 0.4326171875 0.6826171875 0.677734375
