4 0.2929948109710897 0.4443929564411492 0.45997034840622675 0.7034291010194624
4 0.3713862120088955 0.09823911028730306 0.24166048925129724 0.05189990732159405
0 0.2941067457375834 0.10681186283595923 0.5303928836174944 0.1376274328081557
0 0.30689399555226093 0.08456904541241891 0.5633802816901408 0.09314179796107508
0 0.32283172720533726 0.08688600556070436 0.586360266864344 0.09406858202038926
0 0.34544106745737585 0.31626506024096385 0.6493699036323203 0.5602409638554217
0 0.24629355077835433 0.2226598702502317 0.4614529280948851 0.3804448563484708
0 0.24610822831727205 0.2483781278962002 0.4566345441067457 0.4522706209453197
0 0.2322090437361008 0.2657553290083411 0.40363232023721274 0.4703429101019463
0 0.16048925129725722 0.26621872103799815 0.26167531504818387 0.463855421686747
0 0.15159377316530764 0.29402224281742356 0.23498888065233503 0.5157553290083411
0 0.06560415122312824 0.21617238183503246 0.07487027427724241 0.371177015755329
0 0.07005189028910304 0.18234476367006486 0.10452186805040772 0.33688600556070436
0 0.08228317272053372 0.19045412418906396 0.13491475166790215 0.3215940685820204
0 0.2147887323943662 0.14087117701575533 0.38065233506300966 0.1927710843373494
5 0.10007412898443291 0.1010194624652456 0.12601927353595255 0.12418906394810009
5 0.41178650852483323 0.20945319740500465 0.5922905856189771 0.10379981464318816
5 0.37101556708673095 0.2727062094531974 0.41882876204596 0.20991658943466174
5 0.13825055596738325 0.4907321594068582 0.057079318013343205 0.45134383688600543
0 0.22720533728687917 0.4566728452270621 0.4158636026686435 0.8484708063021316
0 0.2533358042994811 0.4443929564411492 0.46071163825055594 0.8443002780352178
0 0.2779836916234248 0.4738183503243744 0.48480355819125276 0.8456904541241891
0 0.30189028910303933 0.48493975903614456 0.5429948109710897 0.9050046339202965
0 0.2935507783543365 0.41821130676552365 0.5544848035581913 0.7752548656163114
5 0.49962935507783546 0.409870250231696 0.9251297257227575 0.6658943466172382
