259 475 518 944 1
80 66 656 67 0
34 49 581 101 0
33 36 573 249 0
30 92 536 333 0
31 52 494 354 0
37 53 441 471 0
30 55 593 452 0
25 37 554 474 0
44 61 519 491 0
47 43 673 549 0
28 37 1116 444 0
28 37 1170 383 0
21 34 1167 528 0
25 37 1005 679 0
23 24 999 295 0
25 22 1070 294 0
32 28 858 310 0
30 35 959 291 0
37 45 1060 885 0
27 46 1114 671 0
40 91 636 486 0
386 336 617 666 2
34 50 1061 881 5
32 31 1229 675 5
30 46 1113 673 5
21 33 1007 680 5
23 35 1038 692 5
33 54 1322 638 5
46 37 360 1006 5
93 120 886 262 5
109 135 1052 250 5
30 32 831 117 5
44 51 895 176 5
55 39 1254 430 5
584 654 1052 838 4
178 243 673 470 5
65 80 776 479 5
95 93 982 725 5
37 40 1093 474 5
37 43 1041 999 5
23 29 1174 759 5
14 24 1022 352 0
13 21 1018 328 0
23 22 909 133 0
18 17 931 626 0
