110 206 308 343 0
60 81 168 304 0
48 56 97 93 1
69 205 185 299 2
113 117 385 304 2
71 271 138 330 4
35 67 59 266 2
46 54 98 319 2
17 81 18 235 2
79 152 301 328 2
104 86 352 421 2
86 42 329 485 2
65 92 442 459 2
27 41 396 487 2
42 68 472 403 2
50 63 435 331 2
43 99 484 295 2
214 84 363 126 2
72 80 418 205 2
29 47 473 200 2
57 73 226 425 2
118 93 119 452 2
68 169 177 353 2
26 164 497 268 2
16 18 359 141 0
13 15 398 166 0
61 27 326 496 0
39 50 385 413 0
24 29 400 297 0
27 47 438 340 0
19 40 420 225 0
24 42 430 194 0
16 31 471 198 0
