32 34 361 413 5
32 36 394 464 5
94 89 364 158 5
80 37 568 69 5
51 54 1308 572 5
151 657 304 840 1
371 398 489 877 1
293 72 386 134 4
39 28 803 401 0
58 37 862 424 0
50 34 1001 387 0
39 27 1111 343 0
44 35 1049 187 0
90 29 991 220 0
58 29 721 50 0
30 23 818 76 0
27 22 819 111 0
62 113 1155 248 0
48 105 1070 616 0
23 28 1164 125 0
36 43 557 46 0
34 43 712 447 5
24 35 477 795 5
30 29 493 457 5
23 23 683 223 5
31 42 475 258 5
30 54 1065 97 5
27 33 1006 77 5
25 31 933 369 5
32 24 932 329 5
32 49 990 334 5
48 66 1053 377 5
67 68 1019 287 5
53 43 1138 574 5
139 109 958 132 4
