231 411 460 819 4
91 64 156 102 0
30 53 336 299 0
20 49 230 371 0
27 35 344 489 0
25 58 380 498 0
22 24 406 471 0
19 24 381 452 0
32 78 290 608 0
60 82 351 602 0
29 31 370 668 0
26 48 512 696 0
24 25 537 730 0
78 131 428 712 0
45 49 398 303 0
17 26 401 344 0
19 32 266 386 0
23 32 199 449 0
32 33 71 529 0
22 34 484 439 0
17 36 443 412 0
20 28 475 358 0
30 24 465 375 0
30 43 484 434 5
34 30 484 485 5
25 29 474 528 5
27 35 483 577 5
32 27 453 625 5
20 35 438 751 5
24 31 401 757 5
25 25 406 724 5
31 37 369 666 5
27 33 71 531 5
82 61 154 104 5
27 26 169 38 5
26 26 222 28 5
16 28 215 54 5
27 15 190 297 5
639 419 951 865 1
12 13 244 680 0
22 19 438 881 0
17 21 419 903 0
11 23 493 678 0
12 17 474 716 0
3 11 6 279 0
10 9 18 411 0
40 39 246 637 5
19 57 26 416 5
22 59 37 260 5
30 29 175 204 5
36 31 381 838 5
25 35 336 812 5
221 156 573 506 4
164 203 545 677 4
