100 72 1050 744 0
79 80 1156 455 0
42 41 1180 516 0
30 64 1219 547 0
53 85 787 477 0
37 37 995 359 0
51 67 984 423 0
34 32 955 371 0
93 54 775 557 0
46 33 742 707 0
64 59 312 86 0
51 27 274 41 0
140 24 394 48 0
44 47 205 61 0
33 34 257 178 0
33 29 185 246 0
52 37 450 535 0
39 25 436 569 0
31 15 457 601 0
69 63 683 431 0
32 33 134 186 0
23 22 140 229 0
55 45 150 416 0
30 30 313 378 0
22 30 251 350 0
22 17 393 285 0
27 25 483 174 0
31 25 523 224 0
32 21 1092 508 0
37 26 953 287 0
25 19 538 499 0
60 64 393 295 5
41 41 417 255 5
36 36 444 195 5
53 59 483 173 5
52 57 534 219 5
41 35 669 504 5
41 31 752 588 5
95 71 525 390 5
21 18 767 220 0
78 96 100 493 5
33 82 55 581 5
48 60 235 829 5
23 23 263 763 5
31 26 464 494 5
407 308 803 468 5
186 209 981 700 5
27 28 1147 295 5
105 76 1257 266 5
88 50 1152 228 5
13 14 213 139 0
25 16 751 395 0
20 19 720 403 0
20 7 778 367 0
154 131 500 187 5
98 71 409 240 5
