319 209 353 355 5
28 50 679 682 0
81 87 459 515 5
35 37 133 588 5
26 33 168 594 5
65 74 72 432 0
56 47 162 378 5
30 43 765 131 0
58 57 627 218 0
37 39 718 314 0
139 127 872 416 0
33 33 576 603 0
39 37 453 797 0
17 72 24 862 0
136 132 557 734 4
24 22 443 494 0
12 19 470 522 0
37 42 364 356 0
17 28 437 370 0
25 22 378 288 0
27 25 239 329 0
19 20 262 352 0
27 39 300 443 0
22 27 334 457 0
32 26 91 414 0
24 21 62 404 0
22 24 57 456 0
22 18 104 512 0
22 27 132 590 0
20 23 167 596 0
17 19 440 279 0
20 26 476 312 0
17 24 532 376 0
24 29 531 412 0
30 22 209 218 0
80 65 145 268 0
33 33 279 148 0
15 19 310 286 0
20 14 314 325 0
116 117 627 890 0
82 84 516 869 0
47 74 249 711 5
41 62 293 759 5
37 41 498 1001 5
28 30 720 314 5
28 29 741 74 5
30 43 763 137 5
