97 210 572 256 0
187 270 633 524 0
27 48 746 699 0
28 42 791 665 0
86 199 825 834 0
37 33 934 976 0
37 46 898 1044 0
30 33 825 1046 0
39 48 538 881 0
37 40 1048 89 5
46 61 1106 188 5
32 33 1135 105 5
37 38 1157 85 5
34 34 1210 95 5
41 48 1247 135 5
27 42 1268 176 5
46 50 1149 185 5
25 38 1051 221 5
28 43 992 110 5
41 24 353 37 0
53 44 431 49 0
55 29 639 48 0
27 53 876 334 5
32 35 902 285 5
32 40 1021 355 5
41 42 1133 342 5
37 62 856 978 4
18 33 865 962 0
14 21 1019 358 0
258 170 1070 279 5
30 35 1181 801 5
30 29 1013 614 5
31 39 537 880 5
25 23 537 1007 5
55 48 819 703 5
