50 79 588 88 5
66 65 639 144 5
50 44 725 260 5
39 37 745 308 5
80 225 138 485 0
34 99 41 607 0
56 123 66 730 0
32 31 104 669 0
52 35 111 743 0
34 25 116 783 0
48 99 157 851 0
107 122 165 992 0
41 48 226 1049 0
118 131 330 963 0
40 31 437 1051 0
55 57 528 1044 0
102 27 653 1063 0
50 45 91 315 0
34 136 525 319 4
813 527 919 1045 4
28 45 1156 300 0
41 45 901 449 5
60 59 674 250 5
24 36 618 127 0
19 29 651 138 0
34 28 711 263 0
37 39 731 246 0
102 87 119 626 0
40 35 190 626 0
28 25 934 112 5
27 26 1016 163 5
24 22 594 288 5
20 24 570 376 5
137 194 275 386 1
