30 36 1178 171 5
20 21 1147 89 5
23 25 1162 113 5
21 20 1115 91 5
20 27 1045 84 5
27 27 1095 145 5
21 30 1124 150 5
23 34 1142 182 5
43 45 80 147 5
93 94 1136 304 5
151 93 1133 216 5
78 38 1115 76 5
27 28 1232 117 5
37 27 389 180 5
26 28 261 365 5
32 29 481 194 5
27 27 819 195 5
25 25 863 207 5
25 25 823 228 5
29 23 578 666 0
23 23 726 766 0
13 23 751 779 0
23 21 698 780 0
21 15 742 709 0
20 29 785 722 0
39 48 829 780 0
21 25 803 778 0
46 37 854 661 0
21 27 903 753 0
23 25 867 782 0
28 33 769 1002 0
34 35 1021 1010 0
39 45 1113 199 0
217 166 1199 991 1
556 645 776 685 4
267 147 703 239 5
188 551 931 565 5
312 145 512 290 5
154 158 222 631 5
95 258 172 884 5
160 194 313 415 5
96 93 636 383 5
157 97 841 568 5
188 156 816 729 5
188 105 1052 1009 5
18 15 1114 1015 0
16 19 824 198 0
14 17 823 222 0
11 11 865 205 0
13 8 1115 90 0
9 14 1047 85 0
25 18 78 144 0
