338 142 405 262 4
132 144 548 253 5
87 72 645 283 5
140 481 262 909 1
160 144 189 993 0
194 140 348 986 1
45 35 204 769 0
34 42 955 209 5
29 17 668 24 0
580 253 881 929 4
430 542 1124 1053 4
73 162 534 592 4
25 27 936 564 5
90 73 762 421 5
39 32 751 378 0
32 20 737 397 0
20 13 776 442 0
46 36 579 155 0
45 29 530 180 0
17 22 661 277 0
17 17 629 265 0
19 22 538 53 0
15 19 548 110 0
12 19 521 98 0
11 11 500 124 0
20 25 540 25 0
46 11 526 23 0
11 16 1070 80 0
9 11 1070 36 0
21 15 1045 255 0
16 19 1185 394 0
12 16 480 233 0
16 13 412 185 0
20 24 184 28 0
10 13 610 452 0
12 16 655 405 0
11 18 703 387 0
