296 318 1050 890 1
45 31 996 998 5
30 31 952 1026 5
47 30 902 1060 5
59 84 1187 564 5
58 60 596 521 5
32 35 903 650 5
16 27 879 673 5
29 50 824 714 5
45 45 970 583 5
39 39 995 602 5
28 27 1029 691 5
37 41 1199 764 5
28 27 1112 798 5
21 37 1106 830 5
34 31 1052 819 5
32 29 1038 788 5
22 27 1011 828 5
43 35 995 863 5
58 72 1044 908 5
55 87 956 458 5
130 501 259 556 4
39 85 94 598 2
64 55 142 485 2
22 40 30 452 2
52 99 273 611 0
44 60 229 709 0
66 78 358 676 0
96 58 146 980 2
85 56 145 983 0
28 37 154 210 0
24 27 178 215 0
32 42 163 257 0
37 28 186 309 0
93 49 238 250 0
52 61 314 264 0
48 46 282 303 0
39 47 325 327 0
54 45 383 379 0
111 122 452 179 0
20 52 526 240 0
19 27 552 224 0
57 80 592 285 0
64 76 668 313 0
123 46 320 48 0
75 41 187 143 0
50 30 261 105 0
82 26 318 97 0
59 39 402 68 0
36 35 450 43 0
36 23 569 67 0
37 34 743 131 0
37 49 715 185 0
39 26 716 229 0
56 43 605 170 0
60 37 827 221 0
66 72 887 296 0
33 77 911 413 0
43 33 936 372 0
43 51 936 131 0
28 34 894 92 0
40 56 1150 199 0
26 39 1106 237 0
33 58 1120 293 0
32 39 1222 375 0
24 31 1175 351 0
34 37 767 333 5
39 45 799 365 5
39 67 616 413 5
38 41 516 411 0
43 56 431 460 0
34 37 488 500 0
24 33 627 705 0
27 29 589 733 0
28 41 642 727 0
28 33 609 747 0
55 69 543 1013 0
40 58 804 816 0
394 569 483 782 6
31 33 860 1025 0
31 39 888 1001 0
47 26 823 1060 0
49 37 949 902 0
59 60 978 915 0
33 37 961 956 0
49 58 1190 620 0
31 37 1193 579 0
20 21 1186 550 0
157 234 239 958 1
23 52 912 418 2
13 19 953 442 2
22 25 972 460 2
27 71 715 201 2
109 118 450 177 2
53 68 531 247 2
58 78 594 285 2
88 65 237 248 2
53 49 288 306 2
35 48 324 326 2
34 47 165 252 2
71 43 185 144 2
39 33 258 99 2
63 34 315 96 2
114 45 323 48 2
55 43 404 70 2
38 35 453 47 2
32 22 561 66 2
65 12 621 25 2
40 22 694 34 2
34 44 933 128 2
30 34 896 91 2
27 14 954 30 2
43 60 1149 195 2
45 113 1116 267 2
29 63 1175 363 2
28 79 1225 388 2
47 90 277 602 2
44 42 359 656 2
40 68 233 697 2
25 33 26 909 2
35 37 540 1013 2
16 23 615 952 2
136 104 636 975 5
78 81 801 609 5
106 111 862 514 5
31 31 967 516 5
39 37 943 681 5
22 23 1045 720 5
49 58 1113 690 5
21 25 1193 724 5
138 135 628 792 7
20 25 708 436 2
55 56 752 427 2
26 21 516 447 2
13 19 433 469 2
30 18 385 388 2
63 56 890 291 2
43 32 828 223 2
21 22 664 182 2
94 43 666 99 2
28 17 342 150 2
24 24 122 244 2
27 21 348 478 2
35 35 1189 625 2
22 26 844 54 2
59 82 888 170 2
20 20 506 55 2
44 34 531 125 2
17 22 525 186 0
28 25 896 608 5
32 31 899 694 5
19 25 859 712 5
30 33 838 763 5
19 23 544 840 5
47 64 449 657 2
16 25 418 664 5
