200 108 749 362 0
55 42 591 222 0
192 69 469 94 0
43 33 325 141 0
80 53 263 444 0
46 48 1092 101 5
83 132 1129 261 5
144 93 1167 129 0
83 128 1175 221 0
79 139 1214 452 5
41 58 1222 655 5
32 46 1259 602 0
78 28 842 54 0
116 34 949 58 0
34 32 974 91 0
39 49 946 137 0
39 32 1003 136 0
65 47 724 68 5
30 37 774 40 0
69 33 641 56 0
29 47 378 478 0
39 52 647 604 0
37 25 707 522 0
45 37 525 984 5
48 33 510 1026 5
53 95 379 572 0
34 42 384 645 0
39 81 340 699 0
40 39 387 237 0
24 29 409 280 0
22 32 456 269 0
25 25 473 238 0
41 28 346 102 0
67 48 720 483 4
140 432 277 749 5
377 154 526 998 5
189 80 492 149 5
286 348 1170 687 5
220 408 1235 867 5
168 109 445 784 5
39 45 983 686 5
48 33 782 688 0
20 21 741 676 0
30 25 782 655 0
16 25 921 378 0
30 25 466 344 0
