53 46 216 58 0
56 33 214 98 0
51 30 274 54 0
21 45 258 178 0
22 17 326 20 0
18 42 342 292 0
22 22 300 224 0
31 38 236 207 0
29 39 219 234 0
26 42 354 243 0
27 21 435 368 2
15 21 409 394 2
34 34 414 428 2
55 38 70 487 2
22 23 25 371 2
21 14 53 308 2
24 20 55 183 2
22 22 76 153 2
24 23 455 103 2
32 30 403 144 2
21 26 431 169 2
21 22 376 139 2
40 29 316 378 2
28 24 218 403 2
23 23 151 325 2
21 19 168 302 2
38 32 257 310 2
15 21 309 281 2
19 13 234 22 0
23 20 258 26 0
25 30 382 211 0
92 91 182 181 4
21 30 232 353 2
28 19 423 316 5
27 20 420 299 5
18 25 470 268 5
21 20 443 231 5
24 22 404 497 5
20 19 47 43 2
33 22 151 123 2
20 25 251 264 2
37 38 268 239 2
22 25 326 243 2
55 60 393 255 2
94 94 263 462 2
102 182 458 266 5
