250 69 268 123 5
37 52 247 147 5
39 45 316 174 5
41 46 586 534 5
44 54 897 708 5
37 37 934 720 5
20 39 954 850 5
76 118 825 371 5
53 78 704 456 5
51 32 1138 137 0
157 42 1129 176 0
58 56 934 397 5
58 44 921 406 0
86 93 902 259 0
120 65 930 102 0
23 32 1033 78 0
21 33 1042 106 0
48 33 787 48 0
728 268 953 514 4
653 312 966 496 7
60 324 118 452 1
52 61 156 533 1
102 168 962 629 5
20 29 902 543 5
30 31 1058 849 5
37 58 1014 744 5
24 42 447 179 5
30 30 735 122 5
19 22 619 174 5
25 23 611 209 5
111 57 714 268 5
83 86 1237 429 5
39 76 1296 458 5
22 39 1334 429 5
21 34 1328 476 5
30 31 239 472 5
24 41 543 405 5
37 37 987 878 5
71 61 556 124 5
60 77 613 103 5
37 33 788 36 5
64 56 455 114 5
27 37 401 85 5
30 29 824 985 5
30 40 1021 408 5
28 19 1086 324 0
14 19 1239 440 0
14 7 726 256 0
29 25 582 541 0
231 66 245 117 0
11 12 798 436 0
20 19 824 353 0
14 27 804 386 0
11 11 776 400 0
13 11 782 377 0
13 16 769 454 0
32 23 704 439 0
14 17 905 703 0
18 15 894 716 0
18 23 952 850 0
13 15 971 646 0
13 15 993 702 0
13 13 956 593 0
11 13 926 560 0
9 11 930 579 0
14 12 1237 420 0
11 14 1089 231 0
13 15 1266 257 0
13 15 918 137 0
303 497 547 825 1
