123 239 239 379 4
49 28 267 49 0
66 54 253 109 0
82 43 151 175 0
21 19 357 30 0
5 35 8 169 0
21 41 109 124 0
25 43 37 67 0
27 42 67 61 0
43 55 98 61 0
11 10 84 96 0
15 16 131 43 0
21 33 160 37 0
20 13 149 70 0
23 35 144 96 0
15 16 157 118 0
20 16 190 119 0
11 11 183 84 0
15 13 207 32 0
8 9 200 16 0
14 6 240 13 0
11 14 328 44 0
24 16 253 81 0
21 56 284 117 0
10 9 339 139 0
10 20 358 110 0
10 14 426 19 0
8 15 444 20 0
9 18 482 67 0
20 21 471 99 0
12 15 498 82 0
43 81 488 159 0
7 12 466 195 0
21 46 419 201 0
10 16 452 165 0
9 10 198 392 0
22 30 89 163 0
