37 41 1051 846 0
32 56 1064 788 0
27 27 631 764 0
30 37 634 811 0
30 38 586 536 0
21 29 800 578 0
39 31 803 614 0
35 33 789 516 0
20 24 763 494 0
23 21 767 530 0
30 38 1215 526 0
20 31 1197 577 0
16 35 1245 547 0
20 21 1186 448 0
27 26 1147 504 0
18 29 1168 494 0
27 41 221 605 0
40 45 303 221 0
27 29 271 207 0
27 35 327 156 0
32 27 299 108 0
37 43 240 245 0
37 39 199 172 0
30 22 193 98 0
44 36 276 53 0
19 22 260 77 0
32 50 385 52 0
19 39 414 48 0
32 40 448 41 0
23 27 814 645 0
31 29 496 187 5
27 25 509 224 5
44 56 456 237 5
73 76 514 279 5
65 82 373 359 5
83 68 505 480 5
34 25 440 559 5
27 28 455 527 5
34 33 434 592 5
30 39 426 641 5
50 43 561 560 5
37 35 517 573 5
58 64 626 551 5
16 27 709 605 5
27 33 739 624 5
23 27 769 638 5
153 122 714 429 5
148 79 879 404 5
90 135 998 454 5
70 61 1088 425 5
116 62 957 596 5
27 27 1199 772 5
27 25 1179 791 5
34 31 1226 734 5
32 29 1240 704 5
26 25 671 570 5
379 83 914 164 1
34 50 139 491 0
23 24 378 353 0
18 15 518 260 0
15 24 496 287 0
22 25 467 227 0
11 16 494 182 0
16 35 1271 769 0
20 19 1185 748 0
73 58 1306 347 5
62 58 405 298 5
