123 163 1097 994 5
23 29 1038 858 5
27 27 1060 887 5
23 45 1182 924 5
390 254 636 685 5
76 35 754 599 5
193 199 1040 215 5
60 66 599 172 5
71 29 769 41 5
51 19 894 32 5
111 151 606 341 5
113 145 835 388 5
202 112 627 489 5
62 58 344 396 0
57 49 408 219 0
73 62 499 246 0
34 32 475 129 0
30 26 503 120 0
27 26 412 57 0
34 27 419 106 0
32 31 344 34 0
65 53 406 479 0
46 50 1197 657 0
47 52 306 1004 0
29 37 268 1039 0
20 17 306 1057 0
37 19 344 1067 0
18 32 1083 221 0
20 24 1106 202 0
18 24 1103 251 0
23 24 1080 253 0
30 20 1068 278 0
25 21 1037 289 0
55 46 445 660 0
22 27 304 671 0
25 21 564 626 0
22 27 502 662 0
25 23 521 683 0
31 35 536 656 0
25 37 372 939 5
45 43 627 925 5
103 139 201 874 5
79 117 352 842 5
55 87 478 831 5
71 191 138 846 5
16 25 1138 737 0
123 156 1211 636 0
35 41 840 72 0
16 25 833 129 0
13 21 932 82 0
37 16 895 23 0
51 21 776 41 0
20 18 126 281 0
17 11 623 322 0
23 18 835 426 0
18 19 853 416 0
13 16 868 391 0
55 56 987 618 0
30 45 1020 391 5
23 38 1009 482 5
18 26 1014 515 5
43 42 737 286 5
