278 509 381 932 3
83 39 427 68 0
26 47 505 70 0
39 45 534 66 0
20 34 660 68 0
142 148 579 168 0
72 100 698 189 0
78 59 739 256 0
23 44 686 299 0
24 32 640 300 0
12 51 644 365 0
95 93 830 319 0
67 54 726 493 0
114 97 862 424 0
46 53 894 465 0
35 63 946 491 0
107 70 840 546 0
34 46 815 625 0
120 158 831 730 0
97 101 926 614 0
151 131 966 777 0
23 39 975 687 0
32 54 1008 636 0
43 58 603 552 0
42 66 715 612 0
81 52 950 883 0
51 58 838 860 0
677 203 721 970 1
65 51 1154 1049 1
107 184 134 966 1
287 480 295 488 7
218 238 1140 671 7
210 225 536 462 7
110 90 547 625 7
143 30 1069 61 7
64 64 1283 625 7
19 21 499 587 0
15 11 594 616 0
13 11 691 776 0
24 27 640 804 0
31 25 466 699 0
34 37 988 589 0
23 31 1014 561 0
25 23 1155 343 0
25 29 1236 991 1
62 82 95 600 1
53 300 106 786 1
115 123 1180 528 5
34 33 1157 345 5
43 50 642 805 5
69 46 1085 826 5
158 84 1133 117 7
244 187 1203 351 7
150 157 1227 507 7
265 222 1159 691 7
81 91 518 771 7
103 358 266 897 7
