29 94 59 1022 2
43 64 978 471 0
23 24 902 445 0
18 23 743 833 0
23 29 1027 157 0
27 27 1117 132 0
30 32 1050 60 0
23 22 945 94 0
13 21 1026 61 0
31 23 382 660 0
39 27 471 684 0
18 21 550 695 0
22 19 567 701 0
21 21 690 547 0
22 23 619 533 0
18 21 814 493 0
23 21 882 552 0
25 21 803 604 0
27 17 718 604 0
25 21 744 597 0
39 37 1199 383 0
27 31 741 890 0
21 22 781 515 0
23 21 776 548 0
13 23 688 594 0
19 29 459 867 0
38 31 610 679 0
373 113 507 225 1
390 389 601 733 7
352 165 431 623 7
274 257 771 482 7
22 31 627 717 0
13 13 971 847 0
14 15 853 859 0
10 19 614 996 0
23 23 593 1010 0
