58 52 999 658 5
43 33 946 631 5
34 43 939 669 5
43 39 881 680 5
53 64 863 730 5
42 43 796 754 5
39 39 826 801 5
35 39 867 821 5
41 41 797 644 5
28 27 784 688 5
34 46 820 699 5
27 41 756 661 5
30 41 731 689 5
44 62 745 744 5
71 70 680 650 5
41 50 697 716 5
46 41 678 748 5
30 27 647 768 5
67 60 593 728 5
43 41 616 672 5
32 37 548 681 5
68 43 490 684 5
75 66 513 743 5
37 41 392 679 5
44 39 378 717 5
67 68 439 729 5
93 99 374 797 5
53 68 455 821 5
31 29 455 776 5
61 60 405 925 5
50 44 377 869 5
68 84 329 896 5
27 37 288 844 5
40 41 572 781 5
39 41 256 883 5
80 60 216 908 5
64 78 293 708 5
48 46 233 699 5
22 33 174 672 5
23 50 201 694 5
37 47 40 539 5
33 52 47 804 5
35 54 72 785 5
31 37 459 978 5
23 31 424 974 5
30 27 282 925 5
34 33 577 1045 5
25 25 532 1025 5
27 31 613 788 5
26 29 139 913 5
89 89 524 817 5
39 78 913 747 5
27 29 1080 688 5
25 25 1104 669 5
35 35 1123 699 5
25 39 1165 805 5
39 35 1124 810 5
20 27 1088 814 5
21 27 1061 817 5
37 27 1027 822 5
27 50 91 646 0
43 39 202 958 0
23 25 197 997 0
39 52 200 901 0
50 37 518 983 0
37 52 554 912 0
39 31 631 892 0
39 39 622 927 0
46 39 907 958 0
27 31 913 907 0
20 29 950 921 0
27 23 963 783 0
34 37 980 750 0
23 31 926 749 0
21 29 1172 635 0
39 50 449 827 0
22 31 495 834 0
30 48 469 871 0
30 29 458 913 0
25 29 480 947 0
521 211 1032 413 1
70 58 845 993 5
106 50 685 516 5
30 25 1028 989 5
30 31 1089 962 5
48 48 1059 932 5
30 37 56 461 5
27 48 874 881 5
13 97 22 475 5
69 105 77 892 5
43 25 625 1057 5
37 29 1267 885 5
