51 62 856 705 5
67 95 570 545 5
67 64 563 640 5
34 35 579 693 5
62 89 500 594 5
45 37 140 112 0
26 30 165 85 0
23 26 114 94 0
19 21 169 139 0
32 28 195 162 0
22 27 176 173 0
37 28 179 264 0
52 29 172 531 0
22 22 478 454 0
47 40 480 522 0
18 32 522 525 0
37 25 572 546 0
39 25 566 630 0
45 56 511 587 0
22 33 456 578 0
25 33 860 704 0
39 76 531 1018 0
34 43 460 1021 0
25 29 471 986 0
39 52 477 928 0
43 41 432 883 0
86 87 417 951 0
26 35 358 862 0
45 52 325 902 0
52 39 410 1010 0
36 12 392 23 0
35 27 117 544 0
22 29 374 1030 5
24 27 427 1050 5
28 35 1155 866 5
34 45 1328 796 5
35 37 841 755 5
31 56 624 932 5
29 27 565 924 5
37 41 371 43 5
23 23 1127 504 0
62 60 205 469 5
72 113 465 737 4
16 27 740 549 0
15 12 281 285 0
11 15 94 255 0
14 15 843 758 0
13 31 1324 797 0
11 21 1158 863 0
