20 16 1232 278 0
32 30 1173 348 0
20 21 1173 572 0
18 22 1166 435 0
20 20 1089 356 0
20 33 1102 442 0
21 14 1029 429 0
23 26 923 459 0
21 17 935 387 0
53 45 956 251 0
20 26 987 120 0
16 21 991 150 0
13 21 924 215 0
25 19 966 218 0
25 19 632 203 0
24 29 587 211 0
31 31 566 102 0
27 28 546 71 0
24 25 576 69 0
20 23 603 36 0
34 34 926 39 0
21 30 833 34 0
23 17 882 46 0
40 12 524 23 0
25 17 491 261 0
39 19 430 258 0
25 19 556 321 0
22 21 584 350 0
37 31 702 897 0
29 25 615 889 0
22 21 636 930 0
37 21 190 1049 0
57 43 317 1036 0
33 19 281 1063 0
25 23 341 1009 0
30 31 293 838 0
20 19 811 116 0
23 26 717 450 0
23 22 1166 300 0
21 24 1135 510 0
158 295 317 591 1
25 23 488 950 5
32 39 396 773 5
112 146 399 634 5
105 119 446 533 5
46 36 507 79 5
39 28 492 38 5
35 33 982 71 5
23 31 1270 605 5
32 29 533 913 5
57 52 215 797 5
45 33 99 654 0
108 58 219 653 0
187 156 360 780 0
47 68 74 740 0
136 51 752 1051 1
473 540 1103 1072 4
