28 95 57 115 1
65 140 342 186 0
64 121 406 436 0
70 118 428 185 0
79 121 159 236 0
34 166 244 252 0
85 82 237 101 0
59 89 244 459 0
58 100 340 345 0
50 43 224 379 0
29 58 138 466 0
36 59 359 467 0
43 28 329 52 0
49 34 367 75 0
28 58 163 128 0
21 19 23 129 0
59 80 479 277 0
45 91 489 174 0
28 34 435 296 0
18 25 20 232 0
11 27 21 167 0
8 30 12 208 0
6 25 13 165 0
41 24 197 45 0
28 30 195 112 0
87 163 269 209 0
30 33 214 307 0
46 63 129 313 0
46 53 122 480 0
24 15 328 409 0
38 30 301 491 0
33 73 284 369 0
89 83 222 100 2
28 53 162 130 2
75 116 157 236 2
47 61 126 311 2
14 13 128 374 2
70 13 173 419 2
48 56 126 476 2
64 46 239 475 2
46 24 241 431 2
45 32 224 380 2
26 33 216 308 2
37 208 243 232 2
26 38 273 174 2
32 100 297 243 2
58 150 340 187 2
36 23 330 50 2
41 28 366 76 2
75 117 424 185 2
39 107 490 176 2
57 67 481 268 2
18 26 439 296 2
64 132 406 434 2
36 64 360 472 2
37 27 298 490 2
22 13 327 408 2
55 97 342 344 2
30 71 286 373 2
15 48 432 372 2
