80 107 95 169 5
425 196 460 308 5
172 101 485 482 5
104 112 737 386 5
44 60 173 685 0
57 93 558 668 0
108 41 626 640 0
32 39 875 469 0
100 68 726 479 0
62 55 426 104 0
44 39 934 541 5
53 33 802 640 5
42 70 743 775 0
34 31 750 878 0
90 142 122 385 3
27 36 806 462 5
39 29 831 496 5
65 45 704 665 5
11 14 430 515 0
20 20 570 462 0
12 12 547 498 0
10 10 519 461 0
18 12 318 415 0
20 20 316 513 0
31 78 334 467 0
15 42 188 479 0
62 113 233 447 0
16 17 221 379 0
43 27 296 342 0
8 12 322 334 0
23 25 245 341 0
12 13 215 304 0
9 18 725 380 0
13 11 743 385 0
11 13 838 384 0
7 13 933 545 0
4 9 809 641 0
24 13 374 275 0
13 13 458 299 0
10 11 460 260 0
15 13 532 365 0
10 9 512 328 0
11 12 487 332 0
10 12 542 325 0
11 7 578 321 0
17 13 622 303 0
11 11 273 504 0
10 9 335 275 0
16 15 300 293 0
12 10 324 304 0
6 15 353 150 0
13 13 996 884 0
540 319 921 916 1
40 29 294 522 5
35 42 821 408 5
