65 56 230 719 5
72 76 193 798 5
52 58 120 859 5
56 66 115 956 5
41 37 170 919 5
86 101 590 792 5
31 39 639 695 5
39 33 718 568 5
30 37 785 564 5
27 27 821 599 5
41 45 826 644 5
44 37 758 952 5
32 39 409 1005 5
39 41 501 1006 5
43 49 575 1049 5
35 31 141 1001 5
74 49 1107 293 0
51 45 1029 351 0
39 38 905 349 0
46 68 958 260 0
34 67 924 271 0
28 32 1012 175 0
50 69 1069 218 0
48 48 1027 231 0
69 60 1017 280 0
102 97 1153 116 0
39 47 976 189 0
46 42 909 122 0
62 42 871 58 0
37 34 621 133 0
35 28 737 93 0
53 62 1270 709 0
70 74 1259 782 0
51 66 1183 828 0
30 27 1107 901 0
20 19 1141 462 0
27 26 800 261 0
23 27 1030 138 0
146 240 164 909 0
149 95 194 739 0
41 34 984 1057 5
23 29 1270 860 5
27 31 1309 831 5
68 38 434 1049 5
121 176 278 903 1
251 332 498 638 3
27 45 1136 961 0
25 27 1039 853 0
37 44 1161 730 0
27 23 1125 722 0
30 35 1228 881 5
144 372 934 879 7
86 166 1089 666 7
39 21 457 1058 0
26 25 413 1006 0
31 31 419 1046 0
102 119 581 796 0
32 31 637 696 0
37 31 718 568 0
27 33 786 564 0
28 29 823 598 0
41 33 827 649 0
32 27 758 956 0
327 432 1183 581 7
144 226 956 579 7
120 151 647 362 7
211 196 365 403 7
25 21 581 1041 0
24 14 572 1067 0
16 15 984 1061 0
