294 307 473 776 5
34 42 1078 614 0
34 56 1136 616 0
50 60 1321 655 0
25 35 960 772 0
142 119 1262 608 4
39 89 773 981 5
98 70 446 1007 5
142 295 802 925 4
230 546 460 804 1
134 130 838 488 5
127 96 1122 201 5
29 29 309 912 5
21 19 1045 671 0
13 37 1335 864 0
43 43 815 523 0
21 19 840 452 0
34 23 351 712 0
39 27 362 765 0
37 29 390 813 0
52 50 492 880 0
33 39 435 884 0
39 48 549 682 0
23 23 482 649 0
20 18 1031 188 0
18 21 1106 205 0
20 23 1108 238 0
21 22 1150 191 0
22 25 456 1009 0
25 25 424 1015 0
20 21 988 1005 0
44 45 422 767 0
50 58 453 800 0
25 29 523 925 0
