93 107 574 416 0
163 60 552 135 0
37 38 446 146 0
48 43 398 148 0
33 30 365 161 0
54 37 331 177 0
52 46 291 200 0
25 34 256 224 0
73 52 207 239 0
80 59 114 203 0
43 33 243 199 0
67 49 804 82 0
49 31 811 280 0
51 41 766 216 0
30 30 549 250 0
45 34 513 267 0
45 31 490 232 0
96 64 287 565 0
63 54 292 668 0
78 66 365 739 0
60 52 428 795 0
58 64 518 797 0
57 60 670 741 0
30 31 781 658 0
75 93 123 963 0
55 79 201 1013 0
53 41 942 670 0
23 37 982 665 0
30 39 1011 673 0
39 52 1084 710 0
39 46 1327 653 0
53 77 962 1033 0
46 52 811 1017 0
21 33 838 911 0
23 23 847 966 0
102 246 900 844 0
39 56 644 945 0
47 39 265 156 0
34 34 252 35 0
37 49 181 69 0
30 27 569 633 0
24 27 563 690 0
2 25 886 1028 0
37 37 931 572 0
39 33 1239 641 5
24 21 561 721 5
25 21 500 721 5
26 27 85 809 5
81 33 703 591 0
39 43 699 634 0
30 27 742 662 0
36 41 637 523 0
34 23 598 548 0
30 23 633 572 0
31 29 618 591 0
32 27 655 549 0
240 174 490 634 4
