83 104 148 207 2
173 84 301 95 2
80 101 349 419 2
37 51 479 286 0
34 32 191 54 2
90 241 169 380 4
160 156 186 198 7
34 51 480 288 2
21 22 108 323 2
16 15 117 302 2
15 13 159 334 2
12 26 337 387 0
15 10 370 447 0
15 12 378 462 0
14 17 324 449 0
52 30 320 56 0
28 11 364 44 0
9 13 367 81 0
34 14 329 103 0
10 11 309 122 0
13 8 289 107 0
21 12 278 81 0
28 14 236 84 0
12 10 254 96 0
9 7 188 8 0
15 32 200 36 0
11 9 155 166 0
6 21 144 166 0
10 8 134 181 0
18 12 159 191 0
6 9 112 196 0
27 10 212 290 2
31 20 212 207 2
