88 93 107 353 0
53 55 386 347 5
71 68 801 414 5
55 40 949 406 0
37 32 862 481 0
151 250 812 622 5
90 297 872 905 5
65 74 231 728 5
433 147 455 251 4
33 49 1330 438 5
44 46 1117 399 0
32 50 1152 601 0
39 43 920 504 0
23 48 910 561 0
23 39 970 488 0
66 70 336 633 0
16 13 281 602 0
26 27 251 633 0
20 17 280 639 0
12 16 322 311 0
19 18 225 373 0
18 13 482 913 0
11 17 444 767 0
16 32 423 329 0
12 28 386 340 0
11 23 369 349 0
11 23 854 556 0
20 25 866 396 0
13 18 856 373 0
16 30 915 310 0
37 65 938 331 0
18 32 1329 440 0
27 48 911 306 5
14 33 924 1001 5
24 25 514 940 5
32 37 486 916 5
108 106 258 241 5
446 535 947 547 1
