46 53 310 118 0
54 42 357 193 0
56 48 304 239 0
32 44 408 204 0
61 84 421 277 0
274 36 334 72 0
40 225 81 234 0
23 185 37 345 2
120 60 128 476 2
69 35 209 408 5
254 255 474 471 3
41 53 310 118 2
50 44 356 191 2
132 75 291 341 2
20 45 382 334 2
9 22 358 301 2
44 26 193 301 2
14 16 263 267 2
51 43 302 239 2
54 24 159 170 2
17 155 31 217 2
48 137 51 285 2
39 44 173 457 2
17 39 435 428 2
15 22 414 348 2
11 23 416 382 2
10 26 457 318 2
48 79 416 275 2
28 41 406 203 2
19 40 493 214 2
26 31 299 168 5
118 67 141 79 0
35 29 227 64 0
9 13 398 92 0
38 24 430 114 0
12 9 408 142 0
15 15 216 207 2
9 12 399 94 2
37 25 430 115 2
31 20 111 401 5
35 35 175 361 5
26 46 145 319 5
60 71 92 230 5
56 55 92 224 2
23 42 144 319 2
41 25 192 300 0
132 76 291 341 0
19 45 380 333 0
47 18 156 170 0
11 8 135 429 0
14 13 185 398 0
11 10 210 406 2
135 75 291 340 2
26 22 211 346 2
16 8 143 136 2
