69 69 118 470 5
25 26 216 476 5
25 25 221 415 5
43 95 47 134 0
44 14 107 29 0
75 52 171 102 0
48 86 141 99 0
46 121 98 162 0
39 25 147 243 0
86 60 162 300 0
53 41 68 306 0
45 41 61 358 0
63 52 184 442 0
50 20 243 497 0
51 45 243 309 0
41 39 231 244 0
37 40 196 137 0
42 43 231 73 0
43 26 261 26 0
46 46 277 67 0
63 64 322 98 0
73 53 362 105 0
76 60 420 115 0
36 41 471 54 0
18 32 460 71 0
40 70 491 131 0
42 108 486 230 0
20 40 423 293 0
31 30 457 300 0
36 42 433 342 0
47 67 487 346 0
44 71 461 395 0
25 61 500 412 0
34 18 429 439 0
31 25 441 463 0
27 31 422 489 0
24 16 353 499 0
35 30 303 422 0
24 35 345 371 0
25 62 389 153 0
43 64 382 202 0
66 36 369 246 0
25 21 353 269 0
31 25 344 303 0
39 46 343 153 0
28 158 51 265 4
47 26 240 351 5
14 11 187 363 5
16 18 94 403 5
21 33 122 174 0
25 21 189 174 0
20 13 251 146 0
28 23 259 113 0
17 15 388 326 0
13 15 407 314 0
14 18 208 299 0
23 92 50 94 2
20 118 99 159 2
14 48 84 174 2
35 83 143 98 2
55 20 164 34 2
55 63 175 68 2
65 52 356 102 2
64 50 409 93 2
22 17 343 300 2
16 45 342 155 2
44 48 279 69 2
29 45 237 76 2
37 55 377 200 2
36 94 485 227 2
62 139 476 375 2
29 49 102 473 2
37 42 127 458 2
28 32 101 472 0
27 26 129 464 0
14 23 65 358 2
55 35 56 308 2
28 52 491 335 2
39 63 465 394 2
39 33 465 59 2
9 22 461 74 2
36 59 490 127 2
25 66 392 144 2
39 52 380 197 2
64 25 366 246 2
23 26 138 367 5
46 14 184 336 5
