52 467 83 493 1
163 59 862 114 0
44 34 611 382 0
74 131 521 837 5
85 70 333 260 0
69 159 74 417 5
128 512 242 641 3
392 53 1049 90 4
104 105 861 861 4
23 24 660 368 5
52 168 139 420 5
25 37 183 386 5
30 37 226 390 5
23 29 257 310 5
22 34 266 396 5
34 32 246 467 5
36 97 285 514 5
48 79 319 430 5
89 108 469 460 5
69 106 403 539 5
337 440 346 802 5
33 54 242 549 5
12 18 376 373 0
12 17 406 527 0
8 13 186 385 0
6 14 175 384 0
22 17 226 389 0
9 16 319 410 0
15 15 445 943 0
22 15 313 678 0
10 19 367 740 0
11 17 386 741 0
6 13 410 755 0
12 17 314 799 0
13 15 296 855 0
15 13 272 857 0
15 19 291 939 0
12 11 325 875 0
8 15 306 756 0
13 21 222 741 0
15 15 194 707 0
19 17 188 684 0
13 19 179 723 0
25 25 245 678 0
15 19 274 641 0
24 142 125 426 0
14 17 52 388 0
23 22 1048 138 0
32 34 1058 167 0
13 21 810 900 0
16 19 788 796 0
27 17 814 785 0
9 11 422 557 0
