79 114 374 255 0
49 87 421 400 0
51 67 212 77 0
62 19 256 31 0
68 37 274 59 0
37 18 334 26 0
26 23 28 369 0
69 69 75 471 2
94 104 260 443 2
92 75 181 143 4
77 162 461 260 5
41 33 64 490 0
16 14 51 308 0
15 11 51 307 2
22 19 27 369 2
16 16 154 327 2
13 13 169 302 2
23 8 76 257 0
15 15 56 181 0
13 5 77 152 0
15 9 145 118 0
20 48 259 176 0
39 28 395 143 2
39 27 395 144 0
14 22 454 105 0
13 21 454 105 2
77 116 372 255 2
20 17 306 372 2
46 85 421 399 2
21 49 259 178 2
19 9 142 181 0
29 37 233 205 0
24 41 216 233 0
19 20 299 224 0
14 18 278 244 0
20 21 261 236 0
16 17 283 279 0
11 10 309 285 0
18 21 259 311 0
15 12 258 312 2
11 24 230 354 2
19 14 46 45 2
14 3 412 7 2
42 45 214 83 2
