0.04521868050407707 0.571825764596849 0.3636026686434396 0.06858202038924932 5
0.04818383988139363 0.6070435588507878 0.31690140845070425 0.07043558850787768 5
0.04077094143810228 0.6492122335495829 0.3598962194217939 0.0583873957367933 5
0.022238695329873992 0.5477293790546802 0.3313565604151223 0.03151065801668207 5
0.03854707190511486 0.741890639481001 0.5500370644922165 0.050973123262279874 5
0.02742772424017792 0.8901760889712697 0.3613787991104522 0.03985171455050973 5
0.03484062268346924 0.1422613531047266 0.16123054114158636 0.04170528266913809 5
0.022979985174203132 0.8989805375347544 0.39770200148257967 0.029657089898053712 5
0.017790956263899177 0.7099165894346617 0.2357301704966642 0.029657089898053712 5
0.022238695329873992 0.7738646895273401 0.251297257227576 0.022242817423540284 5
0.018532246108228345 0.6978683966635774 0.3710155670867309 0.029657089898053712 5
0.017790956263899177 0.561631139944393 0.4966641957005189 0.02409638554216864 5
0.02594514455151964 0.4856348470806302 0.30133432171979246 0.027803521779425383 0
0.038547071905114916 0.5384615384615384 0.30096367679762787 0.042632066728452295 0
0.08673091178650853 0.9026876737720111 0.27687175685693105 0.16311399443929564 0
0.030392883617494426 0.8595922150139017 0.19755374351371385 0.03614457831325302 0
0.02742772424017792 0.7530120481927711 0.20867309117865085 0.03985171455050973 0
0.015567086730911783 0.7428174235403151 0.17234988880652335 0.019462465245597804 0
0.012601927353595277 0.8878591288229842 0.3621200889547813 0.027803521779425355 0
0.02149740548554485 0.5759962928637627 0.36953298739807267 0.023169601482854518 0
0.017790956263899205 0.644114921223355 0.363232023721275 0.020389249304911927 0
0.016308376575240924 0.5912882298424467 0.3254262416604892 0.025949953660797 0
0.011119347664936996 0.6172381835032438 0.3146775389177168 0.022242817423540284 0
0.017049666419570047 0.1464318813716404 0.05596738324684951 0.03892493049119555 0
0.03558191252779837 0.1936978683966636 0.10155670867309118 0.04819277108433734 0
0.05114899925871015 0.2391102873030584 0.11304670126019274 0.03892493049119555 0
0.024462564862861386 0.3215940685820204 0.1056338028169014 0.025949953660797054 0
0.022238695329873992 0.7539388322520852 0.20756115641215717 0.037998146431881374 5
0.015567086730911783 0.7414272474513438 0.17086730911786507 0.02409638554216864 5
0.02594514455151964 0.8586654309545876 0.19681245366938474 0.03429101019462466 5
0.02668643439584878 0.9721964782205746 0.33728687916975536 0.05189990732159411 5
0.016308376575240924 0.6019462465245597 0.28317272053372866 0.02873030583873959 5
0.03113417346182358 0.123725671918443 0.12008895478131949 0.060240963855421686 5
0.023721275018532245 0.18072289156626506 0.1363973313565604 0.03892493049119555 5
0.02297998517420311 0.2822057460611678 0.04707190511489993 0.052826691380908244 0
0.016308376575240917 0.31417979610750696 0.060044477390659746 0.02780352177942541 5
0.014084507042253516 0.29842446709916587 0.08636026686434396 0.024096385542168697 5
0.017790956263899177 0.3063021316033364 0.13936249073387694 0.03985171455050973 5
0.02594514455151964 0.5454124189063948 0.24499629355077834 0.03614457831325302 5
0.03261675315048185 0.7307692307692307 0.2935507783543366 0.07877664504170523 4
0.21275018532246104 0.9008341056533827 0.8469236471460341 0.190917516218721 1
0.017049666419570064 0.7363299351251158 0.5533728687916976 0.013901760889712733 0
