0.09191994069681242 0.9221501390176088 0.8131949592290586 0.15199258572752544 5
0.017049666419570064 0.7951807228915663 0.7698295033358044 0.027803521779425355 5
0.02075611564121571 0.8220574606116775 0.7857672349888807 0.025949953660797 5
0.01779095626389915 0.8568118628359592 0.8762045959970348 0.04170528266913809 5
0.28910303928836173 0.6348470806302131 0.4714603409933284 0.23540315106580167 5
0.05633802816901412 0.5556070435588508 0.558932542624166 0.0324374420759963 5
0.1430689399555226 0.19925857275254866 0.7713120830244625 0.18489341983317886 5
0.044477390659747984 0.15940685820203893 0.4440326167531505 0.061167747914735865 5
0.052631578947368474 0.037998146431881374 0.5704225352112676 0.027340129749768308 5
0.03854707190511486 0.029657089898053754 0.6627131208302446 0.01760889712696942 5
0.08228317272053376 0.3164967562557924 0.449592290585619 0.13994439295644118 5
0.08376575240919204 0.35959221501390176 0.6193476649369903 0.13531047265987023 5
0.1504818383988139 0.453660797034291 0.4651593773165308 0.10472659870250228 5
0.04670126019273535 0.3674698795180723 0.2553743513713862 0.05468025949953659 0
0.04225352112676056 0.20296570898980537 0.3028169014084507 0.04633920296570898 0
0.0541141586360267 0.2284522706209453 0.3702742772424018 0.058387395736793316 0
0.02594514455151964 0.12001853568118628 0.3524833209785026 0.030583873957367926 0
0.022238695329873992 0.11121408711770157 0.37361008154188285 0.024096385542168683 0
0.02075611564121571 0.05282669138090825 0.30541141586360265 0.024096385542168676 0
0.02594514455151964 0.09823911028730306 0.3109710896960712 0.025949953660797026 0
0.024462564862861372 0.03151065801668211 0.2553743513713862 0.028730305838739575 0
0.04818383988139363 0.4439295644114921 0.30133432171979246 0.050046339202965695 0
0.03409933283914013 0.6088971269694161 0.8873239436619719 0.046339202965709037 0
0.035581912527798354 0.9304911955514366 0.2268346923647146 0.048192771084337394 0
0.02149740548554485 0.9633920296570899 0.19903632320237213 0.03429101019462466 0
0.015567086730911783 0.9800741427247451 0.22720533728687917 0.01575532900834109 0
0.02742772424017792 0.9893419833178869 0.2553743513713862 0.017608897126969447 0
0.013343217197924417 0.20481927710843373 0.8028169014084507 0.029657089898053768 0
0.015567086730911783 0.1876737720111214 0.8202372127501854 0.02316960148285449 0
0.014084507042253502 0.23262279888785914 0.8180133432171979 0.022242817423540326 0
0.01779095626389915 0.2344763670064875 0.8005930318754633 0.022242817423540326 0
0.022238695329873992 0.2581093605189991 0.7916975537435137 0.019462465245597763 0
0.01927353595255743 0.26830398517145504 0.7687175685693106 0.01946246524559779 0
0.04151223128243142 0.6121408711770158 0.32987398072646407 0.043558850787766445 0
0.016308376575240924 0.6223354958294718 0.22535211267605634 0.025023169601482875 0
0.01927353595255743 0.5801668211306765 0.41808747220163084 0.020389249304911927 0
0.016308376575240924 0.6135310472659871 0.37212750185322463 0.025949953660797 0
0.01927353595255743 0.6329935125115848 0.38621200889547813 0.022242817423540284 0
0.022979985174203132 0.608433734939759 0.39770200148257967 0.0324374420759963 0
0.01927353595255743 0.870713623725672 0.27575982209043737 0.03429101019462466 5
0.03335804299481099 0.8577386468952733 0.4651593773165308 0.03985171455050973 5
0.07635285396590066 0.8100092678405931 0.14936990363232025 0.1297497683039851 5
0.058561897702001486 0.7803521779425394 0.26130467012601927 0.10936051899907318 5
0.04151223128243142 0.7706209453197405 0.3543365455893254 0.0806302131603337 5
0.053372868791697545 0.7840593141797961 0.10229799851742032 0.1779425393883225 5
0.012601927353595221 0.6830398517145505 0.8439584877687175 0.02409638554216864 0
0.09191994069681242 0.5898980537534755 0.8977020014825797 0.1455050973123262 0
0.026686434395848724 0.06719184430027804 0.6226834692364714 0.037998146431881374 0
0.011860637509266136 0.1195551436515292 0.6174944403261675 0.02409638554216867 0
0.010378057820607856 0.07645968489341984 0.6908821349147517 0.019462465245597776 0
0.02742772424017792 0.02131603336422614 0.6638250555967383 0.015291936978683968 0
0.037805782060785775 0.037998146431881374 0.5756115641215716 0.019925857275254866 0
0.015567086730911783 0.2608897126969416 0.09377316530763528 0.017608897126969406 0
0.013343217197924362 0.29842446709916587 0.4618235730170497 0.011121408711770142 0
0.017049666419570064 0.39527340129749766 0.6193476649369903 0.01760889712696939 0
0.013343217197924417 0.3855421686746988 0.6323202372127502 0.01853568118628357 0
0.00963676797627877 0.3628359592215014 0.6438102297998517 0.015755329008341035 0
0.04151223128243142 0.5727525486561631 0.7316530763528539 0.05189990732159411 0
0.022979985174203077 0.3628359592215014 0.7564862861378799 0.04170528266913809 5
0.017049666419570064 0.44670991658943465 0.7483320978502594 0.03521779425393884 5
0.013343217197924417 0.4777571825764596 0.7524091919940696 0.025023169601482848 5
0.03187546330615276 0.26506024096385544 0.5467012601927353 0.03892493049119555 5
