0.494140625 0.96484375 0.6005859375 0.0625 1
0.267578125 0.2734375 0.8427734375 0.125 5
0.0625 0.728515625 0.638671875 0.2265625 5
0.212890625 0.5283203125 0.3740234375 0.103515625 5
0.17578125 0.5478515625 0.865234375 0.111328125 5
0.568359375 0.48046875 0.6171875 0.330078125 4
0.0390625 0.625 0.94921875 0.046875 5
0.033203125 0.6943359375 0.4345703125 0.025390625 5
0.02734375 0.609375 0.27734375 0.0390625 5
0.01953125 0.267578125 0.916015625 0.03515625 2
0.0244140625 0.7890625 0.044921875 0.18359375 2
0.12109375 0.9189453125 0.18359375 0.154296875 2
