0.06449221645663453 0.09453197405004633 0.24796145292809488 0.07043558850787766 0
0.0296515937731653 0.16172381835032437 0.2750185322461082 0.032437442075996276 0
0.034099332839140094 0.16126042632066728 0.10155670867309116 0.03892493049119555 0
0.03854707190511491 0.24606116774791473 0.1541882876204596 0.06580166821130676 0
0.030392883617494447 0.3943466172381835 0.11601186063750926 0.03985171455050973 0
0.024462564862861386 0.340129749768304 0.12416604892512972 0.020389249304911927 0
0.037805782060785775 0.34986098239110286 0.18865826538176428 0.03614457831325302 0
0.031134173461823567 0.5537534754402225 0.14158636026686433 0.03614457831325302 0
0.038547071905114895 0.032900834105653386 0.1245366938472943 0.025023169601482854 0
0.03854707190511489 0.04448563484708063 0.24091919940696813 0.02687673772011121 0
0.01927353595255743 0.022242817423540315 0.32987398072646407 0.017608897126969416 0
0.09414381022979987 0.32854494902687675 0.24425500370644923 0.09916589434661723 4
0.030392883617494443 0.32483781278962004 0.03669384729429208 0.030583873957367946 5
0.14751667902149737 0.7502316960148285 0.4295774647887324 0.11028730305838741 7
0.14974054855448476 0.43790546802595 0.1697553743513714 0.267840593141798 7
0.18828762045959968 0.1835032437442076 0.2601927353595256 0.18257645968489342 7
0.11712379540400294 0.24189063948100092 0.4403261675315048 0.11306765523632994 7
0.020385470719051148 0.9425393883225208 0.039288361749444035 0.08341056533827618 2
0.3884358784284656 0.7835959221501392 0.7272053372868792 0.42354031510658025 1
0.022238695329873992 0.335032437442076 0.34099332839140106 0.026876737720111232 0
0.01927353595255743 0.3373493975903614 0.3617494440326168 0.024096385542168697 0
0.02816901408450706 0.2298424467099166 0.3839881393624907 0.04448563484708064 0
0.009636767976278715 0.23123262279888787 0.3598962194217939 0.015755329008341062 0
0.014825796886582643 0.4439295644114921 0.16308376575240918 0.024096385542168697 5
