0.10822831727205338 0.3887859128822984 0.2668643439584878 0.16404077849860982 4
0.026686434395848724 0.4198331788693234 0.7479614529280949 0.050046339202965695 5
0.03706449221645669 0.20435588507877664 0.6419570051890289 0.06580166821130676 5
0.024462564862861358 0.1969416126042632 0.5237212750185323 0.0509731232622799 5
0.03039288361749448 0.42122335495829477 0.5467012601927353 0.12140871177015758 5
0.022238695329873992 0.23123262279888787 0.5774647887323944 0.032437442075996276 5
0.024462564862861386 0.7089898053753475 0.494069681245367 0.040778498609823965 5
0.022238695329873992 0.7794253938832252 0.5337286879169756 0.03892493049119561 5
0.02742772424017792 0.9249304911955515 0.416234247590808 0.05189990732159411 5
0.02594514455151964 0.4647822057460611 0.44366197183098594 0.039851714550509704 5
0.04595997034840624 0.5481927710843374 0.23647146034099334 0.10101946246524562 0
0.02001482579688657 0.654772937905468 0.2509266123054114 0.04170528266913809 0
0.051890289103039305 0.2511584800741427 0.20978502594514456 0.07228915662650603 5
0.03484062268346923 0.19230769230769232 0.253891771682728 0.05838739573679333 5
0.0252038547071905 0.23308619091751623 0.3061527057079318 0.03058387395736792 5
0.0289103039288362 0.07228915662650602 0.3220904373610082 0.029657089898053754 5
0.0252038547071905 0.09267840593141798 0.29132690882134915 0.024096385542168683 5
0.022979985174203132 0.32391102873030586 0.3480355819125278 0.026876737720111232 5
0.01927353595255743 0.2859128822984245 0.32320237212750186 0.02873030583873959 0
0.03854707190511489 0.12001853568118628 0.1816160118606375 0.037998146431881374 0
0.02001482579688657 0.10797034291010195 0.14788732394366197 0.02502316960148286 0
0.031134173461823567 0.1556997219647822 0.14825796886582654 0.03151065801668212 0
0.055596738324684945 0.19972196478220575 0.09970348406226834 0.05653382761816497 0
0.021497405485544845 0.2618164967562558 0.029651593773165306 0.03614457831325302 0
0.02149740548554485 0.3276181649675626 0.16123054114158636 0.0324374420759963 0
0.029651593773165313 0.18489341983317886 0.18680504077094143 0.026876737720111205 0
0.019273535952557458 0.22706209453197404 0.13194959229058562 0.027803521779425383 0
0.022979985174203132 0.6047265987025023 0.3161601186063751 0.04911955514365152 0
0.008154188287620462 0.2942539388322521 0.15233506300963676 0.01204819277108432 0
0.007412898443291321 0.29008341056533826 0.17272053372868792 0.0129749768303985 0
0.01260192735359525 0.4031510658016682 0.15159377316530764 0.014828544949026856 0
0.011119347664936996 0.4522706209453197 0.19977761304670125 0.0129749768303985 0
0.009636767976278715 0.47080630213160335 0.21163825055596738 0.014828544949026856 0
0.00963676797627877 0.20296570898980537 0.6430689399555226 0.020389249304911955 0
0.008895478131949575 0.19879518072289157 0.5263157894736842 0.015755329008341062 0
0.006671608598962209 0.38229842446709916 0.544477390659748 0.01204819277108432 0
0.01111934766493694 0.4230769230769231 0.5474425500370645 0.01204819277108432 0
0.005930318754633013 0.4221501390176089 0.7494440326167532 0.026876737720111232 0
0.01260192735359525 0.05143651529193698 0.13157894736842105 0.015755329008341052 5
0.3209785025945145 0.726598702502317 0.8328391401037807 0.541241890639481 1
