0.10229799851742033 0.9541241890639481 0.2727946627131208 0.0806302131603337 1
0.32913269088213487 0.6607970342910103 0.8243143068939955 0.6556997219647822 4
0.06300963676797627 0.3985171455050973 0.44217939214232765 0.19091751621872108 5
0.03187546330615265 0.6793327154772938 0.5867309117865085 0.048192771084337394 0
0.02668643439584878 0.7724745134383688 0.33728687916975536 0.02873030583873959 0
0.02594514455151964 0.7840593141797961 0.29911045218680504 0.02409638554216864 5
0.0971089696071164 0.2882298424467099 0.2687175685693106 0.2822057460611678 5
0.06671608598962195 0.5032437442075997 0.229058561897702 0.22242817423540318 5
0.06300963676797622 0.06765523632993513 0.7587101556708673 0.05607043558850787 5
0.05337286879169756 0.15801668211306766 0.7138621200889548 0.07692307692307693 5
0.023721275018532273 0.09453197405004635 0.8702742772424018 0.058387395736793336 0
0.03706449221645669 0.07924003707136237 0.8206078576723499 0.043558850787766445 0
0.03706449221645669 0.07599629286376275 0.6167531504818384 0.04633920296570898 0
0.016308376575240868 0.16635773864689526 0.6679021497405485 0.02873030583873956 5
0.026686434395848724 0.07228915662650602 0.7071905114899926 0.05375347544022242 5
0.014084507042253502 0.2386468952734013 0.7023721275018532 0.02873030583873956 5
0.024462564862861358 0.24374420759962928 0.7542624166048925 0.022242817423540326 5
0.0289103039288362 0.49165894346617245 0.7386953298739807 0.05282669138090826 5
0.023721275018532273 0.5296570898980537 0.7961452928094885 0.03614457831325302 5
0.03261675315048185 0.24003707136237257 0.4395848776871757 0.029657089898053768 0
0.024462564862861358 0.10750695088044486 0.5585618977020015 0.03707136237256718 5
0.037064492216456635 0.030583873957367932 0.3424759080800593 0.025486561631139944 0
0.04818383988139363 0.09916589434661724 0.3702742772424018 0.09267840593141799 0
0.0704225352112676 0.1093605189990732 0.15233506300963676 0.06116774791473586 5
0.08747220163083766 0.11353104726598703 0.17642698295033357 0.06024096385542169 0
0.03558191252779836 0.22567191844300277 0.14232765011119347 0.037998146431881374 0
0.04670126019273535 0.24003707136237257 0.18865826538176428 0.03521779425393884 0
0.0429948109710897 0.2117701575532901 0.2016308376575241 0.030583873957367946 0
0.04002965159377317 0.2794253938832252 0.17272053372868792 0.0324374420759963 0
0.01408450704225353 0.28637627432808155 0.2049666419570052 0.03336422613531048 5
0.02668643439584878 0.2905468025949954 0.37361008154188285 0.037998146431881374 0
0.031134173461823567 0.3470806302131603 0.5522609340252038 0.050973123262279874 0
0.09414381022979987 0.530583873957368 0.46886582653817643 0.12696941612604262 5
0.2542624166048925 0.6811862835959221 0.3680504077094144 0.2298424467099166 4
0.14677538917716826 0.10379981464318813 0.5507783543365455 0.060240963855421686 4
0.20014825796886582 0.3410565338276182 0.8858413639733136 0.18535681186283598 4
0.03632320237212751 0.14967562557924002 0.23239436619718312 0.03614457831325302 0
0.09562638991845812 0.27247451343836887 0.2664936990363232 0.19462465245597776 0
0.017049666419570064 0.3405931417979611 0.33765752409191996 0.023169601482854518 0
0.014084507042253502 0.5537534754402225 0.42142327650111194 0.010194624652456019 0
0.007412898443291294 0.21037998146431883 0.860637509266123 0.01668211306765524 0
0.00963676797627877 0.20898980537534753 0.8721275018532246 0.013901760889712705 0
0.00963676797627877 0.25069508804448565 0.8617494440326168 0.01575532900834105 0
0.01111934766493694 0.07970342910101946 0.8721275018532246 0.020389249304911955 0
0.007412898443291294 0.09036144578313253 0.8636026686434396 0.019462465245597776 0
0.018532246108228345 0.0505097312326228 0.8721275018532246 0.036144578313253004 0
0.016308376575240868 0.025949953660797033 0.8702742772424018 0.02224281742354032 0
0.00963676797627877 0.07043558850787766 0.812824314306894 0.012974976830398513 0
0.01111934766493694 0.07877664504170528 0.829873980726464 0.014828544949026884 0
0.00963676797627877 0.08433734939759036 0.7075611564121571 0.01668211306765524 0
0.00815418828762049 0.16265060240963855 0.7164566345441068 0.012048192771084348 0
0.008895478131949575 0.16635773864689526 0.6708673091178651 0.013901760889712705 0
0.014084507042253502 0.025949953660797033 0.5963676797627873 0.02224281742354032 0
0.00815418828762049 0.025023169601482854 0.6363973313565604 0.012974976830398518 0
0.010378057820607856 0.242354031510658 0.44180874722016306 0.021316033364226133 0
0.008895478131949575 0.2428174235403151 0.43217197924388434 0.018535681186283584 0
0.11045218680504075 0.9286376274328083 0.21942179392142325 0.5329008341056534 1
0.039288361749444056 0.6997219647822057 0.5978502594514455 0.046339202965709037 5
0.10378057820607856 0.04819277108433735 0.5959970348406227 0.025949953660797036 5
0.039288361749444056 0.06441149212233549 0.5133432171979244 0.04170528266913809 5
0.05337286879169756 0.14782205746061167 0.860637509266123 0.08989805375347543 5
0.0652335063009637 0.3072289156626506 0.8517420311341735 0.11770157553290084 5
0.058561897702001486 0.08989805375347544 0.1530763528539659 0.05514365152919369 0
0.02001482579688657 0.3387395736793327 0.3361749444032617 0.026876737720111232 5
0.02816901408450706 0.2882298424467099 0.3758339510748703 0.04077849860982391 5
0.0289103039288362 0.24003707136237257 0.4369903632320237 0.03336422613531048 5
0.01927353595255743 0.33225208526413347 0.4262416604892513 0.03429101019462466 0
0.010378057820607856 0.33642261353104724 0.44848035581912526 0.016682113067655213 0
0.011119347664936996 0.37349397590361444 0.44217939214232765 0.01853568118628357 0
0.010378057820607856 0.40639481000926786 0.4492216456634544 0.01204819277108432 0
0.011119347664936996 0.4388322520852641 0.44885100074128986 0.015755329008341035 0
0.058561897702001486 0.4555143651529193 0.4318013343217198 0.11214087117701574 0
0.022979985174203105 0.5783132530120482 0.5066716085989622 0.03707136237256714 0
0.008154188287620434 0.7298424467099166 0.37546330615270573 0.01575532900834109 0
0.016308376575240924 0.7238183503243745 0.36397331356560414 0.01853568118628357 0
0.03335804299481099 0.7182576459684893 0.27909562638991847 0.027803521779425355 0
0.01927353595255743 0.6899907321594069 0.28984432913269087 0.002780352177942591 0
0.040029651593773155 0.7117701575532901 0.27798369162342473 0.046339202965709037 5
0.01927353595255743 0.6163113994439295 0.3765752409191994 0.020389249304911927 5
0.038547071905114916 0.6329935125115848 0.41363973313565605 0.033364226135310426 5
0.0252038547071905 0.6167747914735866 0.4647887323943662 0.0324374420759963 5
0.04670126019273535 0.07877664504170528 0.8180133432171979 0.0783132530120482 5
