0.02186805040770941 0.9481000926784059 0.04373610081541883 0.08897126969416125 2
0.024462564862861358 0.4555143651529194 0.6349147516679021 0.02873030583873959 0
0.016308376575240868 0.45597775718257644 0.6612305411415864 0.025949953660797054 0
0.03409933283914013 0.5940685820203893 0.6330615270570793 0.02409638554216864 0
0.016308376575240868 0.6204819277108434 0.5663454410674573 0.012048192771084376 0
0.02075611564121571 0.6385542168674698 0.5737583395107487 0.020389249304911927 0
0.02075611564121571 0.6589434661723819 0.5848776871756857 0.02409638554216864 0
0.02075611564121571 0.6955514365152919 0.5959970348406227 0.037998146431881374 0
0.014084507042253502 0.7066728452270621 0.5637509266123054 0.02873030583873959 0
0.016308376575240868 0.8929564411492122 0.5277983691623425 0.030583873957367946 0
0.01927353595255743 0.9198331788693235 0.5730170496664195 0.056533827618164945 0
0.03484062268346921 0.9833178869323449 0.5518902891030393 0.029657089898053768 0
0.030392883617494426 0.8962001853568119 0.45478131949592293 0.020389249304911927 0
0.022238695329873992 0.41427247451343835 0.5678280207561156 0.025949953660797054 0
0.0289103039288362 0.42910101946246526 0.5326167531504818 0.024096385542168697 0
0.01927353595255743 0.22798887859128822 0.5248332097850259 0.020389249304911955 0
0.03558191252779838 0.2571825764596849 0.530763528539659 0.02687673772011122 0
0.023721275018532273 0.6482854494902688 0.5159377316530763 0.0324374420759963 5
0.022238695329873992 0.4230769230769231 0.5277983691623425 0.025023169601482875 5
0.07301704966641956 0.5125115848007414 0.14455151964418086 0.41010194624652463 1
0.1289844329132691 0.7103799814643188 0.5552260934025204 0.1974050046339203 7
0.1223128243143069 0.6714550509731233 0.7461082283172721 0.11399443929564412 7
0.1445515196441809 0.9026876737720111 0.5311341734618236 0.18350324374420762 7
0.022979985174203077 0.4161260426320667 0.6645663454410674 0.025949953660797054 0
0.01482579688658267 0.025486561631139944 0.4951816160118606 0.023169601482854497 0
0.01111934766493694 0.07738646895273402 0.5733876945885842 0.02316960148285449 0
0.016308376575240868 0.1283595922150139 0.5433654558932542 0.03243744207599628 0
0.007412898443291294 0.6492122335495829 0.5203854707190512 0.01575532900834109 0
