0.1489583333333333 0.6509259259259259 0.7833333333333333 0.5407407407407407 0
0.030729166666666696 0.9523148148148148 0.7513020833333334 0.03425925925925921 0
0.04375000000000001 0.7138888888888889 0.415625 0.05555555555555558 0
0.01874999999999999 0.8115740740740741 0.33125 0.026851851851851904 0
0.013541666666666674 0.8384259259259259 0.30572916666666666 0.019444444444444486 0
0.01510416666666664 0.888425925925926 0.27734375 0.02314814814814814 0
0.01874999999999999 0.6615740740740741 0.48125 0.017592592592592604 0
0.015104166666666696 0.399537037037037 0.54921875 0.025000000000000022 0
0.01302083333333337 0.5050925925925925 0.58515625 0.021296296296296285 0
0.018750000000000044 0.912962962962963 0.6203125 0.0444444444444444 0
0.011979166666666652 0.8689814814814815 0.61484375 0.019444444444444486 0
0.02239583333333328 0.46018518518518514 0.5518229166666667 0.06111111111111109 0
0.15312499999999996 0.6425925925925926 0.784375 0.5462962962962963 1
