0.24388435878428466 0.7126969416126041 0.4699777613046701 0.5430954587581094 6
0.07672349888806523 0.535681186283596 0.15196441808747221 0.37349397590361444 1
0.026686434395848724 0.3253012048192771 0.7338769458858414 0.044485634847080624 0
0.01927353595255743 0.08016682113067655 0.6108228317272053 0.03429101019462466 0
0.024462564862861358 0.03707136237256719 0.6022979985174203 0.02873030583873957 0
0.02668643439584878 0.2015755329008341 0.3647146034099333 0.03429101019462466 0
0.038547071905114916 0.03429101019462465 0.3380281690140845 0.019925857275254866 0
0.022238695329873992 0.10148285449490269 0.32987398072646407 0.025023169601482848 0
0.06597479614529281 0.19045412418906396 0.14492216456634543 0.14921223354958293 5
0.053372868791697545 0.2845227062094532 0.1156412157153447 0.16311399443929564 5
0.05633802816901408 0.3572752548656163 0.09340252038547071 0.14735866543095455 5
0.04077094143810229 0.4351251158480074 0.1078576723498888 0.11770157553290084 5
0.054855448480355826 0.40593141797961074 0.12305411415863603 0.09453197405004632 5
0.06300963676797627 0.42168674698795183 0.16567828020756115 0.1037998146431881 5
0.0681986656782802 0.4545875810936052 0.21052631578947367 0.07877664504170526 5
0.10378057820607857 0.5217794253938832 0.257227575982209 0.10565338276181649 5
0.1022979985174203 0.5055607043558851 0.156412157153447 0.12511584800741427 5
0.06263899184581173 0.4962928637627433 0.06300963676797627 0.1195551436515292 5
0.0626389918458117 0.5208526413345691 0.10896960711638251 0.29935125115848005 5
0.030392883617494426 0.7965708989805376 0.44217939214232765 0.04911955514365152 5
0.03558191252779838 0.8234476367006488 0.46553002223869533 0.037998146431881374 5
0.01927353595255743 0.7919369786839666 0.44180874722016306 0.03429101019462466 0
0.016308376575240924 0.8188137164040779 0.46404744255003705 0.025023169601482875 0
0.02742772424017792 0.8192771084337349 0.6734618235730171 0.022242817423540284 0
0.024462564862861358 0.23076923076923078 0.5118606375092661 0.027803521779425397 5
0.26019273535952553 0.9564411492122336 0.8624907338769459 0.5106580166821131 4
0.08524833209785027 0.8739573679332715 0.2954040029651594 0.20018535681186278 5
0.00815418828762049 0.3994439295644115 0.8580429948109711 0.0129749768303985 0
0.00963676797627877 0.34291010194624655 0.9492216456634545 0.014828544949026856 0
0.007412898443291294 0.21455050973123263 0.8176426982950333 0.013901760889712705 0
0.00815418828762049 0.23169601482854496 0.7164566345441068 0.009267840593141785 0
0.024462564862861358 0.12604263206672844 0.6986656782802075 0.02965708989805376 0
0.007412898443291294 0.05375347544022244 0.8910303928836175 0.01112140871177016 0
0.008895478131949575 0.033827618164967564 0.8673091178650852 0.010194624652455977 0
0.018532246108228345 0.023169601482854494 0.8209785025945144 0.013438368860055606 0
0.023721275018532273 0.08711770157553289 0.3825055596738325 0.0407784986098239 0
0.017790956263899205 0.12882298424467098 0.40029651593773163 0.01668211306765524 0
0.01334321719792439 0.16774791473586653 0.1608598962194218 0.022242817423540312 0
0.01927353595255743 0.4833178869323448 0.3699036323202372 0.023169601482854518 0
0.04151223128243142 0.5801668211306765 0.43587842846553004 0.05746061167747918 0
0.006671608598962209 0.8582020389249305 0.3569310600444774 0.014828544949026856 0
0.19421793921423275 0.7692307692307693 0.385470719051149 0.45412418906394814 1
0.057079318013343205 0.04355885078776645 0.3391401037805782 0.024559777571825765 5
0.08747220163083769 0.8141797961075069 0.6560415122312825 0.08619091751621877 5
