0.03316326530612246 0.36648501362397823 0.3482142857142857 0.035422343324250705 0
0.040816326530612235 0.391008174386921 0.14030612244897958 0.040871934604904625 0
0.03826530612244897 0.5177111716621253 0.2308673469387755 0.043596730245231585 0
0.020408163265306145 0.5544959128065395 0.27040816326530615 0.02452316076294281 0
0.08163265306122447 0.5967302452316077 0.33163265306122447 0.043596730245231585 0
0.07142857142857141 0.6185286103542235 0.29591836734693877 0.05449591280653954 0
0.025510204081632654 0.6280653950953679 0.18877551020408162 0.05177111716621252 0
0.06377551020408162 0.7166212534059946 0.21556122448979592 0.04904632152588562 0
0.05867346938775511 0.8038147138964578 0.14668367346938777 0.038147138964577665 0
0.03316326530612246 0.6825613079019074 0.33035714285714285 0.02997275204359673 0
0.14285714285714285 0.7247956403269755 0.4387755102040816 0.05449591280653954 0
0.022959183673469385 0.6743869209809265 0.41709183673469385 0.019073569482288777 0
0.04591836734693877 0.4822888283378747 0.3903061224489796 0.07084468664850138 0
0.022959183673469385 0.4100817438692098 0.475765306122449 0.02452316076294281 0
0.02551020408163268 0.42370572207084467 0.4387755102040816 0.02997275204359673 0
0.03316326530612246 0.44141689373297005 0.4732142857142857 0.038147138964577665 0
0.06887755102040816 0.3528610354223433 0.5420918367346939 0.0463215258855586 0
0.24234693877551017 0.9073569482288828 0.8635204081632653 0.4972752043596731 1
0.2984693877551021 0.24795640326975477 0.5497448979591837 0.1485013623978202 3
