0.02112676056338028 0.9443929564411492 0.04225352112676056 0.09267840593141796 2
0.6493699036323202 0.8512511584800742 0.6893995552260934 0.2696941612604264 4
0.2446256486286138 0.11121408711770156 0.41512231282431433 0.062094531974050036 4
0.05114899925871014 0.2006487488415199 0.3398813936249073 0.07506950880444856 5
0.04595997034840621 0.35032437442076 0.46108228317272054 0.07228915662650603 5
0.022979985174203077 0.6839666357738647 0.667531504818384 0.022242817423540284 0
0.0289103039288362 0.7159406858202039 0.667531504818384 0.03429101019462466 0
0.03854707190511486 0.6848934198331789 0.614529280948851 0.040778498609823854 0
0.04151223128243142 0.6524559777571826 0.6404744255003706 0.040778498609823854 0
0.022979985174203077 0.572289156626506 0.5244625648628614 0.03985171455050973 0
0.016308376575240868 0.5797034291010195 0.5470719051148999 0.03985171455050973 0
0.05930318754633057 0.593141797961075 0.5848776871756857 0.07043558850787768 0
0.02075611564121571 0.3827618164967563 0.5700518902891031 0.04077849860982391 0
0.023721275018532273 0.43327154772937904 0.5685693106004448 0.03985171455050973 0
0.01779095626389915 0.6519925857275255 0.5604151223128243 0.03614457831325302 0
0.013343217197924417 0.8535681186283596 0.5663454410674573 0.020389249304911927 0
0.014825796886582698 0.8739573679332715 0.5737583395107487 0.020389249304911927 0
0.01927353595255743 0.26737720111214086 0.5856189770200149 0.037998146431881374 0
0.02075611564121571 0.2891566265060241 0.5448480355819125 0.025949953660797054 0
0.09599703484062269 0.607970342910102 0.19199406968124536 0.33827618164967554 1
0.15492957746478875 0.8688600556070436 0.5229799851742031 0.19925857275254866 7
0.03409933283914007 0.696014828544949 0.4855448480355819 0.03892493049119561 7
0.031134173461823567 0.8864689527340129 0.4106745737583395 0.026876737720111232 7
0.024462564862861358 0.7571825764596849 0.4725722757598221 0.025949953660797 7
0.057820607857672374 0.10472659870250231 0.46404744255003705 0.06348470806302131 7
0.10452186805040772 0.40963855421686746 0.5378057820607858 0.33549582947173306 7
0.16234247590808004 0.896200185356812 0.7379540400296516 0.1668211306765524 7
