0.5700518902891032 0.9351251158480074 0.821349147516679 0.47868396663577384 3
0.03706449221645658 0.13253012048192772 0.8250555967383247 0.05189990732159407 1
0.04966641957005191 0.19601482854494903 0.890659747961453 0.06580166821130676 1
0.04002965159377314 0.25764596848934196 0.9266123054114158 0.05746061167747914 1
0.048183839881393575 0.22520852641334568 0.9736842105263157 0.11121408711770156 1
0.0289103039288362 0.4902687673772011 0.9462564862861379 0.037071362372567196 1
0.09340252038547073 0.5630213160333642 0.22609340252038548 0.09545875810936055 5
0.27390659747961454 0.7868396663577386 0.5448480355819125 0.40593141797961074 4
0.0340993328391401 0.03985171455050973 0.12750185322461083 0.024559777571825762 1
0.10303928836174943 0.15106580166821132 0.3472942920681987 0.10750695088044487 5
0.09414381022979984 0.3132530120481928 0.2798369162342476 0.09267840593141796 5
0.26834692364714596 0.5551436515291936 0.5389177168272795 0.2775718257645968 5
0.24166048925129724 0.6682113067655236 0.47739065974796147 0.18350324374420757 5
0.1830985915492958 0.8619091751621872 0.49258710155670865 0.2650602409638554 5
0.11489992587101555 0.19601482854494903 0.24054855448480356 0.13253012048192772 5
0.030392883617494454 0.5417052826691381 0.22201630837657524 0.025023169601482875 0
0.0296515937731653 0.5764596848934198 0.2335063009636768 0.022242817423540284 0
0.03854707190511486 0.05097312326227989 0.6189770200148258 0.03892493049119555 0
0.09266123054114161 0.18535681186283595 0.5148257968865827 0.09453197405004635 0
0.057079318013343205 0.26830398517145504 0.5214974054855448 0.05653382761816496 0
0.07338769458858416 0.30954587581093607 0.5044477390659748 0.050046339202965695 0
0.0956263899184581 0.12511584800741427 0.5919199406968124 0.12233549582947173 0
0.02742772424017792 0.8095458758109361 0.8787991104521868 0.0324374420759963 0
0.036323202372127494 0.43836886005560705 0.5659747961452928 0.02780352177942541 0
