0.1015625 0.7333984375 0.7890625 0.138671875 2
0.662109375 0.416015625 0.6640625 0.2099609375 2
0.06640625 0.125 0.09765625 0.07421875 0
0.1611328125 0.5302734375 0.314453125 0.494140625 4
0.072265625 0.193359375 0.1279296875 0.12109375 2
0.046875 0.2021484375 0.07421875 0.044921875 2
0.041015625 0.2900390625 0.1552734375 0.072265625 2
0.02734375 0.3525390625 0.177734375 0.044921875 2
0.03515625 0.3994140625 0.224609375 0.037109375 2
0.015625 0.673828125 0.322265625 0.04296875 2
0.029296875 0.6767578125 0.3583984375 0.091796875 2
0.044921875 0.6875 0.4033203125 0.0703125 2
