0.5250836120401338 0.8862144420131293 0.5785953177257525 0.45623632385120355 3
0.12040133779264217 0.11159737417943107 0.9063545150501672 0.09299781181619256 2
0.11538461538461539 0.11159737417943107 0.12123745819397994 0.09299781181619256 2
0.038461538461538464 0.28665207877461707 0.12123745819397994 0.0612691466083151 2
0.03010033444816053 0.25711159737417943 0.2625418060200669 0.06783369803063456 2
0.021739130434782622 0.24835886214442013 0.4958193979933111 0.05032822757111596 2
0.03511705685618727 0.2778993435448578 0.4523411371237458 0.048140043763676144 2
0.030100334448160543 0.5350109409190372 0.17391304347826086 0.0547045951859956 2
0.026755852842809374 0.5798687089715536 0.1939799331103679 0.0481400437636762 2
0.04013377926421405 0.8369803063457331 0.1605351170568562 0.06783369803063455 2
0.03678929765886289 0.9113785557986871 0.2809364548494983 0.06345733041575496 2
0.038461538461538436 0.9398249452954048 0.4306020066889632 0.054704595185995575 2
0.026755852842809347 0.5722100656455142 0.5133779264214047 0.045951859956236296 2
0.03177257525083613 0.5470459518599562 0.47073578595317733 0.05251641137855578 2
0.041806020066889604 0.7231947483588621 0.8887959866220736 0.05908096280087527 2
0.22742474916387956 0.9310722100656456 0.7608695652173914 0.12472647702407003 2
0.16220735785953178 0.9682713347921226 0.3219063545150502 0.050328227571115935 2
