0.28515625 0.169921875 0.3671875 0.0966796875 0
0.1884765625 0.275390625 0.314453125 0.1171875 0
0.1953125 0.07421875 0.603515625 0.044921875 0
0.173828125 0.2021484375 0.6455078125 0.162109375 0
0.037109375 0.1298828125 0.7841796875 0.064453125 0
0.046875 0.0771484375 0.833984375 0.060546875 0
0.041015625 0.0390625 0.8193359375 0.0234375 0
0.048828125 0.232421875 0.8212890625 0.05078125 0
0.0390625 0.31640625 0.759765625 0.0703125 0
0.095703125 0.369140625 0.9287109375 0.23046875 0
0.2900390625 0.7236328125 0.552734375 0.541015625 4
0.033203125 0.751953125 0.3681640625 0.04296875 0
0.02734375 0.7626953125 0.423828125 0.076171875 0
0.033203125 0.1318359375 0.0693359375 0.068359375 0
0.01171875 0.3935546875 0.01953125 0.021484375 0
0.025390625 0.2626953125 0.3935546875 0.025390625 0
0.01953125 0.123046875 0.48828125 0.02734375 0
0.033203125 0.197265625 0.5263671875 0.03515625 0
0.037109375 0.04296875 0.4599609375 0.021484375 0
0.021484375 0.369140625 0.9833984375 0.05078125 0
