0.018161601186063754 0.7502316960148285 0.0363232023721275 0.1807228915662651 1
0.23535952557449966 0.902224281742354 0.3951074870274277 0.17516218721037996 1
0.0252038547071905 0.05838739573679333 0.4558932542624166 0.05607043558850788 0
0.03484062268346921 0.15384615384615385 0.5318754633061527 0.09267840593141796 0
0.09710896960711635 0.16682113067655235 0.611934766493699 0.1149212233549583 0
0.02742772424017792 0.14828544949026876 0.712008895478132 0.03521779425393884 0
0.022979985174203077 0.36468952734012977 0.7268346923647147 0.04726598702502316 0
0.06226834692364713 0.6853568118628359 0.8517420311341735 0.09731232622798891 0
0.1082283172720534 0.6265060240963856 0.6968124536693847 0.11121408711770153 0
0.06300963676797625 0.711306765523633 0.5622683469236471 0.12326227988878591 0
0.09117865085248333 0.36932344763670066 0.5022238695329874 0.14365152919369784 0
0.043736100815418816 0.2293790546802595 0.5177909562638991 0.06394810009267841 0
0.047442550037064546 0.3025949953660797 0.5759822090437361 0.13438368860055605 0
0.036323202372127494 0.31047265987025024 0.6445515196441809 0.07414272474513439 0
0.058561897702001486 0.12418906394810009 0.27909562638991847 0.055607043558850794 0
0.04892512972572277 0.15477293790546803 0.35507783543365457 0.055607043558850794 0
0.06597479614529278 0.252548656163114 0.38139362490733875 0.09916589434661723 0
0.07783543365455892 0.26413345690454126 0.2998517420311342 0.13345690454124193 0
0.07709414381022979 0.3697868396663577 0.3254262416604892 0.0778498609823911 0
0.05040770941438105 0.36190917516218724 0.3995552260934025 0.08804448563484707 0
0.0859896219421794 0.5296570898980537 0.31653076352853965 0.06950880444856347 0
0.04595997034840622 0.6455050973123262 0.279466271312083 0.1065801668211307 0
0.09117865085248333 0.6496756255792401 0.3799110452186805 0.11306765523632989 0
0.2861378799110452 0.14272474513438368 0.519644180874722 0.08433734939759036 7
0.11045218680504076 0.247451343836886 0.2954040029651594 0.2293790546802595 7
0.11564121571534469 0.2520852641334569 0.41512231282431433 0.07599629286376275 7
0.13343217197924387 0.38693234476367006 0.5159377316530763 0.1696014828544949 7
0.06968124536693848 0.4198331788693234 0.4032616753150482 0.18350324374420762 7
0.15344699777613047 0.5185356811862836 0.35174203113417346 0.34754402224281744 7
0.1445515196441809 0.7845227062094532 0.6208302446256486 0.2233549582947173 7
0.07561156412157155 0.5732159406858202 0.7020014825796886 0.19925857275254866 7
0.1578947368421053 0.6617238183503243 0.7965159377316531 0.11862835959221496 7
0.12008895478131953 0.4726598702502317 0.8243143068939955 0.11862835959221499 7
0.10896960711638248 0.2873030583873957 0.8202372127501854 0.16682113067655235 7
0.09043736100815425 0.3670064874884152 0.7160859896219421 0.13716404077849859 7
0.02149740548554485 0.7349397590361446 0.2894736842105263 0.022242817423540284 0
0.1082283172720534 0.5134383688600556 0.5240919199406968 0.09453197405004632 5
0.06968124536693843 0.577386468952734 0.6189770200148258 0.13345690454124193 5
