0.43439584877687176 0.9184430027803522 0.7753891771682728 0.4842446709916589 4
0.2902149740548555 0.2789620018535681 0.40548554484803556 0.14782205746061167 5
0.0737583395107487 0.4439295644114921 0.13713862120088954 0.3855421686746988 1
0.036323202372127494 0.16589434661723818 0.8372868791697554 0.048192771084337345 0
0.01927353595255743 0.09221501390176089 0.7435137138621201 0.034291010194624647 0
0.031134173461823567 0.12650602409638553 0.7138621200889548 0.037998146431881374 0
0.026686434395848724 0.1329935125115848 0.742772424017791 0.03429101019462466 0
0.03854707190511486 0.1784059314179796 0.7405485544848036 0.060240963855421686 0
0.029651593773165286 0.2567191844300278 0.7257227575982209 0.04819277108433734 0
0.03558191252779841 0.2581093605189991 0.8050407709414381 0.04726598702502316 0
0.1408450704225352 0.2845227062094532 0.9058561897702 0.07043558850787768 0
0.039288361749444056 0.386468952734013 0.8921423276501111 0.07228915662650603 0
0.022979985174203077 0.4439295644114921 0.8825055596738325 0.03521779425393884 0
0.0289103039288362 0.4810009267840593 0.8498888065233506 0.04819277108433734 0
0.04002965159377314 0.5963855421686747 0.7346182357301705 0.056533827618164945 5
0.0289103039288362 0.45644114921223355 0.6430689399555226 0.037998146431881374 5
0.03409933283914013 0.1190917516218721 0.9088213491475167 0.054680259499536615 0
0.016308376575240868 0.08897126969416126 0.8806523350630097 0.04448563484708064 0
0.03409933283914013 0.061167747914735865 0.8220904373610082 0.04077849860982391 0
0.02742772424017792 0.037998146431881374 0.8610081541882876 0.02594995366079703 0
0.00963676797627877 0.6492122335495829 0.8669384729429207 0.01575532900834109 0
0.011860637509266136 0.6519925857275255 0.9258710155670867 0.01575532900834109 0
0.010378057820607856 0.5083410565338277 0.8665678280207562 0.012048192771084348 0
0.00815418828762049 0.577386468952734 0.8750926612305412 0.016682113067655213 0
0.014825796886582643 0.329935125115848 0.4573758339510749 0.016682113067655213 0
0.29725722757598216 0.2706209453197405 0.3795404002965159 0.13531047265987023 0
0.022238695329873992 0.288693234476367 0.3402520385470719 0.02873030583873959 5
0.022238695329873992 0.9754402224281742 0.6560415122312825 0.026876737720111177 5
0.018532246108228345 0.7131603336422614 0.7275759822090437 0.026876737720111232 5
0.020014825796886626 0.7979610750695088 0.8624907338769459 0.03707136237256714 5
0.016308376575240868 0.8790546802594995 0.8791697553743514 0.0324374420759963 5
0.015567086730911783 0.9105653382761817 0.8758339510748703 0.03614457831325302 5
0.0289103039288362 0.6617238183503243 0.9662713120830244 0.03521779425393878 5
0.03039288361749448 0.5472659870250232 0.8491475166790216 0.0324374420759963 5
0.24981467753891776 0.8169601482854494 0.4625648628613789 0.3586654309545875 1
0.005930318754633013 0.5968489341983317 0.7286879169755375 0.014828544949026856 0
0.015567086730911783 0.2284522706209453 0.8750926612305412 0.019462465245597776 0
0.014825796886582698 0.20481927710843373 0.8695329873980726 0.020389249304911955 0
0.010378057820607856 0.3118628359592215 0.7790956263899185 0.01760889712696939 0
0.006671608598962209 0.28266913809082483 0.7765011119347665 0.011121408711770142 0
0.01111934766493694 0.2942539388322521 0.8113417346182358 0.013901760889712678 0
0.00963676797627877 0.3072289156626506 0.639362490733877 0.01204819277108432 0
0.4114158636026686 0.4921223354958294 0.7853965900667161 0.31742354031510656 7
