0.08524833209785024 0.8818350324374421 0.5014825796886583 0.10843373493975905 0
0.043736100815418844 0.9763670064874883 0.3613787991104522 0.039851714550509676 0
0.07190511489992585 0.0880444856348471 0.48665678280207564 0.059314179796107515 0
0.03558191252779841 0.2099165894346617 0.5374351371386212 0.03614457831325302 0
0.057079318013343205 0.09406858202038924 0.6378799110452187 0.09360518999073215 0
0.025203854707190554 0.24003707136237257 0.7286879169755375 0.031510658016682125 0
0.031134173461823567 0.09916589434661724 0.8243143068939955 0.031510658016682104 0
0.022238695329873992 0.09314179796107508 0.7916975537435137 0.03985171455050974 0
0.03039288361749448 0.1932344763670065 0.9240177909562639 0.03614457831325302 0
0.022979985174203077 0.39295644114921224 0.9440326167531505 0.04077849860982391 0
0.02075611564121571 0.41890639481000924 0.9221645663454411 0.024096385542168697 0
0.01779095626389915 0.5245597775718258 0.9221645663454411 0.025949953660797026 0
0.028910303928836173 0.49165894346617245 0.07746478873239436 0.03985171455050976 0
0.022238695329873978 0.42771084337349397 0.08895478131949593 0.03429101019462466 0
0.03928836174944404 0.42539388322520855 0.114529280948851 0.07599629286376275 0
0.049666419570051884 0.24328081556997222 0.15233506300963676 0.0787766450417053 0
0.038547071905114916 0.12140871177015755 0.40919199406968126 0.055607043558850794 0
0.03261675315048185 0.06672845227062095 0.346182357301705 0.04170528266913809 0
0.02742772424017792 0.0639481000926784 0.4221645663454411 0.04633920296570898 0
0.0252038547071905 0.08433734939759036 0.37509266123054114 0.04633920296570898 0
0.036323202372127494 0.10843373493975904 0.31319495922905854 0.05375347544022242 0
0.0296515937731653 0.08433734939759036 0.26241660489251295 0.04633920296570898 0
0.028169014084507032 0.05653382761816496 0.21423276501111935 0.04819277108433735 0
0.0252038547071905 0.05885078776645042 0.30911786508524836 0.03985171455050973 0
0.03039288361749448 0.06719184430027804 0.5541141586360266 0.03985171455050973 0
0.024462564862861386 0.19462465245597776 0.4851742031134174 0.04263206672845227 0
0.021497405485544824 0.1876737720111214 0.5044477390659748 0.04911955514365152 0
0.03335804299481099 0.2117701575532901 0.4369903632320237 0.043558850787766445 0
0.02742772424017792 0.6876737720111215 0.17828020756115642 0.03521779425393878 0
0.03484062268346924 0.731696014828545 0.19014084507042253 0.03429101019462466 0
0.038547071905114916 0.5973123262279889 0.27724240177909565 0.03429101019462466 0
0.038547071905114916 0.6468952734012975 0.30096367679762787 0.07043558850787768 0
0.02742772424017792 0.37859128822984245 0.30207561156412155 0.03614457831325302 0
0.18161601186063747 0.6195551436515292 0.27909562638991847 0.24374420759962925 1
0.02891030392883618 0.31000926784059313 0.11749444032616754 0.0324374420759963 5
0.02297998517420311 0.3035217794253939 0.14343958487768718 0.03429101019462466 5
0.037064492216456635 0.2974976830398517 0.17346182357301704 0.04263206672845227 5
0.038547071905114916 0.3030583873957368 0.2127501853224611 0.04263206672845227 5
0.07264640474425499 0.30213160333642264 0.2713120830244626 0.05189990732159405 5
0.0652335063009637 0.29147358665430956 0.3469236471460341 0.06580166821130679 5
0.07857672349888806 0.4221501390176089 0.4336545589325426 0.0695088044485635 5
0.0852483320978503 0.4402224281742354 0.5170496664195701 0.10194624652455975 5
0.02594514455151964 0.4138090824837813 0.3398813936249073 0.03429101019462466 5
0.03335804299481099 0.4128822984244671 0.3710155670867309 0.02873030583873959 5
0.08228317272053373 0.49258572752548657 0.16864343958487768 0.062094531974050016 5
0.046701260192735364 0.4726598702502317 0.23758339510748705 0.05004633920296572 5
0.02075611564121571 0.5097312326227988 0.21793921423276502 0.027803521779425383 5
0.0681986656782802 0.5556070435588508 0.11934766493699037 0.05282669138090823 5
0.02742772424017792 0.5597775718257646 0.16864343958487768 0.05560704355885082 5
0.05114899925871015 0.5653382761816497 0.05930318754633061 0.05004633920296575 5
0.020756115641215725 0.540778498609824 0.24091919940696815 0.023169601482854518 5
0.01186063750926612 0.5704355885078777 0.022238695329873978 0.03614457831325302 5
0.05633802816901409 0.10518999073215941 0.14603409933283915 0.052826691380908244 5
0.017790956263899177 0.10426320667284522 0.19570051890289103 0.054680259499536615 5
0.02742772424017792 0.1607970342910102 0.259822090437361 0.03429101019462466 5
0.037064492216456635 0.10426320667284522 0.09785025945144551 0.054680259499536615 5
0.027427724240177906 0.14782205746061167 0.07524091919940697 0.032437442075996296 5
0.025203854707190512 0.20945319740500462 0.031134173461823574 0.04819277108433734 5
0.018902891030392888 0.2548656163113994 0.033358042994810974 0.0778498609823911 5
0.009266123054114159 0.33781278962001854 0.014084507042253523 0.06209453197405007 5
0.025203854707190554 0.47590361445783125 0.5648628613787992 0.03429101019462463 5
0.03335804299481093 0.49443929564411493 0.5911786508524833 0.0454124189063948 5
0.020014825796886626 0.618628359592215 0.5622683469236471 0.023169601482854518 0
0.0289103039288362 0.42910101946246526 0.42438843587842845 0.02780352177942541 0
0.022979985174203077 0.4416126042632067 0.5311341734618236 0.02873030583873959 0
0.028169014084507032 0.45597775718257644 0.4951816160118606 0.029657089898053768 0
0.014084507042253502 0.4184430027803522 0.39918458117123795 0.01760889712696939 0
0.015567086730911783 0.41473586654309547 0.34210526315789475 0.019462465245597804 0
0.015567086730911783 0.9272474513438369 0.4251297257227576 0.01575532900834109 0
0.022238695329873992 0.9142724745134384 0.7464788732394366 0.026876737720111232 0
0.01927353595255743 0.022242817423540315 0.8458117123795404 0.018535681186283594 0
0.017790956263899177 0.3025949953660797 0.17272053372868792 0.023169601482854518 0
0.017049666419570064 0.30120481927710846 0.21312083024462564 0.020389249304911983 0
0.011860637509266109 0.29981464318813716 0.19866567828020756 0.01946246524559775 0
0.013343217197924376 0.3025949953660797 0.24388435878428466 0.030583873957367946 0
0.013343217197924362 0.30676552363299353 0.268346923647146 0.025949953660797054 0
0.02075611564121571 0.2808155699721965 0.3558191252779837 0.025949953660797054 0
0.017049666419570064 0.29981464318813716 0.33246849518161603 0.026876737720111232 0
0.020756115641215718 0.3086190917516219 0.11712379540400297 0.031510658016682125 0
0.020014825796886578 0.10704355885078777 0.13306152705707933 0.028730305838739575 0
0.01408450704225352 0.1515291936978684 0.06782802075611565 0.025023169601482848 0
0.027427724240177906 0.5778498609823911 0.12045959970348406 0.02131603336422616 0
0.028169014084507032 0.5152919369786839 0.17790956263899185 0.0315106580166821 0
0.015567086730911783 0.46709916589434664 0.253891771682728 0.025949953660797054 0
0.02001482579688657 0.4805375347544022 0.22498146775389177 0.025023169601482848 0
0.01927353595255745 0.566728452270621 0.04670126019273536 0.017608897126969447 0
0.015567086730911783 0.5069508804448564 0.9877687175685693 0.02409638554216867 0
0.019273535952557486 0.48285449490268767 0.9888806523350631 0.020389249304911983 0
0.022238695329873992 0.5194624652455978 0.653817642698295 0.030583873957367946 5
0.02075611564121571 0.5060240963855421 0.6234247590808006 0.0315106580166821 5
