0.044921875 0.2568359375 0.3427734375 0.048828125 0
0.06640625 0.224609375 0.23828125 0.0859375 0
0.044921875 0.2392578125 0.9736328125 0.060546875 0
0.154296875 0.4501953125 0.2373046875 0.212890625 4
0.291015625 0.908203125 0.3955078125 0.1796875 7
0.306640625 0.880859375 0.6748046875 0.23046875 7
0.119140625 0.380859375 0.3681640625 0.109375 7
0.1416015625 0.7705078125 0.255859375 0.427734375 7
0.177734375 0.8955078125 0.8916015625 0.197265625 1
0.41015625 0.365234375 0.78125 0.35546875 3
0.201171875 0.7373046875 0.8935546875 0.470703125 3
0.044921875 0.2548828125 0.2919921875 0.080078125 7
0.044921875 0.3232421875 0.2626953125 0.080078125 7
