0.024462564862861358 0.7279888785912882 0.2954040029651594 0.037998146431881374 5
0.07190511489992589 0.6825764596848934 0.3065233506300964 0.08433734939759041 5
0.02668643439584878 0.9402224281742354 0.3951074870274277 0.0324374420759963 5
0.0289103039288362 0.9680259499536608 0.4251297257227576 0.03614457831325302 5
0.03187546330615265 0.8164967562557924 0.9203113417346183 0.033364226135310426 5
0.017420311341734614 0.5987025023169601 0.02446256486286138 0.046339202965709037 5
0.008524833209785025 0.530583873957368 0.015567086730911787 0.0583873957367933 5
0.022238695329873992 0.4735866543095459 0.5441067457375834 0.04819277108433734 0
0.01779095626389915 0.56209453197405 0.586360266864344 0.03614457831325302 0
0.03484062268346921 0.2632066728452271 0.6771682727946627 0.029657089898053768 0
0.023721275018532273 0.2020389249304912 0.8421052631578947 0.027803521779425383 0
0.022238695329873992 0.21501390176088972 0.8702742772424018 0.022242817423540312 0
0.01927353595255743 0.6978683966635774 0.8028169014084507 0.029657089898053712 0
0.031134173461823567 0.73725671918443 0.7583395107487028 0.03614457831325302 0
0.020014825796886626 0.763206672845227 0.7335063009636767 0.025023169601482875 0
0.029651593773165286 0.7757182576459685 0.7094143810229799 0.022242817423540284 0
0.050407709414381 0.8053753475440223 0.6330615270570793 0.040778498609823965 0
0.03409933283914013 0.9059314179796107 0.7472201630837657 0.03985171455050973 0
0.01927353595255743 0.9462465245597775 0.6308376575240919 0.020389249304911927 0
0.01927353595255743 0.5282669138090825 0.5018532246108228 0.022242817423540284 0
0.01927353595255743 0.5106580166821131 0.5233506300963677 0.02965708989805374 0
0.014825796886582643 0.5185356811862836 0.48332097850259453 0.02131603336422616 0
0.018532246108228345 0.525949953660797 0.40882134914751667 0.01575532900834109 0
0.05189028910303928 0.08989805375347544 0.3476649369903632 0.04263206672845228 0
0.03261675315048185 0.10889712696941613 0.39288361749444034 0.036144578313253004 0
0.018532246108228345 0.1278962001853568 0.3710155670867309 0.022242817423540312 0
0.014084507042253502 0.14550509731232622 0.3917716827279466 0.02409638554216867 0
0.02075611564121571 0.12974976830398516 0.06745737583395107 0.02409638554216867 0
0.018532246108228314 0.15384615384615385 0.04707190511489992 0.020389249304911955 0
0.02075611564121571 0.2618164967562558 0.17197924388435878 0.0324374420759963 5
0.027427724240177913 0.1969416126042632 0.14788732394366197 0.03058387395736792 5
0.016308376575240917 0.24791473586654308 0.029651593773165306 0.032437442075996276 5
0.019273535952557458 0.8081556997219648 0.16901408450704225 0.029657089898053712 5
0.0289103039288362 0.8113994439295644 0.5437361008154188 0.0324374420759963 5
0.01779095626389915 0.9564411492122336 0.7020014825796886 0.027803521779425355 5
0.022238695329873992 0.9819277108433735 0.7027427724240178 0.012048192771084376 5
0.017049666419570064 0.7900834105653383 0.779466271312083 0.030583873957367946 5
0.017790956263899177 0.30954587581093607 0.08154188287620459 0.01853568118628357 5
0.05559673832468495 0.3433734939759036 0.05633802816901409 0.03429101019462466 5
0.02075611564121571 0.11214087117701577 0.2490733876945886 0.02224281742354032 5
0.022979985174203077 0.6320667284522706 0.9521868050407709 0.02409638554216864 5
0.04521868050407707 0.6283595922150139 0.8157894736842105 0.09638554216867468 5
0.014084507042253502 0.7048192771084337 0.8595255744996294 0.03614457831325302 5
0.0289103039288362 0.9453197405004634 0.8009636767976279 0.025949953660797 5
0.04966641957005191 0.9791473586654309 0.8209785025945144 0.03058387395736789 5
0.04225352112676062 0.9240037071362373 0.656412157153447 0.04448563484708068 5
0.01779095626389915 0.9138090824837812 0.6990363232023721 0.020389249304911927 5
0.017049666419570064 0.881371640407785 0.4095626389918458 0.02409638554216864 5
0.04670126019273535 0.3697868396663577 0.5593031875463306 0.05746061167747912 5
0.022238695329873992 0.3447636700648749 0.5937731653076352 0.031510658016682125 0
0.022979985174203077 0.29703429101019463 0.6097108969607117 0.010194624652455964 0
0.016308376575240868 0.3164967562557924 0.5982209043736101 0.01946246524559775 0
0.01927353595255743 0.2391102873030584 0.7494440326167532 0.02594995366079704 0
0.01927353595255743 0.5518999073215941 0.41363973313565605 0.019462465245597804 0
0.0252038547071905 0.5810936051899908 0.40400296515937734 0.033364226135310426 0
0.017790956263899205 0.24374420759962928 0.43217197924388434 0.02038924930491197 0
0.013343217197924417 0.7451343836886005 0.6338028169014085 0.03151065801668207 0
0.01927353595255743 0.6200185356811863 0.6856931060044478 0.020389249304911927 0
0.016308376575240868 0.6107506950880445 0.7108969607116382 0.022242817423540284 0
0.022979985174203077 0.6807228915662651 0.7142327650111193 0.06394810009267837 0
0.022238695329873992 0.6816496756255792 0.6805040770941438 0.06950880444856344 0
0.031134173461823567 0.6728452270620945 0.6056338028169014 0.040778498609823965 0
0.01927353595255743 0.5324374420759963 0.8317272053372868 0.03429101019462466 0
0.011119347664936996 0.76274328081557 0.4014084507042254 0.020389249304911927 0
0.1445515196441809 0.8141797961075069 0.28465530022238694 0.36051899907321594 1
0.02594514455151964 0.8688600556070436 0.77353595255745 0.04170528266913809 0
0.028910303928836173 0.20389249304911955 0.032987398072646404 0.02409638554216867 5
0.019273535952557458 0.0732159406858202 0.17865085248332097 0.02409638554216868 5
0.0289103039288362 0.03568118628359592 0.7090437361008154 0.03429101019462465 5
0.004447739065974796 0.2057460611677479 0.008895478131949592 0.020389249304911955 0
0.00963676797627877 0.23632993512511585 0.812824314306894 0.009267840593141785 0
0.00963676797627877 0.19416126042632068 0.6749444032616753 0.010194624652455991 0
0.01260192735359525 0.6519925857275255 0.5051890289103039 0.017608897126969447 0
0.02075611564121571 0.5403151065801668 0.7472201630837657 0.014828544949026856 0
0.012601927353595221 0.9485634847080631 0.7661230541141586 0.013901760889712733 0
0.014825796886582698 0.9606116774791473 0.6545589325426242 0.01575532900834109 0
0.08154188287620456 0.5607043558850788 0.6916234247590808 0.07043558850787768 4
