0.5833951074870274 0.9731232622798888 0.7023721275018533 0.5013901760889713 4
0.028910303928836187 0.47544022242817424 0.2301704966641957 0.04819277108433734 5
0.02075611564121571 0.11631139944392957 0.5003706449221645 0.03429101019462466 0
0.03261675315048185 0.22103799814643188 0.5463306152705708 0.05653382761816496 0
0.023721275018532273 0.26737720111214086 0.8524833209785025 0.028730305838739575 0
0.02594514455151964 0.3943466172381835 0.656412157153447 0.03614457831325302 5
0.10859896219421794 0.6413345690454124 0.2127501853224611 0.3206672845227062 1
0.13120830244625648 0.824374420759963 0.18569310600444777 0.2900834105653383 1
0.024462564862861358 0.9286376274328082 0.5830244625648628 0.029657089898053712 0
0.0252038547071905 0.9610750695088045 0.42475908080059305 0.025949953660797 0
0.024462564862861386 0.4749768303985171 0.22868791697553745 0.03429101019462466 0
0.022238695329873992 0.27201112140871175 0.5626389918458117 0.02131603336422616 0
