0.037064492216456635 0.37766450417052827 0.38843587842846555 0.04170528266913809 0
0.04077094143810234 0.4995366079703428 0.6460340993328392 0.08155699721964779 0
0.05189028910303928 0.5560704355885079 0.614529280948851 0.07599629286376275 0
0.021497405485544796 0.6232622798887859 0.5719051148999259 0.030583873957367946 0
0.02075611564121571 0.6612604263206673 0.5300222386953298 0.03429101019462466 0
0.022238695329873992 0.4161260426320667 0.3832468495181616 0.02224281742354034 0
0.017790956263899205 0.448563484708063 0.3825055596738325 0.02224281742354034 0
0.018532246108228345 0.3827618164967563 0.5326167531504818 0.024096385542168697 0
0.037805782060785775 0.054680259499536615 0.42809488510007415 0.037534754402224285 0
0.021497405485544796 0.04772937905468026 0.6957005189028911 0.037998146431881374 0
0.03261675315048185 0.0639481000926784 0.888065233506301 0.03336422613531048 0
0.038547071905114916 0.2571825764596849 0.3876945885841364 0.03429101019462466 0
0.04002965159377314 0.2873030583873957 0.42920681986656783 0.029657089898053768 0
0.022238695329873992 0.18906394810009267 0.4217939214232765 0.022242817423540312 0
0.14529280948851003 0.7849860982391103 0.28910303928836173 0.42632066728452267 1
0.028910303928836187 0.04958294717330862 0.26723498888065234 0.030583873957367932 5
0.01779095626389915 0.2882298424467099 0.8754633061527057 0.031510658016682125 5
0.014825796886582643 0.3934198331788693 0.167531504818384 0.019462465245597804 0
0.010378057820607856 0.4772937905468026 0.16901408450704225 0.01853568118628357 0
0.03409933283914007 0.9406858202038925 0.31653076352853965 0.029657089898053712 0
0.01853224610822829 0.9212233549582948 0.27020014825796884 0.01853568118628357 0
0.09191994069681247 0.38322520852641334 0.46849518161601184 0.13809082483781282 4
