0.34765625 0.220703125 0.8125 0.2138671875 5
0.130859375 0.4462890625 0.8310546875 0.095703125 5
0.078125 0.65625 0.61328125 0.05859375 5
0.056640625 0.763671875 0.6318359375 0.12109375 5
0.158203125 0.90234375 0.5322265625 0.171875 5
0.103515625 0.73828125 0.2197265625 0.109375 5
0.4873046875 0.4453125 0.634765625 0.396484375 4
0.064453125 0.6650390625 0.3427734375 0.052734375 5
0.146484375 0.9404296875 0.8330078125 0.107421875 1
0.041015625 0.880859375 0.6611328125 0.02734375 5
0.02734375 0.4951171875 0.908203125 0.029296875 5
0.02734375 0.7099609375 0.5546875 0.025390625 5
0.029296875 0.529296875 0.9482421875 0.02734375 5
0.03125 0.6572265625 0.80078125 0.029296875 5
0.10546875 0.908203125 0.525390625 0.1484375 2
0.03515625 0.7578125 0.63671875 0.10546875 2
0.029296875 0.154296875 0.9462890625 0.03515625 2
