0.16796875 0.32421875 0.904296875 0.244140625 5
0.2109375 0.31640625 0.7890625 0.12890625 5
0.044921875 0.8037109375 0.4541015625 0.041015625 5
0.041015625 0.841796875 0.3974609375 0.0546875 5
0.0625 0.9541015625 0.306640625 0.048828125 5
0.048828125 0.927734375 0.6728515625 0.09765625 5
0.04296875 0.7626953125 0.810546875 0.091796875 5
0.0390625 0.666015625 0.90625 0.046875 5
0.037109375 0.6923828125 0.7919921875 0.052734375 5
0.06640625 0.7744140625 0.666015625 0.041015625 5
0.02734375 0.587890625 0.0390625 0.06640625 5
0.02734375 0.6845703125 0.1875 0.048828125 5
0.1328125 0.4375 0.9296875 0.05859375 5
0.0234375 0.7880859375 0.87109375 0.025390625 5
0.03515625 0.841796875 0.904296875 0.046875 5
0.037109375 0.6806640625 0.0751953125 0.033203125 5
0.03515625 0.0595703125 0.6640625 0.041015625 5
0.025390625 0.095703125 0.6474609375 0.03125 5
0.015625 0.6630859375 0.990234375 0.021484375 5
0.025390625 0.7978515625 0.6767578125 0.029296875 5
0.021484375 0.8896484375 0.8388671875 0.029296875 5
0.0390625 0.9619140625 0.861328125 0.052734375 5
0.154296875 0.33984375 0.4892578125 0.0625 4
