0.111328125 0.439453125 0.1259765625 0.15234375 5
0.076171875 0.107421875 0.1865234375 0.09765625 5
0.064453125 0.6015625 0.7001953125 0.0625 5
0.046875 0.740234375 0.697265625 0.05859375 5
0.306640625 0.25 0.6630859375 0.138671875 1
0.0703125 0.806640625 0.484375 0.08984375 0
0.091796875 0.8515625 0.4150390625 0.1484375 0
0.044921875 0.6982421875 0.2607421875 0.052734375 0
0.0390625 0.4150390625 0.205078125 0.048828125 0
0.064453125 0.6357421875 0.8232421875 0.087890625 5
0.03125 0.41796875 0.197265625 0.04296875 5
0.048828125 0.064453125 0.6318359375 0.05078125 5
0.044921875 0.1044921875 0.5986328125 0.052734375 5
0.017578125 0.8359375 0.2763671875 0.01953125 0
0.017578125 0.8671875 0.2880859375 0.03125 0
0.056640625 0.6826171875 0.6298828125 0.064453125 0
0.04296875 0.408203125 0.12109375 0.046875 0
0.01171875 0.45703125 0.107421875 0.01171875 0
0.017578125 0.3974609375 0.1455078125 0.017578125 0
0.013671875 0.455078125 0.1416015625 0.0234375 0
0.123046875 0.4716796875 0.8193359375 0.134765625 5
0.021484375 0.4423828125 0.8349609375 0.033203125 2
0.021484375 0.4951171875 0.8271484375 0.025390625 2
0.01171875 0.615234375 0.818359375 0.0234375 2
0.01171875 0.6474609375 0.845703125 0.013671875 2
0.0546875 0.68359375 0.630859375 0.05859375 2
0.0234375 0.5712890625 0.2734375 0.072265625 0
0.017578125 0.5771484375 0.3017578125 0.033203125 0
0.02734375 0.6181640625 0.23828125 0.025390625 0
0.013671875 0.5595703125 0.3232421875 0.013671875 0
0.03515625 0.5947265625 0.326171875 0.017578125 0
0.021484375 0.654296875 0.4072265625 0.015625 0
0.017578125 0.720703125 0.4619140625 0.015625 0
0.015625 0.0927734375 0.181640625 0.013671875 0
0.017578125 0.12890625 0.1767578125 0.01171875 0
