0.1223128243143069 0.9309545875810936 0.17753891771682728 0.13067655236329934 5
0.022238695329873992 0.3586654309545876 0.3217197924388436 0.04077849860982391 5
0.014084507042253502 0.3697868396663577 0.34507042253521125 0.025949953660797054 5
0.011860637509266109 0.5949953660797034 0.2149740548554485 0.033364226135310426 5
0.01334321719792439 0.5940685820203893 0.2335063009636768 0.03521779425393878 5
0.04595997034840622 0.12140871177015755 0.09933283914010378 0.055607043558850794 0
0.030392883617494454 0.40593141797961074 0.2005189028910304 0.04633920296570898 0
0.02742772424017792 0.5491195551436515 0.18421052631578946 0.07877664504170526 0
0.011860637509266136 0.603336422613531 0.24240177909562638 0.0389249304911955 0
0.014084507042253516 0.3744207599629286 0.24573758339510748 0.024096385542168697 0
0.02075611564121571 0.3716404077849861 0.2698295033358043 0.025949953660797054 0
0.0252038547071905 0.2761816496756256 0.38472942920681985 0.031510658016682125 0
0.014825796886582643 0.3303985171455051 0.301704966641957 0.01946246524559775 0
0.016308376575240924 0.9119555143651529 0.21423276501111935 0.020389249304911927 0
0.017790956263899177 0.9341983317886933 0.18458117123795403 0.016682113067655213 0
0.024462564862861386 0.9884151992585728 0.14936990363232025 0.015755329008341035 0
0.02297998517420311 0.9490268767377201 0.14047442550037065 0.022242817423540284 0
0.03187546330615271 0.8934198331788693 0.15826538176426982 0.02409638554216864 0
0.02075611564121571 0.9300278035217794 0.13120830244625648 0.025023169601482875 0
0.5789473684210527 0.803985171455051 0.6660489251297257 0.3846153846153846 1
0.24240177909562638 0.701575532900834 0.48332097850259453 0.35171455050973116 4
0.02001482579688657 0.2974976830398517 0.28502594514455154 0.020389249304911927 5
0.02668643439584878 0.5199258572752549 0.2134914751667902 0.02965708989805374 5
0.022979985174203105 0.8943466172381835 0.20422535211267606 0.027803521779425355 5
0.01260192735359525 0.4911955514365153 0.16567828020756115 0.01853568118628357 0
0.009636767976278715 0.46709916589434664 0.17457375833951075 0.0129749768303985 0
0.060785767234988894 0.45180722891566266 0.2557449962935508 0.07877664504170528 4
