0.0489566613162119 0.7502316960148285 0.2989566613162119 0.05282669138090823 0
0.057784911717496 0.7956441149212233 0.39646869983948635 0.07506950880444851 0
0.04895666131621185 0.6380908248378128 0.43218298555377205 0.05468025949953659 0
0.0409309791332263 0.5185356811862836 0.3615569823434992 0.062094531974050016 0
0.02247191011235955 0.5264133456904542 0.31219903691813805 0.04633920296570901 0
0.03531300160513645 0.8577386468952733 0.28731942215088285 0.03429101019462466 0
0.21268057784911715 0.7599629286376274 0.35192616372391655 0.44485634847080624 6
0.050561797752809 0.3118628359592215 0.44502407704654895 0.07692307692307693 2
0.5012038523274478 0.7608897126969416 0.9847512038523274 0.4467099165894346 4
0.3571428571428571 0.18535681186283595 0.7837078651685393 0.1093605189990732 4
0.08025682182985552 0.47914735866543096 0.5409309791332263 0.04819277108433734 2
0.0304975922953451 0.5746061167747915 0.37319422150882825 0.029657089898053712 2
0.027287319422150902 0.5912882298424467 0.32664526484751205 0.03151065801668207 2
0.02407704654895665 0.6204819277108434 0.35714285714285715 0.025023169601482875 2
0.0377207062600321 0.3229842446709917 0.3430979133226324 0.05468025949953659 2
0.14044943820224717 0.4411492122335496 0.3752006420545746 0.11862835959221502 2
0.04012841091492775 0.9054680259499537 0.3202247191011236 0.059314179796107536 2
0.02407704654895665 0.8429101019462465 0.3073836276083467 0.030583873957367946 2
0.024879614767255198 0.8507877664504171 0.34069020866773675 0.027803521779425355 2
0.03130016051364365 0.9777571825764597 0.32624398073836275 0.03707136237256714 2
0.0609951845906902 0.6306765523632993 0.7383627608346709 0.05282669138090823 2
0.086677367576244 0.6519925857275255 0.6556982343499197 0.04911955514365152 2
0.5004012841091493 0.5366079703429101 0.9943820224719101 0.27201112140871175 3
