0.046875 0.1845703125 0.14453125 0.033203125 5
0.083984375 0.8212890625 0.1708984375 0.072265625 5
0.041015625 0.421875 0.7041015625 0.04296875 5
0.0546875 0.5693359375 0.61328125 0.052734375 5
0.345703125 0.416015625 0.6669921875 0.2783203125 4
0.02734375 0.203125 0.85546875 0.0390625 5
0.03515625 0.2060546875 0.076171875 0.025390625 5
0.05078125 0.7919921875 0.462890625 0.025390625 5
0.048828125 0.4267578125 0.1591796875 0.017578125 5
0.037109375 0.17578125 0.2958984375 0.02734375 5
0.0625 0.8740234375 0.251953125 0.044921875 2
0.068359375 0.828125 0.1787109375 0.046875 2
0.255859375 0.98828125 0.50390625 0.49609375 3
0.048828125 0.2158203125 0.1259765625 0.021484375 5
