0.11267605633802819 0.14921223354958293 0.26389918458117123 0.11353104726598703 5
0.02372127501853223 0.09823911028730306 0.26612305411415865 0.050046339202965716 0
0.031134173461823567 0.1464318813716404 0.23869532987398073 0.044485634847080624 0
0.019273535952557444 0.12974976830398516 0.2601927353595256 0.03151065801668212 0
0.017790956263899177 0.19508804448563485 0.18235730170496664 0.03429101019462466 0
0.02075611564121571 0.2516218721037998 0.17865085248332097 0.03429101019462466 0
0.0630096367679763 0.13206672845227063 0.45329873980726465 0.049119555143651523 2
0.039288361749444056 0.08155699721964782 0.5044477390659748 0.05189990732159406 2
0.10526315789473684 0.9555143651529194 0.8673091178650852 0.4925857275254866 2
0.1504818383988139 0.7354031510658017 0.9121571534469978 0.12326227988878591 2
0.030392883617494426 0.7771084337349398 0.9803558191252779 0.07877664504170523 0
0.40548554484803556 0.9291010194624654 0.4199406968124536 0.11955514365152925 1
0.01408450704225353 0.8164967562557924 0.1419570051890289 0.027803521779425355 5
0.02594514455151964 0.8382761816496757 0.17457375833951075 0.03429101019462466 5
0.0340993328391401 0.943466172381835 0.17420311341734618 0.04448563484708068 5
0.031134173461823567 0.7761816496756255 0.20311341734618235 0.03985171455050973 5
0.04151223128243142 0.0639481000926784 0.1334321719792439 0.044022242817423535 5
0.02149740548554485 0.1686746987951807 0.09006671608598962 0.031510658016682125 5
0.0904373610081542 0.10750695088044486 0.3684210526315789 0.1056533827618165 5
0.2575982209043737 0.6459684893419834 0.513713862120089 0.32669138090824845 4
0.011860637509266109 0.8387395736793327 0.17642698295033357 0.016682113067655213 0
0.01334321719792439 0.943002780352178 0.17272053372868792 0.019462465245597804 0
0.014084507042253502 0.2117701575532901 0.27687175685693105 0.01760889712696942 0
0.022979985174203132 0.1872103799814643 0.2894736842105263 0.037071362372567196 0
0.01334321719792439 0.2618164967562558 0.09266123054114159 0.023169601482854504 0
0.044477390659747956 0.15708989805375348 0.1334321719792439 0.050973123262279894 5
0.028910303928836173 0.20945319740500462 0.23832468495181616 0.037071362372567196 5
0.02001482579688657 0.19879518072289157 0.20867309117865085 0.026876737720111205 5
