0.02149740548554485 0.0458758109360519 0.4080800593031875 0.03429101019462465 0
0.012601927353595277 0.0778498609823911 0.43106004447739066 0.04633920296570898 0
0.051148999258710165 0.0968489341983318 0.5163083765752409 0.08433734939759036 0
0.04670126019273535 0.15477293790546803 0.3917716827279466 0.0500463392029657 0
0.02594514455151964 0.13253012048192772 0.466641957005189 0.050046339202965716 0
0.0289103039288362 0.07182576459684893 0.4681245366938473 0.04170528266913809 0
0.03558191252779838 0.11306765523632993 0.519644180874722 0.04448563484708064 5
0.045218680504077124 0.15848007414272475 0.393995552260934 0.0500463392029657 5
0.03261675315048185 0.17377201112140872 0.43439584877687176 0.0639481000926784 5
0.04892512972572277 0.11121408711770157 0.4714603409933284 0.10843373493975904 5
0.3884358784284655 0.8855421686746989 0.7286879169755375 0.2252085264133457 1
