0.17568569310600446 0.5273401297497683 0.3469236471460341 0.2664504170528267 3
0.0289103039288362 0.5069508804448564 0.9551519644180875 0.025949953660797026 0
0.024462564862861358 0.5588507877664504 0.9255003706449222 0.033364226135310426 0
0.026686434395848724 0.6019462465245597 0.9080800593031876 0.05282669138090823 0
0.01927353595255743 0.6153846153846154 0.8591549295774648 0.022242817423540284 0
0.01779095626389915 0.6311399443929564 0.8339510748702743 0.025949953660797 0
0.03187546330615276 0.6543095458758109 0.7253521126760564 0.02409638554216864 0
0.04966641957005191 0.6997219647822057 0.684581171237954 0.046339202965709037 0
0.03706449221645669 0.7900834105653383 0.6204595997034841 0.04170528266913809 0
0.04225352112676056 0.45041705282669137 0.28502594514455154 0.05375347544022241 0
0.04225352112676055 0.5389249304911955 0.22868791697553742 0.05468025949953659 0
0.028910303928836187 0.4972196478220574 0.24647887323943662 0.03614457831325299 0
0.0289103039288362 0.329935125115848 0.7075611564121571 0.04633920296570898 0
0.03187546330615276 0.37488415199258573 0.6979243884358785 0.03985171455050973 0
0.02594514455151964 0.2692307692307692 0.5437361008154188 0.0454124189063948 0
0.03484062268346921 0.028730305838739572 0.455522609340252 0.022706209453197405 0
0.022238695329873992 0.5922150139017609 0.3654558932542624 0.027803521779425355 0
0.018532246108228345 0.5787766450417052 0.40882134914751667 0.037998146431881374 0
0.02594514455151964 0.5403151065801668 0.5696812453669384 0.04633920296570901 0
0.01927353595255743 0.8183503243744208 0.5759822090437361 0.033364226135310426 0
0.01779095626389915 0.2919369786839666 0.8198665678280208 0.02780352177942541 0
0.022238695329873992 0.29518072289156627 0.8458117123795404 0.026876737720111232 0
0.017790956263899205 0.7043558850787767 0.9851742031134174 0.048192771084337394 0
0.02594514455151964 0.9884151992585728 0.6756856931060045 0.015755329008341035 5
0.018532246108228345 0.7608897126969416 0.7898443291326909 0.027803521779425355 5
0.031134173461823567 0.14087117701575533 0.22312824314306895 0.04633920296570898 5
0.019273535952557444 0.1329935125115848 0.2676056338028169 0.032437442075996296 5
0.019273535952557444 0.16172381835032437 0.24833209785025945 0.03985171455050973 5
0.02075611564121571 0.25903614457831325 0.5411415863602669 0.02687673772011122 5
0.08228317272053372 0.47868396663577384 0.2664936990363232 0.1065801668211307 5
0.022238695329873992 0.39063948100092677 0.24981467753891773 0.0324374420759963 5
0.024462564862861358 0.3957367933271548 0.2761304670126019 0.03892493049119555 5
0.02149740548554485 0.41890639481000924 0.24573758339510748 0.020389249304911927 5
0.025945144551519653 0.5829471733086191 0.2494440326167532 0.029657089898053712 5
0.02742772424017792 0.6116774791473587 0.23091178650852484 0.046339202965709037 5
0.011860637509266136 0.4416126042632067 0.7739065974796145 0.019462465245597804 0
0.01779095626389915 0.6218721037998146 0.7575982209043736 0.016682113067655213 0
0.02075611564121571 0.6209453197405005 0.7575982209043736 0.02409638554216864 5
