0.12008895478131948 0.2812789620018536 0.9080800593031875 0.15848007414272475 5
0.02594514455151964 0.16172381835032437 0.9343958487768718 0.02873030583873956 5
0.01779095626389915 0.3989805375347544 0.9191994069681245 0.023169601482854518 5
0.023721275018532273 0.4170528266913809 0.9785025945144552 0.03521779425393884 5
0.08302446256486284 0.4772937905468026 0.8910303928836175 0.09638554216867473 5
0.11045218680504076 0.629286376274328 0.7713120830244625 0.10750695088044482 5
0.08673091178650849 0.6927710843373494 0.8750926612305412 0.25671918443002784 5
0.09117865085248333 0.865616311399444 0.885470719051149 0.07599629286376275 5
0.06745737583395106 0.634383688600556 0.6578947368421053 0.09731232622798891 5
0.04077094143810228 0.3568118628359592 0.2746478873239437 0.07228915662650603 0
0.05040770941438104 0.19647822057460612 0.2698295033358043 0.029657089898053768 0
0.07042253521126762 0.23493975903614459 0.28650852483320977 0.06209453197405004 0
0.027427724240177906 0.04494902687673772 0.11823573017049667 0.02873030583873957 0
0.031134173461823567 0.0963855421686747 0.35804299481097107 0.025949953660797026 0
0.024462564862861358 0.14411492122335495 0.416234247590808 0.03429101019462466 0
0.045218680504077124 0.17238183503243745 0.4696071163825056 0.03892493049119555 0
0.037805782060785775 0.21918443002780352 0.43773165307635287 0.03429101019462466 0
0.030392883617494426 0.35959221501390176 0.4369903632320237 0.04263206672845227 0
0.022238695329873992 0.2891566265060241 0.3669384729429207 0.025949953660797054 0
0.4329132690882135 0.8878591288229842 0.7842846553002224 0.2168674698795181 1
0.025203854707190554 0.6955514365152919 0.9473684210526315 0.04170528266913809 5
0.3220904373610082 0.6561631139944393 0.636767976278725 0.33456904541241883 4
0.07561156412157155 0.18999073215940684 0.8228317272053373 0.08897126969416128 5
0.03409933283914013 0.27201112140871175 0.7390659747961453 0.052826691380908244 5
0.00815418828762049 0.803985171455051 0.8891771682727947 0.013901760889712733 0
0.008895478131949575 0.7798887859128822 0.8836174944403261 0.012048192771084376 0
0.014825796886582698 0.6987951807228916 0.9458858413639734 0.025949953660797 0
0.008895478131949575 0.8725671918443003 0.8962194217939214 0.01575532900834109 0
0.010378057820607856 0.46987951807228917 0.9028910303928837 0.0129749768303985 0
0.00815418828762049 0.41936978683966636 0.9788732394366197 0.015755329008341035 0
0.01111934766493694 0.7344763670064874 0.8928836174944403 0.01575532900834109 0
0.008895478131949575 0.726598702502317 0.8695329873980726 0.016682113067655213 0
0.01111934766493694 0.8790546802594995 0.9166048925129726 0.01575532900834109 0
0.08154188287620456 0.7043558850787767 0.9570051890289103 0.3558850787766451 5
0.024462564862861358 0.7775718257645968 0.5155670867309118 0.025949953660797 5
0.017049666419570064 0.7780352177942539 0.5392883617494441 0.025023169601482875 5
0.016308376575240924 0.7488415199258572 0.27724240177909565 0.022242817423540284 5
