0.03706449221645666 0.3531047265987025 0.4759080800593032 0.050046339202965695 0
0.05411415863602667 0.41241890639481 0.4859154929577465 0.03892493049119555 0
0.02816901408450706 0.20481927710843373 0.3269088213491475 0.03892493049119555 0
0.022238695329873992 0.17377201112140872 0.2446256486286138 0.043558850787766445 0
0.031134173461823567 0.38693234476367006 0.15937731653076354 0.043558850787766445 0
0.04002965159377314 0.1830398517145505 0.5166790214974055 0.043558850787766445 0
0.0859896219421794 0.12974976830398516 0.748702742772424 0.09823911028730306 5
0.0289103039288362 0.14272474513438368 0.8083765752409192 0.037071362372567196 5
0.07857672349888808 0.8531047265987025 0.5500370644922165 0.06394810009267837 0
0.03484062268346921 0.6950880444856349 0.5252038547071906 0.03521779425393878 0
0.03335804299481093 0.628822984244671 0.5911786508524833 0.0454124189063948 0
0.023721275018532273 0.6881371640407785 0.4877687175685693 0.03985171455050973 0
0.08005930318754631 0.6380908248378128 0.513713862120089 0.09916589434661727 4
0.02075611564121571 0.2761816496756256 0.4440326167531505 0.03892493049119555 0
0.02594514455151964 0.2905468025949954 0.38139362490733875 0.0546802594995366 0
0.022979985174203077 0.3410565338276182 0.5548554484803558 0.04263206672845227 0
0.036323202372127494 0.31974050046339203 0.5756115641215716 0.06116774791473584 0
0.044477390659747984 0.2618164967562558 0.5181616011860638 0.03614457831325302 0
0.017049666419570064 0.2020389249304912 0.5763528539659006 0.022242817423540312 0
0.007412898443291294 0.2381835032437442 0.6026686434395849 0.024096385542168683 0
0.021497405485544796 0.14133456904541242 0.8068939955522609 0.021316033364226133 0
0.012601927353595221 0.05838739573679333 0.8691623424759081 0.012974976830398513 0
0.014084507042253502 0.13901760889712697 0.7527798369162343 0.012974976830398527 0
0.016308376575240868 0.14782205746061167 0.770941438102298 0.013901760889712705 0
0.013343217197924388 0.6177015755329008 0.014084507042253521 0.017608897126969447 5
0.015567086730911783 0.23540315106580167 0.7372127501853225 0.03336422613531048 5
0.02075611564121571 0.28405931417979613 0.7420311341734618 0.023169601482854518 5
0.036323202372127494 0.7905468025949953 0.5600444773906598 0.03521779425393878 5
0.0289103039288362 0.9805375347544023 0.5919199406968124 0.03336422613531048 5
0.013343217197924376 0.12187210379981464 0.24388435878428466 0.012048192771084341 0
0.011119347664936996 0.3563484708063021 0.3865826538176427 0.015755329008341035 0
0.011860637509266136 0.3493975903614458 0.40029651593773163 0.014828544949026856 0
0.011860637509266136 0.3804448563484708 0.4047442550037065 0.015755329008341035 0
0.011860637509266136 0.35820203892493047 0.35507783543365457 0.015755329008341035 0
0.015567086730911783 0.30213160333642264 0.27242401779095626 0.016682113067655213 0
0.011119347664936996 0.05838739573679333 0.46590066716085987 0.01482854494902688 0
0.013343217197924362 0.11538461538461539 0.4240177909562639 0.010194624652455984 0
0.015567086730911783 0.07924003707136237 0.4065974796145293 0.012048192771084335 0
0.014825796886582643 0.12233549582947173 0.32097850259451444 0.020389249304911955 0
0.022979985174203077 0.458758109360519 0.5415122312824314 0.025949953660797054 0
0.017049666419570064 0.5162187210379982 0.5415122312824314 0.020389249304911927 0
0.0252038547071905 0.5180722891566265 0.43884358784284655 0.027803521779425383 0
0.0859896219421794 0.5009267840593142 0.4899925871015567 0.09545875810936055 0
0.014084507042253502 0.8067655236329935 0.7772424017790956 0.019462465245597804 5
0.03706449221645666 0.7015755329008341 0.5270570793180134 0.03151065801668207 5
