0.10535117056856191 0.09409190371991247 0.9088628762541806 0.08315098468271334 2
0.10033444816053513 0.09299781181619256 0.12374581939799331 0.07221006564551423 2
0.21070234113712372 0.9398249452954048 0.7575250836120402 0.11597374179431075 2
0.1605351170568562 0.9781181619256017 0.3193979933110368 0.03938730853391681 2
0.026755852842809347 0.7188183807439825 0.8913043478260869 0.03719912472647702 2
0.02006688963210703 0.2844638949671772 0.11872909698996656 0.021881838074398252 2
0.01672240802675584 0.2549234135667396 0.4916387959866221 0.024070021881838086 2
0.02006688963210701 0.2778993435448578 0.4498327759197324 0.021881838074398252 2
0.02006688963210701 0.9343544857768052 0.4280936454849498 0.026258205689277947 2
0.018394648829431426 0.574398249452954 0.5108695652173914 0.02844638949671774 2
0.01170568561872909 0.5809628008752735 0.18812709030100336 0.015317286652078765 2
0.030100334448160515 0.9157549234135668 0.2826086956521739 0.02844638949671774 2
0.01672240802675584 0.2658643326039387 0.2625418060200669 0.015317286652078765 2
