0.49814677538917723 0.963855421686747 0.9755374351371386 0.5004633920296571 2
0.13417346182357298 0.8586654309545876 0.26945885841363976 0.23447636700648755 0
0.11860637509266123 0.8948100092678406 0.12305411415863601 0.19184430027803523 0
0.15344699777613047 0.5630213160333642 0.28354336545589326 0.17516218721038002 0
0.06597479614529281 0.2020389249304912 0.17753891771682728 0.17052826691380912 0
0.08747220163083766 0.267840593141798 0.09340252038547073 0.16728452270620942 0
0.03187546330615271 0.6260426320667285 0.05633802816901409 0.23632993512511583 0
0.1578947368421053 0.6913809082483782 0.6830985915492958 0.27062094531974057 2
0.11934766493699038 0.2854494902687674 0.28502594514455154 0.26042632066728455 2
0.0793180133432172 0.4962928637627433 0.48813936249073386 0.11214087117701577 2
0.05263157894736839 0.19045412418906396 0.45478131949592293 0.0639481000926784 2
0.06004447739065974 0.3827618164967563 0.15159377316530764 0.09453197405004632 2
0.037064492216456635 0.28266913809082483 0.11934766493699037 0.05746061167747914 2
0.04151223128243142 0.6316033364226136 0.11638250555967383 0.037998146431881374 2
0.040029651593773155 0.6658943466172382 0.07561156412157154 0.03429101019462466 2
0.08376575240919198 0.9735866543095458 0.4229058561897702 0.04911955514365152 2
0.14603409933283917 0.7956441149212233 0.43254262416604894 0.15291936978683973 2
0.1111934766493699 0.876274328081557 0.39584877687175685 0.10287303058387398 2
