0.3884430176565008 0.7701575532900834 0.4093097913322632 0.45227062094531967 6
0.2552166934189406 0.28544949026876737 0.7945425361155698 0.2187210379981464 4
0.042536115569823396 0.11770157553290084 0.8936597110754414 0.05189990732159406 0
0.040128410914927776 0.9675625579240037 0.1869983948635634 0.046339202965709037 2
0.15008025682182982 0.4976830398517146 0.5060192616372392 0.23354958294717335 7
0.2006420545746389 0.7275254865616312 0.7174959871589085 0.11862835959221507 7
0.1565008025682183 0.5287303058387396 0.8455056179775281 0.23632993512511583 7
0.07062600321027285 0.7571825764596849 0.32102728731942215 0.07414272474513439 0
0.03290529695024076 0.6709916589434661 0.22030497592295345 0.040778498609823854 0
0.056982343499197424 0.958758109360519 0.4963884430176565 0.056533827618164945 0
0.040930979133226325 0.7919369786839666 0.206661316211878 0.05282669138090823 0
0.05698234349919745 0.91241890639481 0.4193418940609952 0.06024096385542166 0
0.011235955056179775 0.5912882298424467 0.19743178170144463 0.02409638554216864 0
0.044943820224719086 0.6075069508804448 0.2134831460674157 0.0713623725671918 2
0.017656500802568198 0.19647822057460612 0.9630818619582665 0.03892493049119555 2
