0.5492957746478873 0.8493975903614459 0.6449221645663454 0.29379054680259503 1
0.09562638991845812 0.38368860055607046 0.30429948109710897 0.1149212233549583 2
0.0934025203854707 0.48007414272474513 0.16456634544106746 0.11862835959221499 2
0.03039288361749444 0.6325301204819277 0.05930318754633061 0.1362372567191844 2
0.07561156412157155 0.2432808155699722 0.1697553743513714 0.10287303058387395 2
0.10637509266123056 0.6506024096385542 0.20533728687916974 0.33549582947173306 4
0.45329873980726465 0.17701575532900832 0.4840622683469237 0.09870250231696014 4
0.29725722757598216 0.2808155699721965 0.35841363973313567 0.19091751621872105 4
0.1304670126019274 0.5060240963855421 0.2742772424017791 0.25764596848934196 4
0.016308376575240924 0.06302131603336422 0.38176426982950334 0.027803521779425397 0
0.012601927353595277 0.06997219647822057 0.4295774647887324 0.021316033364226133 0
0.015567086730911783 0.05282669138090825 0.4473684210526316 0.02780352177942539 0
0.010378057820607856 0.04911955514365153 0.4618235730170497 0.027803521779425397 0
0.017790956263899177 0.1686746987951807 0.5011119347664937 0.022242817423540312 0
0.014084507042253502 0.15755329008341057 0.522238695329874 0.037071362372567196 0
0.014084507042253502 0.1464318813716404 0.4836916234247591 0.04263206672845227 0
0.06078576723498885 0.6246524559777572 0.6249073387694588 0.07228915662650603 0
0.04744255003706449 0.6821130676552364 0.407709414381023 0.05560704355885082 0
0.13936249073387696 0.7497683039851715 0.5218680504077094 0.1167747914735866 0
0.15641215715344703 0.6269694161260426 0.5066716085989622 0.15477293790546806 0
