0.5126019273535953 0.8577386468952733 0.9659006671608599 0.2808155699721965 1
0.12008895478131948 0.6010194624652456 0.9355077835433654 0.15848007414272477 5
0.06671608598962198 0.7622798887859129 0.9088213491475167 0.06580166821130673 5
0.06597479614529278 0.8225208526413346 0.427353595255745 0.07506950880444863 5
0.04002965159377314 0.8628359592215014 0.44848035581912526 0.04263206672845232 5
0.06004447739065977 0.8776645041705282 0.6363973313565604 0.05189990732159411 5
0.03039288361749448 0.18072289156626506 0.9077094143810229 0.03336422613531048 5
0.30689399555226093 0.7298424467099166 0.6767976278724982 0.2919369786839666 5
0.06597479614529278 0.9573679332715477 0.8676797627872498 0.07414272474513434 5
0.025203854707190526 0.29610750695088045 0.4810971089696071 0.03614457831325302 0
0.024462564862861358 0.2822057460611678 0.416234247590808 0.03985171455050973 0
0.028169014084507005 0.2608897126969416 0.5567086730911787 0.03429101019462466 0
0.02594514455151964 0.10889712696941613 0.5681986656782803 0.036144578313253004 0
0.024462564862861358 0.15060240963855423 0.43995552260934023 0.04170528266913809 0
0.022238695329873992 0.028730305838739572 0.251297257227576 0.027803521779425393 0
0.01927353595255743 0.2057460611677479 0.4892512972572276 0.03521779425393884 0
0.0289103039288362 0.16172381835032437 0.4043736100815419 0.02873030583873956 0
0.023721275018532238 0.28637627432808155 0.1022979985174203 0.031510658016682125 0
0.5670867309117865 0.7043558850787767 0.712008895478132 0.5820203892493049 5
0.16085989621942182 0.36515291936978683 0.8825055596738325 0.24003707136237257 5
0.15567086730911786 0.43188137164040774 0.22979985174203113 0.3262279888785913 5
0.4896219421793921 0.5199258572752549 0.9629355077835433 0.2692307692307693 4
