0.2578125 0.4384765625 0.5859375 0.208984375 0
0.09375 0.6767578125 0.14453125 0.193359375 2
0.025390625 0.48046875 0.0625 0.15234375 2
0.095703125 0.3994140625 0.1904296875 0.095703125 2
0.162109375 0.6884765625 0.5009765625 0.095703125 2
0.0400390625 0.755859375 0.080078125 0.328125 2
0.046875 0.8427734375 0.109375 0.064453125 2
0.041015625 0.919921875 0.1416015625 0.05078125 2
0.24609375 0.4443359375 0.5859375 0.216796875 2
0.0546875 0.16796875 0.669921875 0.0703125 2
0.134765625 0.169921875 0.5380859375 0.16015625 2
0.111328125 0.25 0.4189453125 0.13671875 2
0.1015625 0.234375 0.18359375 0.1953125 2
0.140625 0.08984375 0.189453125 0.0546875 2
0.072265625 0.056640625 0.3837890625 0.0322265625 2
0.14453125 0.306640625 0.796875 0.2587890625 2
0.068359375 0.2001953125 0.9130859375 0.091796875 2
0.044921875 0.2744140625 0.0859375 0.150390625 2
0.0234375 0.3134765625 0.400390625 0.037109375 2
0.15234375 0.099609375 0.19140625 0.0498046875 2
