0.07709414381022979 0.27710843373493976 0.30096367679762787 0.13160333642261357 5
0.05707931801334323 0.3758109360518999 0.2279466271312083 0.09916589434661721 5
0.09414381022979984 0.4893419833178869 0.32431430689399554 0.10009267840593139 5
0.07116382505559671 0.571825764596849 0.41512231282431433 0.08897126969416125 5
0.12750185322461083 0.4675625579240037 0.49147516679021497 0.1362372567191844 5
0.1489992587101557 0.49258572752548657 0.639362490733877 0.11028730305838741 5
0.021497405485544796 0.4684893419833179 0.7409191994069682 0.030583873957367946 5
0.01779095626389915 0.654772937905468 0.7553743513713862 0.03985171455050973 5
0.08673091178650849 0.6886005560704356 0.6742031134173462 0.05189990732159411 5
0.031134173461823567 0.5917516218721038 0.7939214232765011 0.0324374420759963 5
0.04077094143810228 0.5917516218721038 0.2842846553002224 0.0806302131603337 5
0.02594514455151964 0.6719184430027804 0.27687175685693105 0.05004633920296575 5
0.017420311341734617 0.5597775718257646 0.021497405485544848 0.1037998146431881 5
0.6104521868050408 0.24930491195551435 0.6130467012601928 0.12557924003707138 1
0.07561156412157155 0.8433734939759037 0.7857672349888807 0.09267840593141796 0
0.04373610081541879 0.8776645041705282 0.7216456634544107 0.08526413345690453 0
0.031134173461823567 0.8053753475440223 0.44329132690882134 0.10936051899907318 0
0.032616753150481834 0.6566265060240963 0.24017790956263896 0.043558850787766445 0
0.05633802816901412 0.5426320667284523 0.8421052631578947 0.05468025949953659 0
0.01927353595255743 0.5898980537534755 0.8539659006671608 0.03614457831325302 0
0.024462564862861358 0.6223354958294718 0.885470719051149 0.06024096385542166 0
0.06078576723498885 0.690917516218721 0.8799110452186805 0.06024096385542166 0
0.03335804299481093 0.6010194624652456 0.5526315789473685 0.03429101019462466 0
0.03409933283914013 0.5458758109360519 0.5285396590066717 0.040778498609823965 0
0.03706449221645666 0.6603336422613532 0.5203854707190512 0.0324374420759963 0
0.017790956263899205 0.5769230769230769 0.3402520385470719 0.030583873957367946 0
0.022238695329873992 0.03151065801668211 0.156412157153447 0.028730305838739575 0
0.05485544848035581 0.1102873030583874 0.16456634544106746 0.09082483781278962 0
0.030392883617494454 0.2201112140871177 0.16345441067457375 0.03614457831325302 0
0.031134173461823567 0.2557924003707136 0.13936249073387694 0.04819277108433734 0
0.03113417346182358 0.20528266913809082 0.11712379540400296 0.03614457831325302 0
0.02297998517420311 0.14040778498609824 0.11601186063750926 0.05097312326227988 0
0.05930318754633063 0.0685820203892493 0.21052631578947367 0.04263206672845228 0
0.028910303928836173 0.09592215013901761 0.21756856931060045 0.03429101019462466 0
0.025945144551519653 0.09962928637627433 0.2494440326167532 0.03614457831325302 0
0.014825796886582643 0.26274328081556997 0.279466271312083 0.01946246524559779 0
0.011119347664936996 0.22520852641334568 0.29466271312083026 0.014828544949026884 0
0.012601927353595277 0.29101019462465244 0.31764269829503333 0.0129749768303985 0
0.014825796886582643 0.31417979610750696 0.3046701260192735 0.020389249304911983 0
0.014084507042253502 0.35032437442076 0.3050407709414381 0.01853568118628357 0
0.02149740548554485 0.5083410565338277 0.47998517420311343 0.02131603336422616 0
0.017049666419570036 0.5088044485634847 0.4992587101556708 0.01853568118628357 0
0.03409933283914013 0.5032437442075997 0.5248332097850259 0.033364226135310454 0
0.00815418828762049 0.46570898980537534 0.5385470719051149 0.01204819277108432 0
0.02075611564121571 0.4425393883225209 0.4788732394366197 0.030583873957367946 0
0.009636767976278743 0.44439295644114923 0.5088954781319496 0.010194624652455964 0
0.00963676797627877 0.4643188137164041 0.5126019273535952 0.0129749768303985 0
0.00815418828762049 0.49721964782205746 0.6104521868050408 0.010194624652455964 0
0.021497405485544796 0.5370713623725671 0.7083024462564863 0.023169601482854518 0
0.017049666419570036 0.3623725671918443 0.22646404744255003 0.029657089898053768 0
0.009636767976278715 0.49953660797034294 0.3183839881393625 0.01668211306765524 0
0.017790956263899205 0.8113994439295644 0.38621200889547813 0.030583873957367946 0
0.013343217197924417 0.7951807228915663 0.9888806523350631 0.02409638554216864 0
0.014084507042253502 0.7015755329008341 0.5370644922164566 0.022242817423540284 0
0.010378057820607856 0.6575532900834106 0.4966641957005189 0.012048192771084376 0
0.04225352112676056 0.628822984244671 0.4681245366938473 0.056533827618164945 5
0.02075611564121571 0.892029657089898 0.13120830244625648 0.019462465245597804 5
