0.060546875 0.4345703125 0.8076171875 0.130859375 5
0.3671875 0.3828125 0.45703125 0.361328125 4
0.384765625 0.162109375 0.5126953125 0.1416015625 2
0.0390625 0.587890625 0.6875 0.03125 5
0.037109375 0.9658203125 0.3486328125 0.052734375 2
0.0234375 0.2919921875 0.984375 0.076171875 2
0.03515625 0.2802734375 0.91796875 0.048828125 5
0.0546875 0.2998046875 0.970703125 0.169921875 5
0.02734375 0.9248046875 0.7578125 0.041015625 0
0.025390625 0.9638671875 0.7626953125 0.021484375 0
0.01953125 0.9736328125 0.724609375 0.029296875 0
