0.021497405485544845 0.9453197405004634 0.04151223128243143 0.08711770157553289 2
0.026686434395848724 0.6645041705282669 0.7761304670126019 0.03151065801668207 0
0.0429948109710897 0.6274328081556997 0.9451445515196442 0.029657089898053712 0
0.02149740548554485 0.6992585727525487 0.9818383988139363 0.03429101019462466 0
0.02742772424017792 0.7303058387395737 0.7475908080059304 0.025949953660797 0
0.045959970348406265 0.6051899907321594 0.670126019273536 0.025949953660797 0
0.02594514455151964 0.43836886005560705 0.7171979243884359 0.04633920296570898 0
0.024462564862861358 0.3818350324374421 0.8261675315048184 0.029657089898053768 0
0.0289103039288362 0.252548656163114 0.8269088213491476 0.03614457831325302 0
0.04077094143810234 0.26737720111214086 0.7438843587842846 0.04170528266913809 0
0.03261675315048185 0.1056533827618165 0.6597479614529281 0.04819277108433735 0
0.03187546330615265 0.17655236329935126 0.6578947368421053 0.037998146431881374 0
0.02594514455151964 0.37488415199258573 0.8973313565604151 0.03985171455050973 0
0.05633802816901412 0.39990732159406855 0.8710155670867309 0.026876737720111232 0
0.03409933283914013 0.943002780352178 0.6797627872498146 0.030583873957367946 0
0.02742772424017792 0.9833178869323449 0.5555967383246849 0.029657089898053768 0
0.03335804299481099 0.8818350324374421 0.4369903632320237 0.023169601482854518 0
0.0289103039288362 0.8850787766450418 0.3183839881393625 0.01853568118628357 0
0.02742772424017792 0.8674698795180723 0.25166790214974055 0.027803521779425355 0
0.17790956263899188 0.5579240037071362 0.3558191252779837 0.4142724745134383 1
0.21497405485544852 0.5166821130676552 0.5455893254262416 0.36793327154772937 7
0.24240177909562638 0.8697868396663577 0.47850259451445515 0.22150139017608894 7
0.23795404002965165 0.8234476367006488 0.8528539659006673 0.11770157553290084 7
0.06004447739065977 0.5727525486561631 0.7839140103780579 0.1093605189990732 7
0.07264640474425499 0.4091751621872104 0.8235730170496665 0.08989805375347543 7
0.054114158636026644 0.3433734939759036 0.941067457375834 0.082483781278962 7
0.10971089696071162 0.8498609823911029 0.25945144551519644 0.08526413345690453 7
0.04595997034840621 0.7882298424467099 0.3224610822831727 0.062094531974050016 7
0.07709414381022982 0.741890639481001 0.30689399555226093 0.043558850787766445 7
0.1289844329132691 0.8063021316033364 0.36249073387694586 0.09453197405004632 7
0.013343217197924417 0.6506024096385542 0.865826538176427 0.014828544949026856 0
0.011860637509266136 0.8415199258572753 0.513713862120089 0.014828544949026856 0
0.014825796886582643 0.8721037998146431 0.4788732394366197 0.020389249304911927 0
0.02075611564121571 0.9207599629286376 0.4744255003706449 0.013901760889712733 0
0.016308376575240924 0.9578313253012049 0.4128984432913269 0.017608897126969447 0
