0.5400390625 0.490234375 0.560546875 0.3076171875 4
0.10546875 0.830078125 0.19140625 0.31640625 2
0.150390625 0.5615234375 0.9072265625 0.083984375 5
0.095703125 0.6611328125 0.5908203125 0.119140625 5
0.076171875 0.8955078125 0.5263671875 0.052734375 2
0.029296875 0.6591796875 0.6044921875 0.080078125 2
0.021484375 0.5673828125 0.8896484375 0.037109375 2
0.015625 0.560546875 0.9140625 0.03515625 2
0.029296875 0.5732421875 0.9462890625 0.044921875 2
0.169921875 0.25 0.9072265625 0.0859375 2
0.0625 0.611328125 0.28515625 0.0625 5
0.078125 0.580078125 0.359375 0.0546875 5
0.060546875 0.6123046875 0.2880859375 0.060546875 2
0.068359375 0.580078125 0.3544921875 0.05078125 2
0.02734375 0.6572265625 0.578125 0.072265625 2
0.046875 0.46484375 0.787109375 0.046875 2
