0.15755208333333337 0.8003472222222221 0.6985677083333334 0.24305555555555552 6
0.03515625 0.8420138888888888 0.701171875 0.04166666666666663 0
0.01953125 0.8064236111111112 0.6673177083333334 0.05729166666666663 0
0.02083333333333337 0.7916666666666666 0.6875 0.04166666666666663 0
0.041666666666666685 0.3116319444444444 0.40625 0.04340277777777779 0
0.036458333333333315 0.3689236111111111 0.4778645833333333 0.04340277777777779 0
0.234375 0.4522569444444444 0.4453125 0.11284722222222221 4
0.13932291666666666 0.7586805555555556 0.16666666666666666 0.5546875 2
0.026041666666666685 0.13020833333333334 0.41015625 0.03819444444444445 0
0.03125 0.2786458333333333 0.3567708333333333 0.03993055555555554 0
0.033854166666666685 0.4618055555555556 0.3984375 0.04513888888888887 0
0.07942708333333331 0.3802083333333333 0.3899739583333333 0.09027777777777779 0
0.08463541666666663 0.1605902777777778 0.716796875 0.11631944444444443 0
