0.14322916666666663 0.7898148148148149 0.6143229166666667 0.40555555555555556 1
0.05572916666666669 0.8495370370370371 0.47265625 0.06574074074074077 0
0.02031250000000001 0.9657407407407408 0.48776041666666664 0.05370370370370375 0
0.019791666666666652 0.3611111111111111 0.7338541666666667 0.04259259259259257 0
0.020312499999999956 0.45416666666666666 0.7356770833333334 0.037962962962962976 0
0.05833333333333335 0.38333333333333336 0.4328125 0.040740740740740744 0
0.019791666666666652 0.5356481481481481 0.296875 0.02314814814814814 0
0.020833333333333315 0.4356481481481482 0.38125 0.025000000000000022 0
0.014583333333333337 0.4902777777777777 0.39427083333333335 0.024999999999999994 0
0.017708333333333326 0.575925925925926 0.45364583333333336 0.031481481481481444 0
0.021874999999999978 0.45694444444444443 0.34375 0.036111111111111094 0
0.025520833333333326 0.4949074074074074 0.31276041666666665 0.02685185185185185 0
0.01614583333333336 0.5421296296296296 0.33671875 0.028703703703703676 0
0.01718750000000001 0.5949074074074074 0.2591145833333333 0.030555555555555558 0
0.02031250000000001 0.9666666666666667 0.41067708333333336 0.025925925925925908 0
0.019270833333333348 0.9027777777777778 0.31536458333333334 0.040740740740740744 0
0.02395833333333336 0.6314814814814815 0.39375 0.03888888888888886 0
0.02031250000000001 0.4712962962962962 0.47578125 0.03518518518518518 0
0.02083333333333337 0.22037037037037038 0.6901041666666666 0.0388888888888889 0
0.014062499999999978 0.9699074074074074 0.51796875 0.030555555555555503 0
0.41640625 0.2611111111111111 0.4828125 0.1305555555555556 4
0.12239583333333334 0.41944444444444445 0.23776041666666667 0.31296296296296294 4
0.09375 0.3402777777777778 0.346875 0.1509259259259259 4
0.06093749999999998 0.14074074074074075 0.73828125 0.14074074074074075 4
