0.06078576723498885 0.9031510658016683 0.39288361749444034 0.06580166821130673 0
0.06449221645663453 0.9026876737720111 0.4911045218680504 0.05004633920296575 0
0.024462564862861358 0.9545875810936052 0.44514455151964416 0.02409638554216864 0
0.0289103039288362 0.8517145505097312 0.5985915492957746 0.027803521779425355 0
0.02075611564121571 0.8322520852641334 0.6604892512972572 0.01853568118628357 0
0.08302446256486284 0.43002780352177944 0.508524833209785 0.05746061167747912 0
0.038547071905114916 0.4643188137164041 0.4507042253521127 0.03892493049119555 0
0.12750185322461083 0.25023169601482853 0.5959970348406227 0.031510658016682125 0
0.06671608598962198 0.2520852641334569 0.7279466271312083 0.03521779425393884 0
0.022238695329873992 0.36098239110287306 0.7546330615270571 0.0324374420759963 0
0.06893995552260934 0.27201112140871175 0.8728687916975537 0.043558850787766445 0
0.01779095626389915 0.23354958294717332 0.9177168272794662 0.024096385542168683 0
0.0593031875463306 0.31742354031510656 0.4981467753891772 0.03429101019462466 0
0.03854707190511489 0.6348470806302131 0.21868050407709413 0.046339202965709037 0
0.04077094143810228 0.6010194624652456 0.17160859896219421 0.050973123262279874 0
0.024462564862861386 0.7025023169601483 0.1397331356560415 0.027803521779425355 0
0.046701260192735364 0.7604263206672845 0.0782060785767235 0.062094531974050016 0
0.030392883617494437 0.7201112140871178 0.04299481097108969 0.05004633920296575 0
0.06597479614529278 0.3697868396663577 0.47553743513713864 0.03892493049119555 0
0.06078576723498885 0.39990732159406855 0.41363973313565605 0.05468025949953659 0
0.031134173461823567 0.4972196478220574 0.32765011119347665 0.03614457831325299 0
0.0289103039288362 0.7205746061167748 0.5051890289103039 0.03614457831325302 0
0.023721275018532273 0.7038924930491196 0.536693847294292 0.04170528266913809 0
0.02594514455151964 0.6042632066728453 0.712750185322461 0.03151065801668207 0
0.03558191252779841 0.6413345690454124 0.7160859896219421 0.029657089898053712 0
0.03558191252779841 0.6232622798887859 0.6078576723498889 0.03429101019462466 0
0.0252038547071905 0.6024096385542169 0.9859154929577465 0.048192771084337394 0
0.025945144551519653 0.08897126969416126 0.11749444032616753 0.024096385542168683 0
0.019273535952557454 0.19508804448563485 0.0681986656782802 0.013901760889712705 0
0.01779095626389915 0.2803521779425394 0.9896219421793921 0.043558850787766445 5
0.024462564862861372 0.08804448563484708 0.11527057079318014 0.025949953660797036 5
0.022238695329873978 0.1927710843373494 0.0681986656782802 0.025949953660797026 5
0.02594514455151964 0.9569045412418906 0.4444032616753151 0.03429101019462466 5
0.11564121571534469 0.6422613531047267 0.5211267605633803 0.08526413345690453 4
0.013343217197924383 0.8025949953660797 0.11193476649369902 0.01853568118628357 0
0.010378057820607856 0.4008341056533828 0.3328391401037806 0.02131603336422616 0
0.011119347664936996 0.41566265060240964 0.34951816160118604 0.023169601482854518 0
0.2876204595997035 0.43975903614457823 0.4166048925129725 0.28637627432808155 1
