0.173828125 0.84375 0.18359375 0.09765625 0
0.451171875 0.73828125 0.8671875 0.392578125 4
0.083984375 0.19921875 0.8232421875 0.12890625 2
0.1640625 0.5205078125 0.873046875 0.275390625 2
0.025390625 0.146484375 0.6396484375 0.0234375 5
0.033203125 0.2041015625 0.6806640625 0.029296875 5
0.0234375 0.1611328125 0.552734375 0.029296875 5
0.0234375 0.1767578125 0.51171875 0.021484375 5
0.0234375 0.349609375 0.5078125 0.03125 5
0.02734375 0.318359375 0.439453125 0.02734375 5
0.025390625 0.7880859375 0.4775390625 0.025390625 2
0.052734375 0.7158203125 0.5185546875 0.048828125 2
0.197265625 0.6787109375 0.8974609375 0.525390625 1
0.494140625 0.826171875 0.7451171875 0.3359375 3
