0.052734375 0.3701171875 0.2158203125 0.060546875 0
0.1259765625 0.3359375 0.173828125 0.234375 2
0.13671875 0.7060546875 0.443359375 0.208984375 2
0.1328125 0.5322265625 0.541015625 0.197265625 2
0.12109375 0.611328125 0.673828125 0.10546875 2
0.095703125 0.3203125 0.5576171875 0.1328125 2
0.115234375 0.21875 0.4306640625 0.1171875 2
0.0859375 0.236328125 0.77734375 0.0625 2
0.05078125 0.3388671875 0.830078125 0.068359375 2
0.2822265625 0.7421875 0.474609375 0.4765625 3
0.2158203125 0.783203125 0.244140625 0.4140625 7
