0.1875463306152706 0.247451343836886 0.39621942179392144 0.24328081556997222 5
0.03187546330615276 0.12557924003707135 0.5919199406968124 0.04911955514365154 5
0.07412898443291327 0.4462465245597776 0.7687175685693106 0.14179796107506953 5
0.0429948109710897 0.5829471733086191 0.9747961452928094 0.15013901760889714 5
0.1597479614529281 0.20389249304911955 0.21423276501111935 0.18721037998146434 5
0.0474425500370645 0.5139017608897127 0.10155670867309119 0.0583873957367933 5
0.03558191252779837 0.629286376274328 0.0385470719051149 0.08711770157553289 5
0.02891030392883618 0.8563484708063022 0.055967383246849516 0.07228915662650603 5
0.055596738324684924 0.5699721964782206 0.5496664195700519 0.11121408711770156 5
0.031134173461823567 0.22103799814643188 0.6011860637509266 0.0546802594995366 0
0.03335804299481093 0.31417979610750696 0.5956263899184581 0.08526413345690453 0
0.04521868050407707 0.40593141797961074 0.6089696071163825 0.0648748841519926 0
0.036323202372127494 0.45505097312326226 0.6186063750926613 0.04077849860982391 0
0.022979985174203077 0.48841519925857274 0.6037805782060786 0.03892493049119555 0
0.044477390659747984 0.5537534754402225 0.6671608598962194 0.050973123262279874 0
0.031134173461823567 0.6153846153846154 0.6464047442550037 0.03707136237256714 0
0.028169014084507005 0.8280815569972196 0.6404744255003706 0.04170528266913809 5
0.020014825796886626 0.8512511584800742 0.6519644180874722 0.03429101019462466 5
0.05337286879169756 0.9031510658016683 0.687175685693106 0.07321594068582016 5
0.031134173461823567 0.9791473586654309 0.670126019273536 0.03058387395736789 0
0.01779095626389915 0.9823911028730306 0.6338028169014085 0.024096385542168697 0
0.03484062268346921 0.6468952734012975 0.46590066716085987 0.05560704355885082 5
0.1519644180874722 0.5866543095458758 0.3413639733135656 0.139017608897127 5
0.06226834692364713 0.6983317886932344 0.4047442550037065 0.0713623725671918 5
0.04373610081541879 0.3002780352177943 0.712750185322461 0.0908248378127896 5
0.018532246108228345 0.2845227062094532 0.7446256486286138 0.03521779425393884 0
0.012601927353595221 0.31510658016682114 0.757227575982209 0.025949953660797054 0
0.021497405485544796 0.12465245597775718 0.7060785767234989 0.043558850787766445 0
0.03706449221645658 0.08804448563484708 0.7294292068198666 0.04494902687673773 0
0.01779095626389915 0.03707136237256719 0.7575982209043736 0.019462465245597776 0
0.04151223128243142 0.29610750695088045 0.5656041512231282 0.09545875810936051 0
0.03484062268346921 0.37395736793327156 0.5630096367679763 0.05282669138090823 0
0.028169014084507005 0.46153846153846156 0.5678280207561156 0.05746061167747915 0
0.022979985174203077 0.18025949953660797 0.5607857672349889 0.05653382761816497 0
0.022238695329873992 0.5810936051899908 0.7694588584136397 0.03707136237256714 0
0.017049666419570064 0.5245597775718258 0.7727946627131208 0.027803521779425383 5
0.03261675315048185 0.6538461538461539 0.793180133432172 0.10472659870250234 5
0.03039288361749448 0.38461538461538464 0.8817642698295033 0.12048192771084337 0
0.02594514455151964 0.5319740500463392 0.9047442550037065 0.0778498609823911 0
0.025203854707190554 0.25023169601482853 0.8939955522609341 0.04263206672845227 0
0.024462564862861358 0.21408711770157554 0.8765752409191994 0.05375347544022244 0
0.05189028910303928 0.26830398517145504 0.971830985915493 0.04911955514365152 0
0.030392883617494454 0.7826691380908248 0.5014825796886583 0.0454124189063948 5
0.012601927353595277 0.24142724745134383 0.29021497405485547 0.02316960148285449 0
0.007412898443291349 0.2845227062094532 0.30911786508524836 0.011121408711770142 0
0.037064492216456635 0.20713623725671917 0.3921423276501112 0.08989805375347545 0
0.03187546330615271 0.1932344763670065 0.4681245366938473 0.06580166821130676 0
0.013343217197924362 0.22984244670991658 0.45441067457375833 0.022242817423540312 0
0.011860637509266136 0.23262279888785914 0.43884358784284655 0.018535681186283584 0
0.010378057820607856 0.16543095458758109 0.41512231282431433 0.015755329008341062 0
0.02001482579688657 0.19879518072289157 0.3458117123795404 0.019462465245597776 0
0.017790956263899205 0.24513438368860055 0.3446997776130467 0.01760889712696942 0
0.011119347664936996 0.24003707136237257 0.3235730170496664 0.012974976830398513 0
0.014825796886582643 0.23076923076923078 0.36100815418828763 0.03892493049119555 0
0.02075611564121571 0.2849860982391103 0.3647146034099333 0.01760889712696939 0
0.011860637509266136 0.2849860982391103 0.3395107487027428 0.015755329008341035 0
0.02742772424017792 0.20250231696014828 0.4295774647887324 0.03058387395736792 0
0.017790956263899177 0.170064874884152 0.1363973313565604 0.021316033364226133 0
0.011860637509266123 0.13901760889712697 0.08228317272053373 0.012974976830398527 0
0.012601927353595263 0.15338276181649677 0.09970348406226835 0.02316960148285449 0
0.011119347664936996 0.16682113067655235 0.12194217939214233 0.012974976830398527 0
0.011119347664936996 0.1936978683966636 0.18346923647146035 0.014828544949026884 0
0.011860637509266136 0.19416126042632068 0.16456634544106746 0.01760889712696942 0
0.017049666419570043 0.1936978683966636 0.12638991845811712 0.027803521779425383 0
0.0252038547071905 0.4856348470806302 0.31504818383988137 0.04077849860982388 0
0.019273535952557454 0.8623725671918443 0.05559673832468495 0.03614457831325302 0
0.022238695329873985 0.6320667284522706 0.029651593773165306 0.059314179796107536 0
0.01260192735359525 0.510194624652456 0.09006671608598962 0.02131603336422616 0
0.009636767976278715 0.5755329008341057 0.2998517420311342 0.016682113067655213 0
0.015567086730911783 0.6417979610750695 0.45997034840622686 0.025023169601482875 0
0.010378057820607856 0.8999073215940686 0.7071905114899926 0.027803521779425355 0
0.020014825796886626 0.9105653382761817 0.6719792438843588 0.02131603336422616 0
0.01111934766493694 0.43836886005560705 0.7646404744255003 0.01853568118628357 0
0.018532246108228345 0.4833178869323448 0.7550037064492217 0.023169601482854518 0
0.01111934766493694 0.49304911955514363 0.77353595255745 0.022242817423540312 0
0.00815418828762049 0.25857275254865614 0.7194217939214232 0.016682113067655227 0
0.020756115641215767 0.5648748841519926 0.9844329132690883 0.050973123262279874 0
0.014825796886582698 0.572289156626506 0.9666419570051891 0.019462465245597804 0
0.012601927353595221 0.6126042632066728 0.9907338769458859 0.022242817423540284 0
0.014084507042253502 0.4675625579240037 0.7105263157894737 0.019462465245597804 0
0.00963676797627877 0.943466172381835 0.684581171237954 0.0129749768303985 0
0.02075611564121571 0.7293790546802595 0.6004447739065975 0.029657089898053712 5
0.035581912527798354 0.4087117701575533 0.48035581912527797 0.050046339202965695 5
0.01111934766493694 0.3253012048192771 0.8113417346182358 0.016682113067655213 0
0.00963676797627877 0.3211306765523633 0.7876204595997035 0.013901760889712678 0
0.017049666419570064 0.4782205746061168 0.8246849518161601 0.027803521779425383 0
0.018532246108228345 0.08665430954587582 0.7853965900667161 0.02316960148285449 0
0.07042253521126762 0.4263206672845227 0.13787991104521868 0.37256719184430026 1
