0.06560415122312824 0.32715477293790546 0.0793180133432172 0.08711770157553289 0
0.03928836174944404 0.3215940685820204 0.28650852483320977 0.05189990732159405 5
0.052631578947368474 0.38368860055607046 0.5941438102297999 0.06302131603336425 5
0.04077094143810234 0.376274328081557 0.7038547071905115 0.037071362372567196 0
0.02742772424017792 0.4457831325301205 0.639362490733877 0.029657089898053768 0
0.11193476649369904 0.5769230769230769 0.6022979985174203 0.2326227988878591 5
0.06745737583395106 0.8392029657089899 0.6467753891771683 0.27525486561631146 5
0.04818383988139363 0.67516218721038 0.17160859896219421 0.06950880444856344 5
0.32134914751667903 0.23262279888785914 0.33728687916975536 0.13670064874884152 4
0.0252038547071905 0.40593141797961074 0.9859154929577465 0.04633920296570898 5
0.03335804299481093 0.37025023169601484 0.8283914010378057 0.043558850787766445 0
0.024462564862861358 0.556997219647822 0.8543365455893255 0.046339202965709037 0
0.0289103039288362 0.46709916589434664 0.6823573017049667 0.04077849860982388 0
0.01779095626389915 0.5199258572752549 0.6745737583395107 0.04448563484708065 0
0.01779095626389915 0.45273401297497684 0.7197924388435878 0.03614457831325302 0
0.049666419570051884 0.5871177015755329 0.24944403261675316 0.06580166821130673 0
0.01260192735359525 0.5588507877664504 0.20867309117865085 0.0129749768303985 0
0.019273535952557458 0.5866543095458758 0.18680504077094143 0.025949953660797 0
0.015567086730911783 0.5922150139017609 0.2079318013343217 0.016682113067655213 0
0.008895478131949602 0.288693234476367 0.23869532987398073 0.015755329008341035 0
0.01408450704225353 0.34615384615384615 0.16716085989621943 0.01760889712696939 0
0.014084507042253502 0.8461538461538461 0.35767234988880653 0.0129749768303985 0
0.008895478131949575 0.711306765523633 0.3291326908821349 0.01575532900834109 0
0.011860637509266136 0.3049119555143652 0.31356560415122314 0.029657089898053768 0
0.009636767976278715 0.31510658016682114 0.28650852483320977 0.025949953660797054 0
0.008895478131949575 0.32391102873030586 0.27353595255744995 0.02131603336422616 0
0.00815418828762049 0.5157553290083411 0.6334321719792438 0.02131603336422616 0
0.014825796886582698 0.3674698795180723 0.6419570051890289 0.023169601482854518 0
0.010378057820607856 0.34615384615384615 0.6345441067457376 0.01760889712696939 0
0.012601927353595221 0.2873030583873957 0.678650852483321 0.02780352177942541 0
0.02742772424017792 0.30676552363299353 0.6957005189028911 0.06116774791473585 0
0.014084507042253502 0.4077849860982391 0.985544848035582 0.029657089898053768 0
0.02075611564121571 0.28405931417979613 0.6753150481838399 0.0454124189063948 5
0.01111934766493694 0.928174235403151 0.6853224610822831 0.030583873957367946 5
0.017790956263899205 0.8716404077849861 0.3810229799851742 0.023169601482854518 5
0.024462564862861358 0.8493975903614458 0.36063750926612304 0.03429101019462466 5
0.08005930318754634 0.22381835032437442 0.19125277983691624 0.09916589434661723 5
0.33061527057079326 0.5074142724745134 0.7020014825796888 0.4958294717330862 1
