   0.08603    0.36757    0.83904    0.34097    2.00000
   0.89362    0.52661    0.94681    0.33292    2.00000
   0.84875    0.09901    0.87882    0.04950    2.00000
   0.89870    0.17389    0.93062    0.07302    0.00000
   0.20722    0.06064    0.94080    0.03280    0.00000
   0.58233    0.12871    0.61055    0.06931    2.00000
   0.13506    0.73144    0.45467    0.62314    4.00000
   0.00833    0.99257    0.50231    0.49752    2.00000
   0.19010    0.14851    0.63090    0.07673    6.00000
   0.78168    0.28589    0.88622    0.14913    6.00000
   0.57493    0.13738    0.59944    0.06993    6.00000
   0.89454    0.52413    0.94542    0.32797    6.00000
   0.08696    0.36386    0.83904    0.34158    6.00000
