   0.00391    0.99219    0.50195    0.49805    3.00000
   0.44043    0.93555    0.91602    0.07031    2.00000
   0.90625    0.73633    0.95312    0.25000    2.00000
   0.59668    0.59277    0.90820    0.07617    2.00000
   0.74023    0.44434    0.92969    0.09180    2.00000
   0.52246    0.38184    0.95898    0.06445    2.00000
   0.68750    0.56543    0.70312    0.33398    6.00000
   0.25098    0.58301    0.66211    0.41211    3.00000
   0.60156    0.78613    0.65820    0.25977    3.00000
   0.49023    0.33594    0.51270    0.21680    3.00000
   0.66895    0.51465    0.72070    0.28320    3.00000
