   0.38867    0.39258    0.85156    0.08594    0.00000
   0.44824    0.49316    0.90430    0.09570    0.00000
   0.35547    0.49121    0.92969    0.04102    0.00000
   0.53125    0.52246    0.96875    0.04492    0.00000
   0.90625    0.61328    0.95117    0.25781    0.00000
   0.87695    0.31250    0.92871    0.19141    0.00000
   0.21680    0.06543    0.94531    0.06055    2.00000
   0.29102    0.80957    0.35840    0.37305    3.00000
   0.37891    0.37695    0.89844    0.05859    2.00000
   0.95898    0.55273    0.96875    0.03125    2.00000
