   0.77832    0.34863    0.91992    0.09180    2.00000
   0.30566    0.52246    0.88867    0.08398    2.00000
   0.31836    0.51562    0.92969    0.07812    0.00000
   0.78809    0.33203    0.96289    0.05078    0.00000
   0.64844    0.88672    0.71875    0.20312    6.00000
   0.58301    0.80566    0.97461    0.04102    2.00000
   0.61230    0.79688    0.97461    0.02344    2.00000
   0.58301    0.80664    0.98242    0.01953    0.00000
   0.36523    0.81934    0.68066    0.35352    4.00000
   0.01172    0.77930    0.50000    0.39160    3.00000
