   0.80957    0.18652    0.91211    0.13086    2.00000
   0.65918    0.19727    0.87695    0.09375    2.00000
   0.45215    0.02539    0.91211    0.01660    2.00000
   0.22852    0.02539    0.93359    0.02051    2.00000
   0.03711    0.15332    0.93750    0.11914    2.00000
   0.07520    0.25586    0.93945    0.09766    2.00000
   0.05664    0.63379    0.89844    0.26758    2.00000
   0.94531    0.39746    0.96875    0.12695    2.00000
   0.87207    0.29883    0.95508    0.07812    2.00000
   0.51172    0.79199    0.65039    0.39648    4.00000
   0.41016    0.84473    0.62500    0.28711    6.00000
   0.48438    0.96387    0.87109    0.06445    0.00000
   0.79492    0.87305    0.96484    0.03516    0.00000
   0.85352    0.90234    0.97656    0.01953    0.00000
   0.89062    0.92578    0.97266    0.01562    0.00000
   0.85938    0.85840    0.97266    0.02930    0.00000
