   0.50483    0.45783    0.97989    0.02595    0.00000
   0.44248    0.47637    0.91311    0.08712    0.00000
   0.48673    0.54078    0.94047    0.07878    0.00000
   0.52132    0.62604    0.89541    0.09917    0.00000
   0.79204    0.69323    0.94932    0.07229    0.00000
   0.93363    0.82762    0.97345    0.04634    0.00000
   0.58447    0.36423    0.90909    0.05746    0.00000
   0.65688    0.14411    0.94932    0.04912    0.00000
   0.32864    0.85496    0.83829    0.28267    6.00000
   0.74095    0.73865    0.76508    0.49861    6.00000
   0.02655    0.96756    0.50201    0.49676    6.00000
   0.12912    0.91891    0.92357    0.10658    1.00000
   0.35157    0.96200    0.88415    0.04819    1.00000
   0.84111    0.87905    0.89300    0.21779    1.00000
   0.45052    0.65941    0.66010    0.60519    7.00000
   0.58608    0.67980    0.96702    0.02502    2.00000
   0.54626    0.70436    0.95817    0.02410    2.00000
   0.38053    0.72845    0.96299    0.02780    2.00000
   0.40105    0.60195    0.98150    0.02317    2.00000
   0.40587    0.64087    0.98471    0.01946    2.00000
   0.38858    0.49398    0.98069    0.02595    2.00000
   0.34312    0.93003    0.89622    0.09546    7.00000
   0.51529    0.56395    0.71762    0.30862    7.00000
   0.71400    0.44625    0.84151    0.11585    7.00000
