   0.09526    0.95366    0.82876    0.48981    4.00000
   0.97554    0.74745    0.98554    0.14736    1.00000
   0.48629    0.90639    0.72016    0.18350    1.00000
   0.80912    0.71131    0.95478    0.06024    0.00000
   0.78799    0.79333    0.92587    0.09453    0.00000
   0.71275    0.81372    0.97850    0.03522    0.00000
   0.90178    0.71038    0.95033    0.06209    0.00000
   0.95738    0.29379    0.97109    0.04819    0.00000
   0.90289    0.32252    0.96738    0.03892    0.00000
   0.85137    0.50649    0.97257    0.05468    0.00000
   0.34359    0.81186    0.97999    0.02595    0.00000
   0.31875    0.80259    0.97628    0.02410    0.00000
   0.32691    0.80445    0.96294    0.03707    5.00000
   0.63121    0.30352    0.97999    0.02502    5.00000
   0.62713    0.30538    0.97924    0.02873    0.00000
   0.16605    0.40454    0.98962    0.02502    0.00000
   0.17309    0.46803    0.97554    0.04263    0.00000
   0.21534    0.26830    0.97850    0.03429    0.00000
   0.16976    0.03429    0.97924    0.03197    5.00000
   0.12046    0.65570    0.94589    0.06766    5.00000
   0.09563    0.19926    0.88139    0.17006    5.00000
   0.10749    0.13716    0.98517    0.01854    0.00000
   0.39881    0.01205    0.98666    0.00602    0.00000
   0.16938    0.06117    0.99333    0.01112    0.00000
