   0.89453    0.40527    0.91406    0.23242    2.00000
   0.91016    0.54492    0.94531    0.06641    2.00000
   0.80176    0.71875    0.88477    0.26562    2.00000
   0.75977    0.95410    0.91016    0.08008    2.00000
   0.52539    0.84766    0.96094    0.05859    2.00000
   0.62012    0.77441    0.93555    0.07617    2.00000
   0.31836    0.28418    0.61426    0.17383    2.00000
   0.35645    0.27148    0.89258    0.11328    2.00000
   0.75684    0.11523    0.85352    0.06934    2.00000
   0.78711    0.14062    0.87012    0.08203    1.00000
   0.97656    0.84570    0.98633    0.05078    2.00000
   0.61523    0.87305    0.96875    0.03906    2.00000
   0.67578    0.93359    0.95312    0.04688    2.00000
   0.85938    0.96582    0.97656    0.01758    0.00000
   0.52539    0.62402    0.98438    0.01758    0.00000
