   0.73443    0.72592    0.86462    0.33565    6.00000
   0.87933    0.17627    0.96972    0.04469    0.00000
   0.83045    0.24280    0.92215    0.08838    0.00000
   0.81618    0.09384    0.93339    0.06455    0.00000
   0.33997    0.60775    0.37933    0.58590    4.00000
   0.67647    0.84955    0.81142    0.27905    4.00000
   0.73356    0.35154    0.86592    0.17676    1.00000
   0.89273    0.63505    0.94291    0.02880    0.00000
   0.87760    0.68818    0.97145    0.02383    0.00000
   0.79282    0.63605    0.98875    0.01490    0.00000
   0.88668    0.76713    0.98097    0.02483    0.00000
   0.94550    0.69017    0.96021    0.07746    0.00000
