   0.18555    0.22656    0.63672    0.22266    5.00000
   0.12402    0.47461    0.77539    0.18359    5.00000
   0.35156    0.77832    0.91797    0.15820    5.00000
   0.44336    0.91406    0.84766    0.15234    5.00000
   0.78613    0.76855    0.90820    0.09570    5.00000
   0.30859    0.89551    0.96094    0.04883    5.00000
   0.65332    0.67188    0.95117    0.04688    5.00000
   0.33984    0.50391    0.53320    0.38672    4.00000
   0.42871    0.07910    0.93945    0.05273    5.00000
   0.41504    0.71973    0.93164    0.04492    5.00000
   0.70117    0.80371    0.97266    0.02930    5.00000
   0.15137    0.95020    0.87305    0.08789    1.00000
   0.88574    0.84277    0.97852    0.04102    0.00000
   0.33105    0.74023    0.98242    0.03906    0.00000
   0.44727    0.88574    0.95703    0.06836    0.00000
   0.44531    0.95801    0.88281    0.04492    0.00000
   0.02734    0.16113    0.96875    0.02930    0.00000
   0.21191    0.30859    0.97852    0.01953    0.00000
   0.23438    0.18945    0.98438    0.01562    0.00000
   0.14844    0.16602    0.98047    0.01953    0.00000
   0.01172    0.23633    0.98828    0.02734    0.00000
   0.10938    0.49316    0.98438    0.03320    2.00000
