   0.87695    0.26855    0.93457    0.12695    2.00000
   0.83301    0.45117    0.90820    0.15625    2.00000
   0.13672    0.15527    0.85938    0.12695    2.00000
   0.12793    0.42090    0.88086    0.22461    2.00000
   0.03809    0.60352    0.93164    0.06641    2.00000
   0.96680    0.73535    0.97559    0.04102    0.00000
   0.78516    0.56543    0.95312    0.03711    0.00000
   0.82422    0.66895    0.91406    0.08789    2.00000
   0.55762    0.03906    0.91992    0.02930    2.00000
   0.31641    0.68555    0.67578    0.42676    4.00000
   0.23633    0.05469    0.93359    0.04688    2.00000
   0.17871    0.90039    0.71680    0.17188    1.00000
   0.82227    0.73828    0.98047    0.03516    2.00000
   0.93164    0.67090    0.98047    0.01758    0.00000
