   0.48242    0.45703    0.92969    0.20703    2.00000
   0.42090    0.63477    0.93945    0.09375    2.00000
   0.82910    0.09570    0.88086    0.05371    2.00000
   0.80566    0.72754    0.90039    0.20117    2.00000
   0.91797    0.75879    0.95898    0.13477    2.00000
   0.84766    0.31055    0.88281    0.23828    0.00000
   0.32910    0.51758    0.64258    0.51660    4.00000
   0.85059    0.31152    0.88867    0.23633    2.00000
   0.95312    0.51074    0.97266    0.09570    2.00000
   0.95508    0.50586    0.97754    0.08594    0.00000
   0.80273    0.73828    0.95703    0.10156    0.00000
   0.97266    0.76855    0.98438    0.07227    0.00000
