   0.45605    0.43457    0.93945    0.07227    2.00000
   0.29004    0.22852    0.90039    0.09766    2.00000
   0.40430    0.51660    0.92578    0.06836    2.00000
   0.42480    0.78613    0.94727    0.08398    2.00000
   0.56152    0.71777    0.95508    0.08008    2.00000
   0.66797    0.83789    0.90234    0.16797    2.00000
   0.74219    0.33984    0.81250    0.33008    2.00000
   0.72266    0.23828    0.76172    0.13672    2.00000
   0.50684    0.30371    0.86133    0.15820    2.00000
   0.08789    0.45020    0.87891    0.16992    2.00000
   0.24414    0.48926    0.93750    0.04883    2.00000
   0.18652    0.44434    0.96289    0.04102    2.00000
   0.18652    0.57031    0.90430    0.08594    2.00000
   0.27637    0.61133    0.91211    0.19141    2.00000
   0.12402    0.78320    0.92773    0.12891    2.00000
   0.09668    0.62598    0.92383    0.05664    2.00000
   0.58105    0.50195    0.97070    0.06250    2.00000
   0.65430    0.67285    0.95312    0.06836    2.00000
   0.59473    0.01172    0.95898    0.00781    2.00000
   0.85645    0.57227    0.97070    0.03516    2.00000
   0.72852    0.59375    0.98047    0.02734    2.00000
   0.68750    0.58887    0.98438    0.02539    2.00000
   0.73340    0.70410    0.98242    0.02930    2.00000
   0.63672    0.74707    0.97266    0.03711    2.00000
   0.49023    0.09961    0.95703    0.08887    2.00000
   0.87305    0.04492    0.95312    0.04395    2.00000
   0.71484    0.48828    0.91797    0.06250    2.00000
   0.97852    0.46094    0.98340    0.03125    2.00000
   0.36426    0.90820    0.95898    0.03906    2.00000
