   0.39844    0.91992    0.88672    0.10156    0.00000
   0.26270    0.42090    0.84570    0.16602    0.00000
   0.91406    0.72559    0.94531    0.05664    0.00000
   0.64258    0.78516    0.92188    0.05859    0.00000
   0.49512    0.94824    0.92773    0.03320    0.00000
   0.63281    0.44531    0.89062    0.07812    2.00000
   0.16797    0.29395    0.92188    0.05273    2.00000
   0.27734    0.09961    0.83984    0.08496    2.00000
   0.59473    0.54004    0.85742    0.05273    2.00000
   0.88770    0.85449    0.95508    0.04102    2.00000
   0.47461    0.87207    0.51562    0.23242    6.00000
   0.21777    0.79492    0.58789    0.35547    4.00000
   0.41211    0.63184    0.89062    0.07617    0.00000
   0.83496    0.57520    0.96680    0.03320    0.00000
