   0.55273    0.39746    0.58984    0.36133    4.00000
   0.18555    0.21289    0.67969    0.19043    5.00000
   0.46289    0.82520    0.86719    0.32617    5.00000
   0.77441    0.68359    0.89648    0.10156    5.00000
   0.16602    0.44629    0.90234    0.08398    5.00000
   0.06543    0.57031    0.89648    0.13281    5.00000
   0.46973    0.90918    0.91992    0.15430    2.00000
   0.20703    0.43750    0.98047    0.04297    2.00000
   0.14062    0.46484    0.97656    0.03516    2.00000
   0.09766    0.17188    0.97266    0.04297    2.00000
   0.75098    0.68652    0.96680    0.07227    2.00000
   0.97852    0.43164    0.98535    0.02734    2.00000
   0.07617    0.57324    0.96484    0.04102    2.00000
   0.15430    0.09082    0.98047    0.01367    0.00000
