   0.26855    0.49805    0.84570    0.22266    0.00000
   0.17676    0.78223    0.90430    0.16992    0.00000
   0.58496    0.15039    0.90039    0.13184    0.00000
   0.50000    0.06055    0.87891    0.03809    0.00000
   0.46484    0.11621    0.86719    0.07227    0.00000
   0.34668    0.05078    0.92773    0.03516    0.00000
   0.94531    0.72168    0.94922    0.04492    0.00000
   0.85254    0.92090    0.86523    0.13477    2.00000
   0.49219    0.86523    0.81641    0.20312    2.00000
   0.64648    0.27930    0.81934    0.14746    4.00000
   0.09863    0.50781    0.84961    0.31641    5.00000
   0.87402    0.95801    0.91992    0.06445    0.00000
   0.90039    0.60156    0.96875    0.02734    0.00000
   0.89941    0.60059    0.97070    0.02148    2.00000
   0.94727    0.72168    0.95703    0.03711    2.00000
   0.69922    0.63867    0.96875    0.03125    2.00000
   0.66895    0.59082    0.97461    0.02539    2.00000
   0.85059    0.50195    0.95508    0.01562    0.00000
   0.88965    0.35449    0.97070    0.02930    0.00000
   0.84863    0.29785    0.97461    0.00977    0.00000
   0.71582    0.23145    0.97070    0.01758    0.00000
   0.49414    0.34375    0.96094    0.09375    0.00000
   0.22754    0.27930    0.92383    0.05469    2.00000
   0.22754    0.28223    0.92383    0.05273    0.00000
   0.11328    0.20508    0.97266    0.04297    0.00000
   0.11230    0.20605    0.97461    0.04102    2.00000
   0.27246    0.49805    0.84961    0.22656    2.00000
   0.40234    0.72754    0.96094    0.03320    2.00000
   0.17773    0.78027    0.91016    0.16602    2.00000
   0.49316    0.34863    0.95898    0.09570    2.00000
   0.72168    0.35449    0.96289    0.01758    0.00000
   0.54395    0.40137    0.94336    0.07227    0.00000
   0.57812    0.45605    0.95312    0.08008    0.00000
   0.41504    0.43750    0.96289    0.03906    0.00000
   0.45703    0.47656    0.97266    0.03516    0.00000
   0.49023    0.46191    0.96094    0.04102    0.00000
   0.44727    0.54590    0.96875    0.03320    0.00000
   0.39551    0.55664    0.97852    0.01953    0.00000
   0.49414    0.60840    0.96484    0.04102    0.00000
   0.49512    0.60938    0.97070    0.02344    2.00000
   0.54980    0.69141    0.97852    0.04688    2.00000
   0.90918    0.08789    0.96289    0.02734    2.00000
   0.19531    0.01367    0.97266    0.00684    2.00000
   0.58203    0.16309    0.91797    0.08789    2.00000
