   0.49414    0.35254    0.92578    0.07617    2.00000
   0.83301    0.12598    0.88477    0.11133    2.00000
   0.81152    0.60254    0.95508    0.06055    2.00000
   0.61914    0.41504    0.87891    0.18164    2.00000
   0.87305    0.53027    0.92871    0.20117    2.00000
   0.79199    0.38086    0.84961    0.19141    2.00000
   0.64648    0.23047    0.85938    0.12500    2.00000
   0.51074    0.16797    0.87695    0.14062    2.00000
   0.25879    0.10742    0.61523    0.09473    2.00000
   0.20215    0.47266    0.96289    0.05469    2.00000
   0.45410    0.68457    0.95898    0.07227    2.00000
   0.26660    0.97363    0.89258    0.04492    0.00000
   0.93359    0.82812    0.95898    0.08984    1.00000
   0.47168    0.58203    0.58008    0.53906    4.00000
   0.87891    0.77441    0.92969    0.25586    2.00000
   0.23730    0.64844    0.76367    0.51172    7.00000
   0.15137    0.92773    0.93164    0.10547    7.00000
   0.42969    0.76758    0.63867    0.44922    7.00000
   0.56738    0.81738    0.97070    0.04883    2.00000
