   0.53002    0.71270    0.75612    0.54310    6.00000
   0.84804    0.53568    0.92328    0.37349    1.00000
   0.26612    0.32530    0.97331    0.04449    0.00000
   0.38918    0.08017    0.98073    0.03429    0.00000
   0.39770    0.03707    0.97554    0.02873    0.00000
   0.63529    0.20158    0.97331    0.03429    0.00000
   0.66197    0.03429    0.96145    0.01993    0.00000
   0.67013    0.10148    0.97776    0.02502    0.00000
   0.85508    0.19045    0.93403    0.14921    5.00000
   0.88436    0.28452    0.94663    0.16311    5.00000
   0.90660    0.35728    0.94366    0.14736    5.00000
   0.89214    0.43513    0.95923    0.11770    5.00000
   0.87695    0.40593    0.94514    0.09453    5.00000
   0.83432    0.42169    0.93699    0.10380    5.00000
   0.78947    0.45459    0.93180    0.07878    5.00000
   0.74277    0.52178    0.89622    0.10565    5.00000
   0.84359    0.50556    0.89770    0.12512    5.00000
   0.93699    0.49629    0.93736    0.11956    5.00000
   0.89103    0.52085    0.93736    0.29935    5.00000
   0.55782    0.79657    0.96961    0.04912    5.00000
   0.53447    0.82345    0.96442    0.03800    5.00000
   0.55819    0.79194    0.98073    0.03429    0.00000
   0.53595    0.81881    0.98369    0.02502    0.00000
   0.32654    0.81928    0.97257    0.02224    0.00000
   0.48814    0.23077    0.97554    0.02780    5.00000
   0.13751    0.95644    0.73981    0.51066    4.00000
   0.70460    0.87396    0.91475    0.20019    5.00000
   0.14196    0.39944    0.99185    0.01297    0.00000
   0.05078    0.34291    0.99036    0.01483    0.00000
   0.18236    0.21455    0.99259    0.01390    0.00000
   0.28354    0.23170    0.99185    0.00927    0.00000
   0.30133    0.12604    0.97554    0.02966    0.00000
   0.10897    0.05375    0.99259    0.01112    0.00000
   0.13269    0.03383    0.99110    0.01019    0.00000
   0.17902    0.02317    0.98147    0.01344    0.00000
   0.61749    0.08712    0.97628    0.04078    0.00000
   0.59970    0.12882    0.98221    0.01668    0.00000
   0.83914    0.16775    0.98666    0.02224    0.00000
   0.63010    0.48332    0.98073    0.02317    0.00000
   0.56412    0.58017    0.95849    0.05746    0.00000
   0.64307    0.85820    0.99333    0.01483    0.00000
   0.61453    0.76923    0.80578    0.45412    1.00000
   0.66086    0.04356    0.94292    0.02456    5.00000
   0.34396    0.81418    0.91253    0.08619    5.00000
