   0.42140    0.88621    0.47492    0.45624    3.00000
   0.09365    0.11160    0.87960    0.09300    2.00000
   0.87876    0.11160    0.88462    0.09300    2.00000
   0.87876    0.28665    0.96154    0.06127    2.00000
   0.73746    0.25711    0.96990    0.06783    2.00000
   0.50418    0.24836    0.97826    0.05033    2.00000
   0.54766    0.27790    0.96488    0.04814    2.00000
   0.82609    0.53501    0.96990    0.05470    2.00000
   0.80602    0.57987    0.97324    0.04814    2.00000
   0.83946    0.83698    0.95987    0.06783    2.00000
   0.71906    0.91138    0.96321    0.06346    2.00000
   0.56940    0.93982    0.96154    0.05470    2.00000
   0.48662    0.57221    0.97324    0.04595    2.00000
   0.52926    0.54705    0.96823    0.05252    2.00000
   0.11120    0.72319    0.95819    0.05908    2.00000
   0.23913    0.93107    0.77258    0.12473    2.00000
   0.67809    0.96827    0.83779    0.05033    2.00000
