   0.70312    0.54785    0.84375    0.24805    2.00000
   0.45605    0.66113    0.82227    0.22461    2.00000
   0.51172    0.85156    0.70703    0.11719    2.00000
   0.23145    0.94043    0.85742    0.09180    2.00000
   0.13867    0.35645    0.94141    0.15430    2.00000
   0.08301    0.15430    0.86133    0.05859    2.00000
   0.32129    0.33398    0.92773    0.05469    2.00000
   0.60938    0.30078    0.87109    0.07422    2.00000
   0.76855    0.08203    0.92773    0.05469    2.00000
   0.89453    0.87793    0.93945    0.16602    2.00000
   0.27148    0.40820    0.55078    0.22949    4.00000
   0.34570    0.69922    0.48047    0.39453    4.00000
   0.83887    0.23438    0.93164    0.04297    2.00000
