   0.46191    0.72070    0.93555    0.06250    0.00000
   0.25684    0.08984    0.90820    0.06250    0.00000
   0.61914    0.43945    0.95703    0.04297    0.00000
   0.65137    0.12793    0.92383    0.07617    0.00000
   0.73438    0.91211    0.84180    0.16797    2.00000
   0.90430    0.28906    0.94141    0.06641    2.00000
   0.03809    0.14844    0.95508    0.05078    2.00000
   0.02344    0.31152    0.95703    0.20117    2.00000
   0.12109    0.11328    0.96094    0.06250    2.00000
   0.68750    0.62891    0.83203    0.41797    4.00000
   0.64551    0.35254    0.74805    0.24414    7.00000
   0.74902    0.53516    0.95117    0.04297    0.00000
   0.72266    0.49219    0.98438    0.01953    0.00000
   0.74902    0.53613    0.93164    0.05273    2.00000
   0.27441    0.09375    0.94727    0.06836    2.00000
