   0.26660    0.48047    0.80273    0.15234    2.00000
   0.23242    0.48047    0.57031    0.35156    2.00000
   0.62988    0.24316    0.71289    0.17773    2.00000
   0.48242    0.33203    0.73730    0.18945    2.00000
   0.53223    0.87500    0.94727    0.07031    2.00000
   0.39355    0.88086    0.87695    0.13672    2.00000
   0.52930    0.95996    0.94141    0.06055    2.00000
   0.64160    0.94629    0.87695    0.08398    2.00000
   0.79297    0.71875    0.94141    0.05078    2.00000
   0.78418    0.77832    0.92773    0.05664    2.00000
   0.72949    0.84668    0.94336    0.06836    2.00000
   0.63965    0.84863    0.93164    0.06055    2.00000
   0.78906    0.88281    0.91797    0.08594    2.00000
   0.88379    0.73926    0.95117    0.03711    2.00000
   0.83984    0.79883    0.95703    0.04688    2.00000
   0.87109    0.57031    0.94531    0.07422    2.00000
   0.14551    0.92969    0.95898    0.05078    2.00000
   0.19336    0.81641    0.95703    0.05859    2.00000
   0.26953    0.89160    0.89453    0.10742    2.00000
   0.59082    0.63184    0.95117    0.05664    2.00000
   0.39551    0.51270    0.96680    0.04883    2.00000
   0.86719    0.94727    0.91016    0.08984    5.00000
   0.88672    0.83789    0.90625    0.07812    5.00000
   0.90039    0.66113    0.94434    0.21680    5.00000
   0.88672    0.40527    0.93945    0.09961    5.00000
