   0.37546    0.18304    0.93403    0.07322    5.00000
   0.45738    0.73911    0.95404    0.04912    0.00000
   0.41698    0.70204    0.96071    0.04171    0.00000
   0.35878    0.74930    0.91105    0.07322    0.00000
   0.36916    0.64597    0.96294    0.04078    0.00000
   0.57784    0.64087    0.97850    0.03429    0.00000
   0.74944    0.49398    0.97628    0.04078    0.00000
   0.72313    0.15570    0.97109    0.04078    5.00000
   0.20497    0.95922    0.96664    0.04819    0.00000
   0.46368    0.23262    0.74574    0.21131    5.00000
   0.28354    0.54217    0.89696    0.50417    5.00000
   0.80801    0.21687    0.86768    0.10936    5.00000
   0.70163    0.09407    0.85693    0.06395    5.00000
   0.67161    0.18582    0.84878    0.12141    5.00000
   0.43143    0.93837    0.88881    0.08619    5.00000
   0.36509    0.97729    0.94589    0.03614    5.00000
   0.19051    0.95690    0.82209    0.08063    5.00000
   0.12194    0.33272    0.90437    0.16728    5.00000
   0.20163    0.06302    0.95997    0.04171    5.00000
   0.08821    0.13438    0.98814    0.03151    0.00000
   0.13010    0.11214    0.98592    0.02595    0.00000
   0.13899    0.16636    0.98888    0.02317    0.00000
   0.12602    0.15570    0.98517    0.03151    0.00000
   0.11305    0.13438    0.98443    0.02780    0.00000
   0.10563    0.07600    0.98888    0.01854    0.00000
   0.11601    0.05329    0.98888    0.01761    0.00000
   0.14085    0.05051    0.98666    0.02688    0.00000
   0.12676    0.24235    0.99110    0.01390    0.00000
   0.15641    0.11029    0.98814    0.02224    0.00000
   0.19644    0.04588    0.99110    0.01761    0.00000
   0.37954    0.16636    0.98517    0.01761    0.00000
   0.37991    0.19601    0.98443    0.02317    0.00000
   0.13751    0.95876    0.98888    0.01576    0.00000
   0.44033    0.94949    0.98369    0.02873    0.00000
