   0.95626    0.94717    0.97813    0.08156    2.00000
   0.60007    0.17841    0.95923    0.06580    5.00000
   0.23351    0.67655    0.98221    0.01668    0.00000
   0.25649    0.67470    0.98073    0.02039    0.00000
   0.24092    0.64968    0.98073    0.02224    0.00000
   0.28577    0.65246    0.98147    0.02410    0.00000
   0.26464    0.61353    0.95849    0.04634    0.00000
   0.34322    0.53661    0.98073    0.01854    0.00000
   0.32246    0.53383    0.98369    0.02039    0.00000
   0.32506    0.55422    0.97850    0.02039    0.00000
   0.38288    0.53429    0.95923    0.03429    0.00000
   0.36286    0.61538    0.98443    0.02966    0.00000
   0.54485    0.53985    0.98369    0.01946    0.00000
   0.36842    0.34801    0.97924    0.03800    0.00000
   0.36916    0.39805    0.97776    0.03429    0.00000
   0.40400    0.25718    0.98517    0.02132    0.00000
   0.36286    0.90408    0.98443    0.01946    0.00000
   0.47887    0.08619    0.98369    0.02224    0.00000
   0.83173    0.65060    0.91364    0.36979    1.00000
   0.38992    0.82067    0.82950    0.29564    7.00000
   0.61119    0.17980    0.98888    0.02410    0.00000
   0.59044    0.18675    0.98888    0.01761    0.00000
   0.42476    0.67887    0.96294    0.05468    7.00000
   0.17791    0.84615    0.86064    0.19277    7.00000
   0.42179    0.44208    0.82950    0.26923    7.00000
   0.88992    0.34152    0.97999    0.02132    0.00000
   0.35656    0.49537    0.98073    0.03800    0.00000
   0.36434    0.45876    0.99185    0.01483    0.00000
   0.45849    0.31372    0.98740    0.02132    0.00000
   0.35730    0.21223    0.98962    0.01297    0.00000
