   0.36426    0.58789    0.36523    0.41699    4.00000
   0.37500    0.72754    0.91406    0.29102    2.00000
   0.92676    0.68555    0.93555    0.03906    2.00000
   0.95605    0.73828    0.96680    0.08203    2.00000
   0.87891    0.42285    0.91797    0.04102    2.00000
   0.92090    0.24023    0.96680    0.05469    2.00000
   0.81445    0.97559    0.95312    0.04102    2.00000
   0.63379    0.89062    0.96680    0.04688    2.00000
   0.02246    0.79102    0.96289    0.08594    0.00000
   0.96094    0.74219    0.97266    0.07031    0.00000
   0.92090    0.68945    0.96680    0.04297    0.00000
   0.36133    0.90625    0.70312    0.17578    1.00000
