   0.04590    0.24316    0.91602    0.12305    2.00000
   0.94531    0.66504    0.95898    0.07617    2.00000
   0.57031    0.88379    0.77930    0.21680    2.00000
   0.25488    0.09180    0.95508    0.04297    2.00000
   0.15820    0.36328    0.97266    0.05078    2.00000
   0.20020    0.27246    0.93945    0.05273    2.00000
   0.72168    0.47656    0.73633    0.27344    4.00000
   0.08789    0.92578    0.52051    0.49609    3.00000
   0.77930    0.92188    0.86035    0.14062    1.00000
   0.62988    0.09766    0.94727    0.05859    2.00000
