   0.71794    0.13855    0.97405    0.04171    0.00000
   0.68940    0.08712    0.97776    0.03151    0.00000
   0.65715    0.08248    0.97702    0.04634    0.00000
   0.62009    0.22104    0.97999    0.03058    0.00000
   0.53595    0.21223    0.96590    0.02410    0.00000
   0.52520    0.18536    0.97702    0.02410    0.00000
   0.32209    0.36886    0.92809    0.06858    0.00000
   0.21016    0.32994    0.98443    0.02224    0.00000
   0.65901    0.28406    0.98369    0.04356    0.00000
   0.89585    0.20853    0.98295    0.02224    0.00000
   0.84136    0.70575    0.91846    0.58480    1.00000
   0.66049    0.75996    0.66938    0.47266    1.00000
   0.00371    0.27711    0.50111    0.13948    4.00000
   0.31801    0.37488    0.36694    0.18443    4.00000
   0.20682    0.73077    0.59822    0.52363    4.00000
   0.78206    0.43049    0.95997    0.03800    5.00000
   0.67754    0.20158    0.97924    0.05283    5.00000
   0.66049    0.33364    0.96442    0.02595    5.00000
   0.63380    0.76182    0.96887    0.03522    5.00000
