   0.79199    0.16406    0.85742    0.10352    2.00000
   0.92676    0.31250    0.96289    0.11719    2.00000
   0.89062    0.12988    0.96484    0.05664    2.00000
   0.49316    0.96191    0.68164    0.06445    2.00000
   0.87695    0.81934    0.92871    0.23242    1.00000
   0.63770    0.52637    0.76758    0.13477    4.00000
   0.71777    0.31543    0.95117    0.16602    2.00000
   0.58984    0.32422    0.95312    0.06250    2.00000
   0.69238    0.31445    0.97852    0.16406    2.00000
   0.90430    0.25684    0.97266    0.04492    2.00000
   0.78125    0.58789    0.79297    0.58594    3.00000
