   0.05762    0.37207    0.90039    0.11133    5.00000
   0.53027    0.77930    0.93945    0.04688    5.00000
   0.16113    0.44141    0.94336    0.10547    5.00000
   0.25684    0.53223    0.96289    0.04492    5.00000
   0.81445    0.51562    0.92969    0.08984    5.00000
   0.89062    0.43262    0.91797    0.07617    5.00000
   0.75098    0.22168    0.96680    0.04102    5.00000
   0.21777    0.09180    0.81836    0.04590    5.00000
   0.37305    0.23730    0.60547    0.12695    2.00000
   0.53223    0.31738    0.58008    0.25195    4.00000
   0.22656    0.76660    0.89844    0.11133    5.00000
   0.44336    0.06348    0.96484    0.04492    5.00000
