   0.51953    0.17969    0.96094    0.04297    0.00000
   0.60547    0.26660    0.91797    0.05273    0.00000
   0.57422    0.33105    0.96875    0.04492    0.00000
   0.53613    0.34570    0.96680    0.04688    0.00000
   0.46387    0.56836    0.91602    0.07422    0.00000
   0.53711    0.52246    0.93359    0.07617    0.00000
   0.87500    0.11230    0.96484    0.04883    0.00000
   0.53809    0.09863    0.95898    0.06055    2.00000
   0.58887    0.06055    0.91992    0.04004    2.00000
   0.87891    0.11719    0.98438    0.03906    2.00000
   0.68164    0.01758    0.88281    0.00879    2.00000
   0.57520    0.32617    0.98242    0.01562    2.00000
   0.60938    0.26562    0.94531    0.05859    2.00000
   0.54297    0.34570    0.98047    0.03125    2.00000
