   0.60742    0.62207    0.77832    0.50586    4.00000
   0.31934    0.10742    0.93945    0.07031    2.00000
   0.12012    0.08301    0.91602    0.05273    2.00000
   0.07227    0.12598    0.96484    0.05273    2.00000
   0.21094    0.28809    0.95703    0.04102    2.00000
   0.18457    0.36914    0.95898    0.03906    2.00000
   0.60352    0.05176    0.96484    0.04102    2.00000
   0.81543    0.20312    0.92773    0.05859    2.00000
   0.09375    0.87402    0.82422    0.23633    1.00000
   0.60645    0.43262    0.96680    0.03711    5.00000
