   0.85508    0.54727    0.97702    0.02688    0.00000
   0.78984    0.43559    0.97850    0.03151    0.00000
   0.84766    0.36701    0.94589    0.06487    0.00000
   0.83321    0.24930    0.96442    0.11492    0.00000
   0.66494    0.74791    0.96294    0.05375    5.00000
   0.63603    0.78823    0.97331    0.03985    5.00000
   0.72869    0.95737    0.95107    0.06117    0.00000
   0.88584    0.63531    0.94959    0.09361    0.00000
   0.95738    0.59407    0.97554    0.05005    0.00000
   0.96812    0.63809    0.98258    0.04727    5.00000
   0.71016    0.85079    0.90511    0.12234    4.00000
   0.95663    0.67702    0.97999    0.02317    5.00000
   0.93662    0.65199    0.98295    0.02132    5.00000
   0.79726    0.78916    0.98592    0.01576    0.00000
   0.72239    0.75162    0.98147    0.02224    0.00000
   0.79911    0.82576    0.98369    0.01668    0.00000
   0.80096    0.87164    0.97702    0.03985    0.00000
   0.82765    0.79842    0.98592    0.01576    0.00000
   0.77910    0.74143    0.98517    0.02039    0.00000
   0.75797    0.77062    0.98592    0.02132    0.00000
   0.77279    0.79147    0.97850    0.02410    0.00000
   0.80245    0.87396    0.95775    0.05190    5.00000
   0.72350    0.96339    0.94811    0.06024    5.00000
   0.68866    0.70945    0.98814    0.01946    0.00000
   0.69014    0.77108    0.98369    0.02595    0.00000
   0.73536    0.64180    0.98814    0.01390    0.00000
   0.85360    0.74513    0.99036    0.01668    0.00000
   0.88547    0.63438    0.95182    0.08804    5.00000
   0.84173    0.62836    0.96812    0.04449    5.00000
   0.81875    0.75579    0.97109    0.02317    5.00000
   0.83729    0.88647    0.98147    0.02688    5.00000
   0.82209    0.83828    0.97331    0.04171    5.00000
   0.63603    0.78174    0.98369    0.01576    0.00000
   0.65901    0.74467    0.98517    0.01576    0.00000
   0.93921    0.43976    0.96219    0.04912    0.00000
   0.93180    0.49490    0.96590    0.06858    0.00000
   0.89844    0.49768    0.95701    0.06117    0.00000
   0.96961    0.48471    0.97517    0.03522    0.00000
