   0.27051    0.54688    0.57227    0.30859    2.00000
   0.28125    0.85352    0.48047    0.27734    2.00000
   0.60742    0.90137    0.76660    0.18164    2.00000
   0.75195    0.59082    0.87402    0.24023    2.00000
   0.58887    0.05664    0.93164    0.03223    2.00000
   0.29590    0.16504    0.87305    0.08008    2.00000
   0.49414    0.31250    0.77344    0.23438    2.00000
   0.64453    0.36621    0.95703    0.06836    2.00000
   0.08984    0.87891    0.49609    0.52539    3.00000
   0.36719    0.19531    0.91797    0.10547    2.00000
