   0.57413    0.38601    0.93106    0.09917    0.00000
   0.59044    0.12512    0.87917    0.05561    0.00000
   0.66901    0.13531    0.97257    0.03522    0.00000
   0.70460    0.13763    0.96368    0.03985    0.00000
   0.72943    0.14968    0.97480    0.02873    0.00000
   0.75463    0.16450    0.95997    0.03429    0.00000
   0.78428    0.18582    0.96145    0.04356    0.00000
   0.80986    0.20806    0.98147    0.03244    0.00000
   0.84655    0.22196    0.94514    0.04912    0.00000
   0.91549    0.18860    0.94070    0.05468    0.00000
   0.81950    0.18489    0.96812    0.03058    0.00000
   0.40363    0.07600    0.95033    0.04634    0.00000
   0.39881    0.25996    0.96294    0.02873    0.00000
   0.43217    0.20065    0.96145    0.03800    0.00000
   0.59303    0.23216    0.97776    0.02873    0.00000
   0.61935    0.24791    0.96664    0.03244    0.00000
   0.63677    0.21501    0.96590    0.02966    0.00000
   0.78725    0.52410    0.92884    0.06024    0.00000
   0.78317    0.61909    0.95330    0.05005    0.00000
   0.72943    0.68536    0.94218    0.06209    0.00000
   0.68273    0.73679    0.95552    0.04819    0.00000
   0.61601    0.73911    0.95701    0.06024    0.00000
   0.50297    0.68675    0.95775    0.05561    0.00000
   0.42068    0.61029    0.97702    0.02873    0.00000
   0.90882    0.89296    0.94366    0.08619    0.00000
   0.85026    0.93883    0.95849    0.07414    0.00000
   0.30096    0.62141    0.95997    0.03800    0.00000
   0.27205    0.61677    0.98221    0.03429    0.00000
   0.25019    0.62419    0.97702    0.03614    0.00000
   0.19607    0.65802    0.97109    0.04819    0.00000
   0.01594    0.60519    0.97109    0.04263    0.00000
   0.28688    0.95829    0.95997    0.07229    0.00000
   0.39844    0.94254    0.96516    0.04819    0.00000
   0.37880    0.84476    0.98369    0.03058    0.00000
   0.37176    0.89527    0.98295    0.02224    0.00000
   0.33284    0.78221    0.92439    0.22799    0.00000
   0.52224    0.87581    0.97109    0.05190    0.00000
   0.80356    0.14504    0.96442    0.03614    0.00000
   0.81282    0.03290    0.97405    0.03244    0.00000
   0.86546    0.06395    0.97257    0.04634    0.00000
   0.57821    0.58665    0.97776    0.02595    0.00000
   0.58265    0.63948    0.98221    0.02595    0.00000
   0.34285    0.95273    0.99778    0.02410    0.00000
   0.30986    0.53058    0.97183    0.03429    0.00000
   0.08154    0.59407    0.97035    0.03151    5.00000
   0.58414    0.66867    0.98221    0.01946    5.00000
   0.62898    0.66867    0.98147    0.01946    5.00000
   0.93699    0.74977    0.98073    0.02595    5.00000
   0.47850    0.54819    0.93996    0.03058    0.00000
   0.48147    0.58804    0.97109    0.03985    0.00000
   0.44959    0.61353    0.97702    0.02595    0.00000
   0.52780    0.48517    0.97331    0.03800    0.00000
   0.55634    0.50834    0.97405    0.02132    0.00000
   0.53076    0.53058    0.97776    0.02132    0.00000
   0.54188    0.54773    0.97628    0.02780    0.00000
   0.51408    0.50927    0.97554    0.02502    0.00000
   0.63677    0.58758    0.82209    0.16126    4.00000
