   0.68359    0.64355    0.81641    0.15430    2.00000
   0.49023    0.88477    0.76562    0.19531    2.00000
   0.16113    0.56934    0.75195    0.15820    2.00000
   0.42969    0.56152    0.80078    0.15430    2.00000
   0.75586    0.90430    0.86719    0.16797    2.00000
   0.03027    0.75488    0.94727    0.16992    0.00000
   0.11719    0.88281    0.76953    0.20703    1.00000
   0.02148    0.61523    0.96484    0.08203    2.00000
   0.09570    0.68555    0.52637    0.55176    3.00000
   0.45605    0.90723    0.94336    0.04883    0.00000
