   0.29102    0.66992    0.48340    0.50098    3.00000
   0.05469    0.39160    0.92188    0.13086    5.00000
   0.26758    0.64355    0.91406    0.08008    5.00000
   0.21680    0.80762    0.89062    0.22070    5.00000
   0.13379    0.87793    0.77930    0.20898    1.00000
   0.58398    0.40234    0.59277    0.39062    4.00000
   0.22363    0.23340    0.93555    0.07227    5.00000
   0.13281    0.34277    0.95703    0.07227    5.00000
   0.37988    0.28711    0.84570    0.10547    5.00000
   0.29004    0.25195    0.93164    0.06641    5.00000
   0.22070    0.33789    0.94922    0.10547    5.00000
   0.27344    0.34570    0.93359    0.05078    5.00000
   0.35742    0.56836    0.96875    0.06250    5.00000
   0.57324    0.91309    0.95508    0.05664    5.00000
