   0.68555    0.34375    0.85938    0.12500    0.00000
   0.54102    0.21875    0.83594    0.19141    2.00000
   0.77832    0.38574    0.91211    0.06836    2.00000
   0.91113    0.90234    0.92383    0.07422    0.00000
   0.82227    0.27832    0.87988    0.26367    1.00000
   0.07617    0.28320    0.87109    0.20605    0.00000
   0.41699    0.95312    0.90430    0.08203    5.00000
   0.26758    0.77148    0.54688    0.39941    4.00000
   0.66992    0.34473    0.94141    0.04102    2.00000
   0.70508    0.35938    0.94141    0.05859    2.00000
   0.64844    0.29883    0.95312    0.06250    2.00000
   0.73340    0.65625    0.96289    0.03125    5.00000
   0.61719    0.65137    0.96484    0.03320    5.00000
   0.35547    0.67090    0.96094    0.04492    5.00000
   0.57715    0.16406    0.95508    0.07031    0.00000
   0.79395    0.39160    0.96680    0.04883    0.00000
   0.75684    0.38281    0.97070    0.06250    0.00000
