   0.65430    0.72070    0.73438    0.13672    4.00000
   0.94531    0.68066    0.98047    0.02930    0.00000
   0.98242    0.62402    0.98730    0.02148    0.00000
   0.64062    0.54492    0.97656    0.04688    0.00000
   0.71387    0.56934    0.99023    0.03320    0.00000
   0.87500    0.50879    0.97656    0.04102    0.00000
   0.83984    0.47070    0.95312    0.03906    0.00000
   0.84082    0.47070    0.95898    0.03125    2.00000
   0.87500    0.50879    0.98438    0.04102    2.00000
   0.26660    0.73633    0.97070    0.02734    5.00000
   0.09473    0.56934    0.97070    0.03711    5.00000
