   0.74907    0.45505    0.85693    0.15014    5.00000
   0.70460    0.39203    0.96219    0.05005    5.00000
   0.92254    0.41844    0.96812    0.04541    5.00000
   0.79318    0.55607    0.87361    0.08712    5.00000
   0.94737    0.64875    0.97072    0.07785    5.00000
   0.67013    0.63485    0.95107    0.06302    5.00000
   0.51557    0.64597    0.81394    0.08526    5.00000
   0.37620    0.66450    0.91623    0.12234    5.00000
   0.26056    0.82484    0.92216    0.16867    5.00000
   0.36323    0.42817    0.96442    0.03892    5.00000
   0.31838    0.43883    0.96812    0.06395    5.00000
   0.40400    0.52085    0.88139    0.10380    5.00000
   0.25797    0.38740    0.95701    0.03707    5.00000
   0.35137    0.28360    0.97183    0.03707    5.00000
   0.29355    0.28267    0.95404    0.04263    5.00000
   0.25167    0.24467    0.75315    0.12790    5.00000
   0.58673    0.03800    0.94885    0.01900    0.00000
   0.53669    0.03058    0.97924    0.02456    0.00000
   0.49407    0.04680    0.94589    0.04541    0.00000
   0.48480    0.06997    0.97924    0.03058    0.00000
   0.50815    0.09500    0.97999    0.02873    0.00000
   0.50074    0.15107    0.97702    0.02780    0.00000
   0.53595    0.11677    0.97480    0.02780    0.00000
   0.54262    0.18397    0.95997    0.03614    0.00000
   0.57895    0.11029    0.97331    0.06673    0.00000
   0.63529    0.18072    0.96590    0.02966    0.00000
   0.59414    0.19370    0.95626    0.04819    0.00000
   0.56486    0.23216    0.96887    0.04541    0.00000
   0.85137    0.13438    0.96219    0.05375    0.00000
   0.92328    0.13438    0.97405    0.02410    0.00000
   0.96590    0.29703    0.98147    0.08063    0.00000
   0.77687    0.42586    0.94959    0.06024    0.00000
   0.72053    0.46339    0.97776    0.02780    0.00000
   0.70348    0.38462    0.96442    0.04263    0.00000
   0.75315    0.49259    0.97035    0.03244    0.00000
   0.70274    0.50973    0.96887    0.02595    0.00000
   0.92216    0.41520    0.97924    0.02966    0.00000
   0.48443    0.62558    0.97405    0.02966    0.00000
   0.68347    0.62187    0.98814    0.01854    0.00000
   0.65604    0.65060    0.98666    0.01854    0.00000
   0.31838    0.09592    0.96516    0.02317    0.00000
   0.29503    0.12141    0.98221    0.02224    0.00000
   0.27317    0.13994    0.97257    0.04449    0.00000
   0.23462    0.15755    0.97405    0.02780    0.00000
   0.23388    0.05978    0.93847    0.05097    0.00000
   0.35248    0.96247    0.97405    0.03614    0.00000
   0.32654    0.98795    0.98147    0.01668    0.00000
   0.35137    0.96200    0.97480    0.03892    5.00000
   0.32580    0.98285    0.97405    0.02502    5.00000
   0.66864    0.67099    0.82987    0.18906    5.00000
   0.51334    0.70343    0.70719    0.18906    5.00000
   0.30022    0.83874    0.73462    0.31140    5.00000
   0.49481    0.89944    0.62268    0.18999    4.00000
   0.71979    0.90130    0.82283    0.17516    4.00000
