   0.67930    0.26954    0.88921    0.06469    0.00000
   0.74781    0.23046    0.96793    0.02965    0.00000
   0.76676    0.35310    0.91837    0.09704    0.00000
   0.91545    0.13881    0.95481    0.07817    0.00000
   0.88192    0.02965    0.96793    0.02561    0.00000
   0.15743    0.25472    0.94169    0.03504    0.00000
   0.03499    0.18329    0.93586    0.05930    0.00000
   0.43294    0.39623    0.95044    0.03235    0.00000
   0.17201    0.53774    0.91837    0.04043    0.00000
   0.03644    0.52695    0.96210    0.02965    0.00000
   0.53061    0.49865    0.95918    0.03235    0.00000
   0.91254    0.88140    0.95044    0.08625    0.00000
   0.46210    0.70889    0.97376    0.02156    0.00000
   0.37172    0.89218    0.95627    0.04852    0.00000
   0.29009    0.92318    0.97376    0.02965    0.00000
   0.20117    0.78437    0.66181    0.23181    4.00000
   0.54227    0.29650    0.65160    0.16173    7.00000
   0.74927    0.76011    0.81924    0.46900    7.00000
