   0.93555    0.65820    0.96191    0.11328    2.00000
   0.16016    0.50879    0.97266    0.06445    0.00000
   0.42871    0.65039    0.56055    0.48145    3.00000
   0.73145    0.50977    0.83398    0.22656    4.00000
   0.78516    0.81250    0.85547    0.34766    3.00000
   0.20605    0.86719    0.62695    0.22656    3.00000
   0.73633    0.36133    0.85449    0.23730    3.00000
   0.44336    0.79297    0.65137    0.37109    7.00000
   0.35742    0.54492    0.77734    0.44922    7.00000
   0.16895    0.87109    0.90039    0.16406    7.00000
   0.04883    0.66602    0.91016    0.12500    7.00000
   0.93945    0.81055    0.94434    0.08984    2.00000
