   0.77344    0.81348    0.90625    0.11133    5.00000
   0.63574    0.12207    0.96680    0.07227    5.00000
   0.70020    0.11621    0.96289    0.04102    5.00000
   0.25684    0.60742    0.55273    0.39551    4.00000
   0.78516    0.10938    0.95703    0.05078    5.00000
   0.83984    0.16699    0.97266    0.04492    5.00000
   0.80664    0.48535    0.97266    0.04102    5.00000
   0.81934    0.59180    0.98242    0.02734    5.00000
   0.32617    0.66211    0.96484    0.05859    5.00000
   0.79102    0.80566    0.98828    0.02148    0.00000
   0.78516    0.83301    0.97656    0.02930    0.00000
   0.75391    0.84473    0.98438    0.01367    0.00000
