   0.14453    0.23926    0.72656    0.23633    5.00000
   0.09277    0.50195    0.83398    0.14844    5.00000
   0.30078    0.72266    0.92969    0.07031    5.00000
   0.76367    0.75781    0.90234    0.12500    5.00000
   0.37109    0.89746    0.86328    0.19727    5.00000
   0.36719    0.96680    0.79297    0.05469    1.00000
   0.51172    0.39453    0.51953    0.36133    4.00000
   0.61523    0.63770    0.91016    0.05664    5.00000
   0.74609    0.72461    0.94141    0.03906    2.00000
   0.60059    0.63281    0.97852    0.01953    2.00000
