   0.58710    0.70065    0.79281    0.59500    1.00000
   0.29763    0.12419    0.97554    0.02224    0.00000
   0.18940    0.11724    0.91327    0.03614    0.00000
   0.07413    0.31047    0.90215    0.12790    0.00000
   0.09340    0.42076    0.92142    0.06858    0.00000
   0.16345    0.43698    0.96516    0.05653    0.00000
   0.08488    0.53892    0.94589    0.09917    0.00000
   0.03966    0.48703    0.98443    0.03614    0.00000
   0.14863    0.24699    0.97257    0.04541    0.00000
   0.23573    0.01946    0.96738    0.01251    0.00000
   0.14159    0.98795    0.73165    0.49676    4.00000
   0.87250    0.08341    0.89325    0.04171    4.00000
   0.85508    0.96803    0.92958    0.06024    0.00000
   0.97331    0.76413    0.98592    0.08619    0.00000
   0.32431    0.26460    0.97999    0.03614    5.00000
   0.29466    0.25116    0.96664    0.04263    5.00000
   0.14974    0.24977    0.98221    0.03614    5.00000
   0.10934    0.43420    0.97257    0.03429    5.00000
   0.08858    0.41844    0.96961    0.06209    5.00000
   0.08562    0.53707    0.95923    0.08619    5.00000
   0.03929    0.49073    0.98221    0.03800    5.00000
   0.35990    0.53892    0.97405    0.03058    5.00000
   0.34841    0.50973    0.97776    0.02410    5.00000
   0.12824    0.61399    0.96442    0.05283    5.00000
   0.13084    0.63021    0.98592    0.01854    0.00000
