   0.55078    0.43457    0.60547    0.31836    4.00000
   0.14062    0.19629    0.74219    0.19336    5.00000
   0.13574    0.46875    0.82617    0.12891    5.00000
   0.38281    0.75098    0.91797    0.13086    5.00000
   0.47852    0.88965    0.88672    0.18555    5.00000
   0.77051    0.73145    0.92773    0.06836    5.00000
   0.34766    0.85742    0.96484    0.02734    5.00000
   0.39551    0.64258    0.95117    0.03125    5.00000
   0.65039    0.65723    0.95703    0.04492    5.00000
   0.29199    0.24316    0.94727    0.10742    5.00000
   0.22363    0.35059    0.92773    0.11523    5.00000
   0.43457    0.12500    0.94336    0.07812    5.00000
   0.34668    0.32227    0.96680    0.04688    5.00000
   0.78613    0.71680    0.97852    0.01172    0.00000
   0.05566    0.16699    0.98633    0.01367    0.00000
   0.08594    0.09961    0.98047    0.01562    0.00000
