   0.56934    0.88379    0.93945    0.16602    2.00000
   0.70020    0.94727    0.84180    0.09766    2.00000
   0.68066    0.81250    0.83398    0.09766    2.00000
   0.29688    0.69434    0.75391    0.07617    2.00000
   0.35840    0.23438    0.66602    0.15234    2.00000
   0.80176    0.57129    0.93555    0.10352    2.00000
   0.09375    0.31348    0.82422    0.18164    0.00000
   0.30273    0.82129    0.52734    0.33008    4.00000
   0.46582    0.25781    0.92383    0.05078    0.00000
   0.94922    0.47559    0.97266    0.07227    0.00000
