   0.76562    0.83105    0.88086    0.31836    2.00000
   0.46094    0.88281    0.83984    0.11719    2.00000
   0.55762    0.89258    0.93164    0.17578    1.00000
   0.22559    0.11719    0.94727    0.04297    2.00000
   0.15918    0.20020    0.94727    0.04492    2.00000
   0.14453    0.35742    0.87500    0.23047    2.00000
   0.03125    0.37988    0.95312    0.04102    2.00000
   0.32422    0.77930    0.63477    0.49316    4.00000
   0.63867    0.72168    0.73047    0.53711    6.00000
   0.22559    0.24316    0.95508    0.05273    2.00000
   0.32715    0.07227    0.89648    0.03613    2.00000
   0.41797    0.02539    0.97266    0.01270    2.00000
   0.01758    0.18164    0.97266    0.02344    2.00000
   0.22461    0.11816    0.97656    0.02539    0.00000
   0.15918    0.19922    0.97070    0.02344    0.00000
   0.17969    0.26270    0.97656    0.02148    0.00000
   0.17480    0.29297    0.97852    0.01562    0.00000
   0.10254    0.44336    0.97070    0.02344    0.00000
