   0.37305    0.44141    0.94141    0.10547    2.00000
   0.27539    0.50391    0.92969    0.10547    2.00000
   0.41602    0.52148    0.93750    0.10938    2.00000
   0.34570    0.65039    0.90234    0.11328    2.00000
   0.53223    0.63672    0.95508    0.06641    2.00000
   0.55957    0.50879    0.93555    0.09570    2.00000
   0.65137    0.39453    0.87695    0.09375    2.00000
   0.65430    0.59082    0.87891    0.27539    2.00000
   0.72070    0.80664    0.85156    0.11719    2.00000
   0.85547    0.74023    0.87109    0.19922    2.00000
   0.96680    0.67578    0.96973    0.04297    2.00000
   0.97461    0.48340    0.97754    0.04492    2.00000
   0.50488    0.73926    0.94336    0.08398    2.00000
   0.44824    0.80762    0.96289    0.08008    2.00000
   0.66895    0.98047    0.95117    0.03125    2.00000
   0.83887    0.89941    0.95898    0.05664    2.00000
   0.13965    0.59668    0.83398    0.14258    2.00000
   0.19141    0.61133    0.64062    0.31934    4.00000
   0.87305    0.36719    0.93457    0.27539    4.00000
   0.08594    0.86035    0.84766    0.21680    2.00000
   0.59863    0.77832    0.96289    0.04883    2.00000
   0.62109    0.97852    0.97656    0.02344    2.00000
   0.56641    0.98340    0.96484    0.02539    2.00000
   0.87207    0.85645    0.95508    0.05664    2.00000
