   0.32812    0.88184    0.85938    0.20508    5.00000
   0.71094    0.73438    0.83594    0.17578    5.00000
   0.86719    0.88477    0.90234    0.16797    5.00000
   0.15234    0.31641    0.70312    0.16797    5.00000
   0.10742    0.50195    0.85547    0.17969    5.00000
   0.41797    0.42188    0.47070    0.38086    4.00000
   0.56641    0.61328    0.94922    0.05469    5.00000
   0.22266    0.82715    0.95312    0.02930    5.00000
   0.59863    0.73438    0.96680    0.02734    5.00000
   0.92773    0.28516    0.96875    0.02734    5.00000
   0.69238    0.71680    0.96680    0.10547    2.00000
   0.56445    0.61621    0.98828    0.02930    2.00000
   0.10059    0.35254    0.97852    0.02930    2.00000
   0.26953    0.71289    0.94141    0.03906    2.00000
   0.27930    0.11621    0.94922    0.02930    5.00000
   0.29102    0.65332    0.95703    0.02930    5.00000
   0.33691    0.68848    0.94336    0.03320    5.00000
   0.27246    0.71289    0.92773    0.04688    5.00000
   0.25293    0.76172    0.95508    0.03906    5.00000
   0.90918    0.90039    0.96289    0.02344    2.00000
   0.31445    0.95508    0.85547    0.08594    1.00000
   0.76660    0.75781    0.95117    0.08203    2.00000
   0.71582    0.74805    0.97461    0.03125    2.00000
   0.10254    0.50684    0.96289    0.05273    2.00000
   0.35059    0.80566    0.95508    0.04102    2.00000
