   0.82913    0.66682    0.95182    0.05283    5.00000
   0.85656    0.73957    0.94589    0.07044    5.00000
   0.91105    0.79611    0.96145    0.05375    5.00000
   0.91438    0.88647    0.95775    0.06209    5.00000
   0.87361    0.85218    0.96961    0.03429    5.00000
   0.56227    0.73401    0.93551    0.09453    5.00000
   0.52632    0.64458    0.97628    0.03614    5.00000
   0.46738    0.52688    0.97109    0.03058    5.00000
   0.41772    0.52317    0.97702    0.03429    5.00000
   0.39140    0.55514    0.97924    0.02595    5.00000
   0.38769    0.59731    0.96887    0.04171    5.00000
   0.43773    0.88276    0.96664    0.03429    5.00000
   0.69644    0.93188    0.97554    0.03614    5.00000
   0.62824    0.93281    0.97109    0.03800    5.00000
   0.57339    0.97312    0.96812    0.04634    5.00000
   0.89511    0.92817    0.97405    0.02873    5.00000
   0.17939    0.27155    0.94514    0.04634    0.00000
   0.23721    0.32530    0.96145    0.04263    0.00000
   0.32913    0.32345    0.97035    0.03522    0.00000
   0.28984    0.24096    0.96590    0.06302    0.00000
   0.31468    0.25116    0.97405    0.06302    0.00000
   0.24944    0.16265    0.97850    0.03058    0.00000
   0.20756    0.20204    0.96294    0.06487    0.00000
   0.23832    0.21409    0.96368    0.04449    0.00000
   0.24574    0.25996    0.94885    0.05653    0.00000
   0.14529    0.10797    0.92439    0.08990    0.00000
   0.27613    0.17516    0.97109    0.04449    0.00000
   0.32580    0.11353    0.96516    0.03985    0.00000
   0.35397    0.05375    0.95330    0.03892    0.00000
   0.53929    0.12326    0.97257    0.03151    0.00000
   0.45367    0.08619    0.97331    0.02595    0.00000
   0.05856    0.65755    0.95997    0.05839    0.00000
   0.06635    0.72475    0.94737    0.06858    0.00000
   0.12305    0.76784    0.96145    0.06209    0.00000
   0.17939    0.83550    0.97776    0.02502    0.00000
   0.15382    0.42817    0.98443    0.01854    0.00000
   0.40697    0.24189    0.97924    0.02410    0.00000
   0.23647    0.12790    0.98221    0.02595    0.00000
   0.87843    0.84291    0.89177    0.22335    0.00000
   0.85582    0.68489    0.88955    0.08897    0.00000
   0.27020    0.98007    0.96961    0.03244    5.00000
   0.05856    0.79703    0.98221    0.02780    5.00000
   0.02965    0.77016    0.97924    0.02966    5.00000
   0.67791    0.97266    0.94885    0.03614    5.00000
   0.79355    0.83689    0.91030    0.16311    1.00000
   0.63084    0.59129    0.81319    0.30862    3.00000
   0.15789    0.89110    0.97924    0.04171    0.00000
   0.22943    0.79055    0.98147    0.02595    0.00000
   0.13899    0.67655    0.97257    0.04078    0.00000
   0.16605    0.66914    0.97924    0.02224    0.00000
   0.08970    0.81650    0.97776    0.03336    5.00000
   0.30726    0.81511    0.89251    0.34569    7.00000
   0.19236    0.61770    0.93551    0.15477    7.00000
   0.66086    0.98054    0.97109    0.02039    0.00000
   0.69348    0.93281    0.97999    0.02317    0.00000
   0.68903    0.96942    0.97702    0.02966    0.00000
   0.56931    0.73818    0.92439    0.11029    0.00000
   0.52780    0.64504    0.97628    0.02966    0.00000
   0.46738    0.52688    0.97257    0.02873    0.00000
   0.41735    0.52317    0.97924    0.03058    0.00000
   0.38955    0.55422    0.97850    0.02780    0.00000
   0.38658    0.60195    0.96961    0.03058    0.00000
   0.43773    0.88601    0.97554    0.02595    0.00000
   0.12268    0.53892    0.75760    0.40130    7.00000
   0.29096    0.53707    0.89251    0.21038    7.00000
   0.52039    0.33596    0.91105    0.13994    7.00000
   0.72906    0.37396    0.84359    0.18258    7.00000
   0.56894    0.96525    0.98147    0.01946    0.00000
   0.57598    0.98888    0.98221    0.01297    0.00000
   0.27020    0.98378    0.98740    0.01390    0.00000
