   0.80133    0.11492    0.81468    0.06395    5.00000
   0.81653    0.13624    0.97257    0.04819    5.00000
   0.76538    0.16126    0.97109    0.04263    5.00000
   0.56560    0.49490    0.96887    0.04263    5.00000
   0.33469    0.65616    0.96664    0.05005    5.00000
   0.30726    0.66775    0.97257    0.03429    5.00000
   0.29281    0.78823    0.98517    0.03614    5.00000
   0.38844    0.34384    0.94366    0.10936    5.00000
   0.47776    0.42261    0.96071    0.07229    5.00000
   0.15641    0.12697    0.96145    0.02966    0.00000
   0.16271    0.16311    0.88362    0.03892    0.00000
   0.30726    0.36840    0.95626    0.05283    5.00000
   0.31690    0.37627    0.95626    0.04078    0.00000
   0.33099    0.24004    0.93551    0.08712    0.00000
   0.31060    0.09453    0.91105    0.06024    0.00000
   0.23425    0.07229    0.98221    0.02966    0.00000
   0.22758    0.09870    0.98369    0.03058    0.00000
   0.41660    0.04449    0.96442    0.03058    0.00000
   0.29355    0.47637    0.46034    0.24930    4.00000
   0.28354    0.46061    0.51594    0.28962    7.00000
   0.91179    0.41891    0.95515    0.30028    1.00000
   0.88436    0.49398    0.96145    0.05746    1.00000
   0.28651    0.58295    0.92365    0.15570    5.00000
   0.33099    0.50371    0.98443    0.02688    5.00000
   0.21572    0.78684    0.97776    0.02966    5.00000
   0.24759    0.68999    0.97183    0.05468    5.00000
   0.66827    0.16589    0.98147    0.03892    5.00000
   0.45478    0.11307    0.97702    0.02780    5.00000
   0.54114    0.16126    0.98517    0.02039    5.00000
   0.54707    0.19370    0.98073    0.02224    5.00000
   0.47072    0.24838    0.91698    0.05375    5.00000
   0.08265    0.39759    0.93847    0.07970    5.00000
   0.03892    0.42447    0.97109    0.07044    5.00000
   0.01112    0.39805    0.98369    0.03614    5.00000
   0.01557    0.44115    0.98369    0.03151    5.00000
   0.82246    0.43791    0.97702    0.02873    5.00000
   0.59748    0.37581    0.98221    0.03800    5.00000
   0.26835    0.81372    0.97183    0.03522    5.00000
   0.58747    0.11538    0.94737    0.05653    5.00000
   0.54522    0.09592    0.95478    0.07136    5.00000
   0.41549    0.03429    0.97257    0.03105    5.00000
   0.66271    0.10612    0.95256    0.05283    5.00000
   0.70274    0.07924    0.97924    0.03429    5.00000
   0.38918    0.91335    0.97776    0.02688    5.00000
   0.24277    0.37813    0.97702    0.03707    5.00000
   0.19459    0.30028    0.97850    0.01854    0.00000
   0.08117    0.40778    0.98888    0.01854    0.00000
   0.46145    0.23726    0.98888    0.00741    0.00000
   0.56820    0.50185    0.97850    0.02317    0.00000
   0.81801    0.10936    0.82876    0.06209    0.00000
   0.40808    0.40454    0.99185    0.01205    0.00000
   0.38918    0.32715    0.98517    0.01854    0.00000
   0.40363    0.35820    0.98888    0.02502    0.00000
   0.42439    0.37071    0.99185    0.01112    0.00000
   0.41994    0.34940    0.99036    0.01112    0.00000
   0.42958    0.42122    0.99036    0.01576    0.00000
   0.47813    0.40732    0.97628    0.02132    0.00000
   0.32876    0.65153    0.98888    0.01668    0.00000
   0.33729    0.66404    0.98666    0.01390    0.00000
   0.29392    0.78777    0.98592    0.02224    0.00000
   0.27984    0.59917    0.99036    0.01390    0.00000
   0.26390    0.65060    0.98962    0.01483    0.00000
   0.29096    0.54958    0.99036    0.01297    0.00000
   0.31357    0.51946    0.99110    0.01205    0.00000
   0.31023    0.53661    0.99333    0.01112    0.00000
   0.08265    0.38971    0.98888    0.01205    0.00000
   0.19236    0.21409    0.99185    0.01297    0.00000
   0.06153    0.23865    0.98962    0.01390    0.00000
   0.31950    0.12743    0.98962    0.01390    0.00000
   0.59451    0.76460    0.77502    0.46154    1.00000
